Independent Variable - Plot	Dependent Variable - Plot
0	0
1	0.000354125
2	0.0014165
3	0.00318713
4	0.005666
5	0.00885313
6	0.0127485
7	0.0173521
8	0.022664
9	0.0286841
10	0.0354125
11	0.0428491
12	0.050994
13	0.0598472
14	0.0694085
15	0.0796782
16	0.090656
17	0.102342
18	0.114737
19	0.127839
20	0.14165
21	0.156169
22	0.171397
23	0.187332
24	0.203976
25	0.221328
26	0.239389
27	0.258157
28	0.277634
29	0.297819
30	0.318713
31	0.340314
32	0.362624
33	0.385642
34	0.409369
35	0.433803
36	0.458946
37	0.484797
38	0.511357
39	0.538624
40	0.5666
41	0.595284
42	0.624677
43	0.654777
44	0.685586
45	0.717103
46	0.749329
47	0.782263
48	0.815904
49	0.850255
50	0.885313
51	0.92108
52	0.957554
53	0.994738
54	1.03263
55	1.07123
56	1.11054
57	1.15055
58	1.19128
59	1.23271
60	1.27485
61	1.3177
62	1.36126
63	1.40552
64	1.4505
65	1.49618
66	1.54257
67	1.58967
68	1.63747
69	1.68599
70	1.73521
71	1.78515
72	1.83578
73	1.88713
74	1.93919
75	1.99195
76	2.04543
77	2.09961
78	2.1545
79	2.2101
80	2.2664
81	2.32342
82	2.38114
83	2.43957
84	2.49871
85	2.55855
86	2.61911
87	2.68037
88	2.74235
89	2.80503
90	2.86841
91	2.93251
92	2.99732
93	3.06283
94	3.12905
95	3.19598
96	3.26362
97	3.33196
98	3.40102
99	3.47078
100	3.54125
101	3.61243
102	3.68432
103	3.75691
104	3.83022
105	3.90423
106	3.97895
107	4.05438
108	4.13052
109	4.20736
110	4.28491
111	4.36318
112	4.44215
113	4.52182
114	4.60221
115	4.68331
116	4.76511
117	4.84762
118	4.93084
119	5.01477
120	5.0994
121	5.18475
122	5.2708
123	5.35756
124	5.44503
125	5.53321
126	5.62209
127	5.71168
128	5.80199
129	5.893
130	5.98472
131	6.07714
132	6.17028
133	6.26412
134	6.35867
135	6.45393
136	6.5499
137	6.64658
138	6.74396
139	6.84205
140	6.94085
141	7.04036
142	7.14058
143	7.24151
144	7.34314
145	7.44548
146	7.54853
147	7.65229
148	7.75676
149	7.86193
150	7.96782
151	8.07441
152	8.18171
153	8.28972
154	8.39843
155	8.50786
156	8.61799
157	8.72883
158	8.84038
159	8.95264
160	9.0656
161	9.17928
162	9.29366
163	9.40875
164	9.52455
165	9.64106
166	9.75827
167	9.8762
168	9.99483
169	10.1142
170	10.2342
171	10.355
172	10.4764
173	10.5986
174	10.7215
175	10.8451
176	10.9694
177	11.0944
178	11.2201
179	11.3465
180	11.4737
181	11.6015
182	11.73
183	11.8593
184	11.9893
185	12.1199
186	12.2513
187	12.3834
188	12.5162
189	12.6497
190	12.7839
191	12.9188
192	13.0545
193	13.1908
194	13.3279
195	13.4656
196	13.6041
197	13.7432
198	13.8831
199	14.0237
200	14.165
201	14.307
202	14.4497
203	14.5931
204	14.7373
205	14.8821
206	15.0277
207	15.1739
208	15.3209
209	15.4685
210	15.6169
211	15.766
212	15.9158
213	16.0663
214	16.2175
215	16.3694
216	16.5221
217	16.6754
218	16.8294
219	16.9842
220	17.1397
221	17.2958
222	17.4527
223	17.6103
224	17.7686
225	17.9276
226	18.0873
227	18.2477
228	18.4088
229	18.5707
230	18.7332
231	18.8965
232	19.0604
233	19.2251
234	19.3905
235	19.5566
236	19.7234
237	19.8909
238	20.0591
239	20.228
240	20.3976
241	20.5679
242	20.739
243	20.9107
244	21.0832
245	21.2564
246	21.4302
247	21.6048
248	21.7801
249	21.9561
250	22.1328
251	22.3102
252	22.4884
253	22.6672
254	22.8467
255	23.027
256	23.2079
257	23.3896
258	23.572
259	23.7551
260	23.9389
261	24.1234
262	24.3086
263	24.4945
264	24.6811
265	24.8684
266	25.0565
267	25.2452
268	25.4347
269	25.6249
270	25.8157
271	26.0073
272	26.1996
273	26.3926
274	26.5863
275	26.7807
276	26.9758
277	27.1717
278	27.3682
279	27.5655
280	27.7634
281	27.9621
282	28.1615
283	28.3615
284	28.5623
285	28.7638
286	28.966
287	29.1689
288	29.3726
289	29.5769
290	29.7819
291	29.9877
292	30.1941
293	30.4013
294	30.6092
295	30.8177
296	31.027
297	31.237
298	31.4477
299	31.6591
300	31.8713
301	32.0841
302	32.2976
303	32.5119
304	32.7268
305	32.9425
306	33.1589
307	33.3759
308	33.5937
309	33.8122
310	34.0314
311	34.2513
312	34.472
313	34.6933
314	34.9153
315	35.1381
316	35.3615
317	35.5857
318	35.8106
319	36.0361
320	36.2624
321	36.4894
322	36.7171
323	36.9455
324	37.1746
325	37.4045
326	37.635
327	37.8663
328	38.0982
329	38.3309
330	38.5642
331	38.7983
332	39.0331
333	39.2686
334	39.5048
335	39.7417
336	39.9793
337	40.2176
338	40.4567
339	40.6964
340	40.9369
341	41.178
342	41.4199
343	41.6625
344	41.9058
345	42.1497
346	42.3944
347	42.6399
348	42.886
349	43.1328
350	43.3803
351	43.6286
352	43.8775
353	44.1272
354	44.3776
355	44.6286
356	44.8804
357	45.1329
358	45.3861
359	45.64
360	45.8946
361	46.1499
362	46.406
363	46.6627
364	46.9202
365	47.1783
366	47.4372
367	47.6968
368	47.957
369	48.218
370	48.4797
371	48.7421
372	49.0053
373	49.2691
374	49.5336
375	49.7989
376	50.0648
377	50.3315
378	50.5988
379	50.8669
380	51.1357
381	51.4052
382	51.6754
383	51.9463
384	52.2179
385	52.4902
386	52.7632
387	53.037
388	53.3114
389	53.5866
390	53.8624
391	54.139
392	54.4163
393	54.6943
394	54.973
395	55.2524
396	55.5325
397	55.8133
398	56.0948
399	56.3771
400	56.66
401	56.9437
402	57.228
403	57.5131
404	57.7989
405	58.0854
406	58.3726
407	58.6605
408	58.9491
409	59.2384
410	59.5284
411	59.8192
412	60.1106
413	60.4028
414	60.6956
415	60.9892
416	61.2835
417	61.5785
418	61.8742
419	62.1706
420	62.4677
421	62.7655
422	63.064
423	63.3633
424	63.6632
425	63.9639
426	64.2652
427	64.5673
428	64.8701
429	65.1736
430	65.4777
431	65.7826
432	66.0883
433	66.3946
434	66.7016
435	67.0093
436	67.3178
437	67.6269
438	67.9368
439	68.2474
440	68.5586
441	68.8706
442	69.1833
443	69.4967
444	69.8108
445	70.1256
446	70.4412
447	70.7574
448	71.0743
449	71.392
450	71.7103
451	72.0294
452	72.3492
453	72.6697
454	72.9909
455	73.3128
456	73.6354
457	73.9587
458	74.2827
459	74.6074
460	74.9329
461	75.259
462	75.5859
463	75.9135
464	76.2417
465	76.5707
466	76.9004
467	77.2308
468	77.5619
469	77.8937
470	78.2263
471	78.5595
472	78.8934
473	79.2281
474	79.5634
475	79.8995
476	80.2363
477	80.5737
478	80.9119
479	81.2508
480	81.5904
481	81.9308
482	82.2718
483	82.6135
484	82.9559
485	83.2991
486	83.643
487	83.9875
488	84.3328
489	84.6788
490	85.0255
491	85.3729
492	85.721
493	86.0698
494	86.4193
495	86.7695
496	87.1205
497	87.4721
498	87.8245
499	88.1775
500	88.5313
501	88.8858
502	89.241
503	89.5969
504	89.9535
505	90.3108
506	90.6688
507	91.0275
508	91.387
509	91.7471
510	92.108
511	92.4695
512	92.8318
513	93.1948
514	93.5585
515	93.9229
516	94.288
517	94.6538
518	95.0203
519	95.3875
520	95.7554
521	96.1241
522	96.4934
523	96.8635
524	97.2343
525	97.6058
526	97.9779
527	98.3508
528	98.7244
529	99.0987
530	99.4738
531	99.8495
532	100.226
533	100.603
534	100.981
535	101.359
536	101.739
537	102.119
538	102.499
539	102.881
540	103.263
541	103.646
542	104.029
543	104.413
544	104.798
545	105.184
546	105.57
547	105.957
548	106.345
549	106.734
550	107.123
551	107.513
552	107.903
553	108.295
554	108.687
555	109.079
556	109.473
557	109.867
558	110.262
559	110.657
560	111.054
561	111.451
562	111.848
563	112.247
564	112.646
565	113.046
566	113.446
567	113.847
568	114.249
569	114.652
570	115.055
571	115.459
572	115.864
573	116.27
574	116.676
575	117.083
576	117.49
577	117.899
578	118.308
579	118.717
580	119.128
581	119.539
582	119.951
583	120.363
584	120.777
585	121.19
586	121.605
587	122.021
588	122.437
589	122.853
590	123.271
591	123.689
592	124.108
593	124.528
594	124.948
595	125.369
596	125.791
597	126.213
598	126.637
599	127.06
600	127.485
601	127.91
602	128.336
603	128.763
604	129.191
605	129.619
606	130.048
607	130.477
608	130.907
609	131.338
610	131.77
611	132.202
612	132.635
613	133.069
614	133.504
615	133.939
616	134.375
617	134.812
618	135.249
619	135.687
620	136.126
621	136.565
622	137.005
623	137.446
624	137.888
625	138.33
626	138.773
627	139.217
628	139.661
629	140.106
630	140.552
631	140.999
632	141.446
633	141.894
634	142.343
635	142.792
636	143.242
637	143.693
638	144.145
639	144.597
640	145.05
641	145.503
642	145.958
643	146.413
644	146.868
645	147.325
646	147.782
647	148.24
648	148.699
649	149.158
650	149.618
651	150.079
652	150.54
653	151.002
654	151.465
655	151.929
656	152.393
657	152.858
658	153.323
659	153.79
660	154.257
661	154.725
662	155.193
663	155.662
664	156.132
665	156.603
666	157.074
667	157.546
668	158.019
669	158.493
670	158.967
671	159.442
672	159.917
673	160.394
674	160.871
675	161.348
676	161.827
677	162.306
678	162.786
679	163.266
680	163.747
681	164.229
682	164.712
683	165.196
684	165.68
685	166.164
686	166.65
687	167.136
688	167.623
689	168.111
690	168.599
691	169.088
692	169.578
693	170.068
694	170.559
695	171.051
696	171.544
697	172.037
698	172.531
699	173.026
700	173.521
701	174.017
702	174.514
703	175.012
704	175.51
705	176.009
706	176.509
707	177.009
708	177.51
709	178.012
710	178.515
711	179.018
712	179.522
713	180.026
714	180.532
715	181.038
716	181.544
717	182.052
718	182.56
719	183.069
720	183.578
721	184.089
722	184.6
723	185.112
724	185.624
725	186.137
726	186.651
727	187.165
728	187.681
729	188.197
730	188.713
731	189.231
732	189.749
733	190.268
734	190.787
735	191.307
736	191.828
737	192.35
738	192.872
739	193.395
740	193.919
741	194.443
742	194.969
743	195.494
744	196.021
745	196.548
746	197.076
747	197.605
748	198.134
749	198.665
750	199.195
751	199.727
752	200.259
753	200.792
754	201.326
755	201.86
756	202.395
757	202.931
758	203.468
759	204.005
760	204.543
761	205.081
762	205.621
763	206.161
764	206.701
765	207.243
766	207.785
767	208.328
768	208.872
769	209.416
770	209.961
771	210.507
772	211.053
773	211.6
774	212.148
775	212.696
776	213.246
777	213.796
778	214.346
779	214.898
780	215.45
781	216.003
782	216.556
783	217.11
784	217.665
785	218.221
786	218.777
787	219.334
788	219.892
789	220.45
790	221.01
791	221.569
792	222.13
793	222.691
794	223.253
795	223.816
796	224.379
797	224.944
798	225.508
799	226.074
800	226.64
801	227.207
802	227.775
803	228.343
804	228.912
805	229.482
806	230.052
807	230.624
808	231.196
809	231.768
810	232.342
811	232.916
812	233.49
813	234.066
814	234.642
815	235.219
816	235.796
817	236.375
818	236.954
819	237.533
820	238.114
821	238.695
822	239.277
823	239.859
824	240.442
825	241.026
826	241.611
827	242.196
828	242.783
829	243.369
830	243.957
831	244.545
832	245.134
833	245.724
834	246.314
835	246.905
836	247.497
837	248.089
838	248.682
839	249.276
840	249.871
841	250.466
842	251.062
843	251.659
844	252.256
845	252.854
846	253.453
847	254.053
848	254.653
849	255.254
850	255.855
851	256.458
852	257.061
853	257.665
854	258.269
855	258.874
856	259.48
857	260.087
858	260.694
859	261.302
860	261.911
861	262.52
862	263.131
863	263.741
864	264.353
865	264.965
866	265.578
867	266.192
868	266.806
869	267.422
870	268.037
871	268.654
872	269.271
873	269.889
874	270.508
875	271.127
876	271.747
877	272.368
878	272.989
879	273.612
880	274.235
881	274.858
882	275.482
883	276.108
884	276.733
885	277.36
886	277.987
887	278.615
888	279.243
889	279.873
890	280.503
891	281.133
892	281.765
893	282.397
894	283.03
895	283.663
896	284.297
897	284.932
898	285.568
899	286.204
900	286.841
901	287.479
902	288.118
903	288.757
904	289.397
905	290.037
906	290.679
907	291.321
908	291.963
909	292.607
910	293.251
911	293.896
912	294.541
913	295.188
914	295.835
915	296.482
916	297.131
917	297.78
918	298.43
919	299.08
920	299.732
921	300.383
922	301.036
923	301.69
924	302.344
925	302.998
926	303.654
927	304.31
928	304.967
929	305.625
930	306.283
931	306.942
932	307.602
933	308.262
934	308.923
935	309.585
936	310.248
937	310.911
938	311.575
939	312.24
940	312.905
941	313.571
942	314.238
943	314.905
944	315.574
945	316.243
946	316.912
947	317.583
948	318.254
949	318.925
950	319.598
951	320.271
952	320.945
953	321.62
954	322.295
955	322.971
956	323.648
957	324.325
958	325.003
959	325.682
960	326.362
961	327.042
962	327.723
963	328.405
964	329.087
965	329.77
966	330.454
967	331.139
968	331.824
969	332.51
970	333.196
971	333.884
972	334.572
973	335.261
974	335.95
975	336.64
976	337.331
977	338.023
978	338.715
979	339.408
980	340.102
981	340.796
982	341.491
983	342.187
984	342.884
985	343.581
986	344.279
987	344.978
988	345.677
989	346.377
990	347.078
991	347.78
992	348.482
993	349.185
994	349.888
995	350.593
996	351.298
997	352.004
998	352.71
999	353.417
1000	354.125
1001	354.834
1002	355.543
1003	356.253
1004	356.964
1005	357.675
1006	358.387
1007	359.1
1008	359.814
1009	360.528
1010	361.243
1011	361.959
1012	362.675
1013	363.392
1014	364.11
1015	364.829
1016	365.548
1017	366.268
1018	366.988
1019	367.71
1020	368.432
1021	369.155
1022	369.878
1023	370.602
1024	371.327
1025	372.053
1026	372.779
1027	373.506
1028	374.234
1029	374.962
1030	375.691
1031	376.421
1032	377.152
1033	377.883
1034	378.615
1035	379.348
1036	380.081
1037	380.815
1038	381.55
1039	382.286
1040	383.022
1041	383.759
1042	384.496
1043	385.235
1044	385.974
1045	386.714
1046	387.454
1047	388.195
1048	388.937
1049	389.68
1050	390.423
1051	391.167
1052	391.912
1053	392.657
1054	393.403
1055	394.15
1056	394.898
1057	395.646
1058	396.395
1059	397.145
1060	397.895
1061	398.646
1062	399.398
1063	400.15
1064	400.904
1065	401.658
1066	402.412
1067	403.168
1068	403.924
1069	404.68
1070	405.438
1071	406.196
1072	406.955
1073	407.715
1074	408.475
1075	409.236
1076	409.998
1077	410.76
1078	411.523
1079	412.287
1080	413.052
1081	413.817
1082	414.583
1083	415.35
1084	416.117
1085	416.885
1086	417.654
1087	418.423
1088	419.194
1089	419.964
1090	420.736
1091	421.508
1092	422.282
1093	423.055
1094	423.83
1095	424.605
1096	425.381
1097	426.157
1098	426.935
1099	427.713
1100	428.491
1101	429.271
1102	430.051
1103	430.832
1104	431.613
1105	432.396
1106	433.179
1107	433.962
1108	434.747
1109	435.532
1110	436.318
1111	437.104
1112	437.891
1113	438.679
1114	439.468
1115	440.257
1116	441.047
1117	441.838
1118	442.63
1119	443.422
1120	444.215
1121	445.008
1122	445.803
1123	446.598
1124	447.393
1125	448.19
1126	448.987
1127	449.785
1128	450.583
1129	451.382
1130	452.182
1131	452.983
1132	453.785
1133	454.587
1134	455.389
1135	456.193
1136	456.997
1137	457.802
1138	458.608
1139	459.414
1140	460.221
1141	461.029
1142	461.837
1143	462.646
1144	463.456
1145	464.267
1146	465.078
1147	465.89
1148	466.703
1149	467.516
1150	468.331
1151	469.145
1152	469.961
1153	470.777
1154	471.594
1155	472.412
1156	473.23
1157	474.049
1158	474.869
1159	475.69
1160	476.511
1161	477.333
1162	478.155
1163	478.979
1164	479.803
1165	480.628
1166	481.453
1167	482.279
1168	483.106
1169	483.934
1170	484.762
1171	485.591
1172	486.421
1173	487.251
1174	488.082
1175	488.914
1176	489.747
1177	490.58
1178	491.414
1179	492.249
1180	493.084
1181	493.92
1182	494.757
1183	495.594
1184	496.433
1185	497.271
1186	498.111
1187	498.951
1188	499.792
1189	500.634
1190	501.477
1191	502.32
1192	503.164
1193	504.008
1194	504.854
1195	505.7
1196	506.546
1197	507.394
1198	508.242
1199	509.091
1200	509.94
1201	510.791
1202	511.641
1203	512.493
1204	513.346
1205	514.199
1206	515.052
1207	515.907
1208	516.762
1209	517.618
1210	518.475
1211	519.332
1212	520.19
1213	521.049
1214	521.908
1215	522.768
1216	523.629
1217	524.491
1218	525.353
1219	526.216
1220	527.08
1221	527.944
1222	528.809
1223	529.675
1224	530.542
1225	531.409
1226	532.277
1227	533.146
1228	534.015
1229	534.885
1230	535.756
1231	536.627
1232	537.5
1233	538.373
1234	539.246
1235	540.121
1236	540.996
1237	541.871
1238	542.748
1239	543.625
1240	544.503
1241	545.381
1242	546.261
1243	547.141
1244	548.021
1245	548.903
1246	549.785
1247	550.668
1248	551.551
1249	552.436
1250	553.321
1251	554.206
1252	555.093
1253	555.98
1254	556.868
1255	557.756
1256	558.645
1257	559.535
1258	560.426
1259	561.317
1260	562.209
1261	563.102
1262	563.995
1263	564.89
1264	565.784
1265	566.68
1266	567.576
1267	568.473
1268	569.371
1269	570.269
1270	571.168
1271	572.068
1272	572.969
1273	573.87
1274	574.772
1275	575.675
1276	576.578
1277	577.482
1278	578.387
1279	579.292
1280	580.199
1281	581.106
1282	582.013
1283	582.922
1284	583.831
1285	584.74
1286	585.651
1287	586.562
1288	587.474
1289	588.386
1290	589.3
1291	590.214
1292	591.128
1293	592.044
1294	592.96
1295	593.877
1296	594.794
1297	595.713
1298	596.632
1299	597.551
1300	598.472
1301	599.393
1302	600.314
1303	601.237
1304	602.16
1305	603.084
1306	604.009
1307	604.934
1308	605.86
1309	606.787
1310	607.714
1311	608.642
1312	609.571
1313	610.501
1314	611.431
1315	612.362
1316	613.294
1317	614.226
1318	615.159
1319	616.093
1320	617.028
1321	617.963
1322	618.899
1323	619.836
1324	620.773
1325	621.711
1326	622.65
1327	623.589
1328	624.529
1329	625.47
1330	626.412
1331	627.354
1332	628.297
1333	629.241
1334	630.186
1335	631.131
1336	632.077
1337	633.023
1338	633.97
1339	634.918
1340	635.867
1341	636.817
1342	637.767
1343	638.718
1344	639.669
1345	640.621
1346	641.574
1347	642.528
1348	643.482
1349	644.437
1350	645.393
1351	646.35
1352	647.307
1353	648.265
1354	649.223
1355	650.183
1356	651.143
1357	652.103
1358	653.065
1359	654.027
1360	654.99
1361	655.954
1362	656.918
1363	657.883
1364	658.848
1365	659.815
1366	660.782
1367	661.75
1368	662.718
1369	663.688
1370	664.658
1371	665.628
1372	666.6
1373	667.572
1374	668.544
1375	669.518
1376	670.492
1377	671.467
1378	672.443
1379	673.419
1380	674.396
1381	675.374
1382	676.352
1383	677.331
1384	678.311
1385	679.292
1386	680.273
1387	681.255
1388	682.238
1389	683.221
1390	684.205
1391	685.19
1392	686.176
1393	687.162
1394	688.149
1395	689.136
1396	690.125
1397	691.114
1398	692.104
1399	693.094
1400	694.085
1401	695.077
1402	696.07
1403	697.063
1404	698.057
1405	699.052
1406	700.047
1407	701.044
1408	702.04
1409	703.038
1410	704.036
1411	705.035
1412	706.035
1413	707.035
1414	708.036
1415	709.038
1416	710.041
1417	711.044
1418	712.048
1419	713.053
1420	714.058
1421	715.064
1422	716.071
1423	717.078
1424	718.087
1425	719.095
1426	720.105
1427	721.115
1428	722.126
1429	723.138
1430	724.151
1431	725.164
1432	726.178
1433	727.192
1434	728.207
1435	729.223
1436	730.24
1437	731.258
1438	732.276
1439	733.294
1440	734.314
1441	735.334
1442	736.355
1443	737.377
1444	738.399
1445	739.422
1446	740.446
1447	741.47
1448	742.496
1449	743.522
1450	744.548
1451	745.576
1452	746.604
1453	747.632
1454	748.662
1455	749.692
1456	750.723
1457	751.754
1458	752.787
1459	753.82
1460	754.853
1461	755.888
1462	756.923
1463	757.959
1464	758.995
1465	760.032
1466	761.07
1467	762.109
1468	763.148
1469	764.188
1470	765.229
1471	766.271
1472	767.313
1473	768.356
1474	769.399
1475	770.444
1476	771.489
1477	772.534
1478	773.581
1479	774.628
1480	775.676
1481	776.724
1482	777.774
1483	778.824
1484	779.874
1485	780.926
1486	781.978
1487	783.031
1488	784.084
1489	785.138
1490	786.193
1491	787.249
1492	788.305
1493	789.362
1494	790.42
1495	791.479
1496	792.538
1497	793.598
1498	794.658
1499	795.72
1500	796.782
1501	797.844
1502	798.908
1503	799.972
1504	801.037
1505	802.102
1506	803.169
1507	804.236
1508	805.303
1509	806.372
1510	807.441
1511	808.511
1512	809.581
1513	810.652
1514	811.724
1515	812.797
1516	813.87
1517	814.944
1518	816.019
1519	817.095
1520	818.171
1521	819.248
1522	820.325
1523	821.404
1524	822.483
1525	823.562
1526	824.643
1527	825.724
1528	826.806
1529	827.888
1530	828.972
1531	830.056
1532	831.14
1533	832.226
1534	833.312
1535	834.399
1536	835.486
1537	836.574
1538	837.663
1539	838.753
1540	839.843
1541	840.934
1542	842.026
1543	843.119
1544	844.212
1545	845.306
1546	846.4
1547	847.496
1548	848.592
1549	849.688
1550	850.786
1551	851.884
1552	852.983
1553	854.082
1554	855.183
1555	856.284
1556	857.385
1557	858.488
1558	859.591
1559	860.695
1560	861.799
1561	862.904
1562	864.01
1563	865.117
1564	866.224
1565	867.332
1566	868.441
1567	869.55
1568	870.661
1569	871.772
1570	872.883
1571	873.995
1572	875.108
1573	876.222
1574	877.337
1575	878.452
1576	879.568
1577	880.684
1578	881.801
1579	882.919
1580	884.038
1581	885.157
1582	886.278
1583	887.398
1584	888.52
1585	889.642
1586	890.765
1587	891.889
1588	893.013
1589	894.138
1590	895.264
1591	896.39
1592	897.518
1593	898.645
1594	899.774
1595	900.903
1596	902.033
1597	903.164
1598	904.295
1599	905.428
1600	906.56
1601	907.694
1602	908.828
1603	909.963
1604	911.099
1605	912.235
1606	913.372
1607	914.51
1608	915.649
1609	916.788
1610	917.928
1611	919.069
1612	920.21
1613	921.352
1614	922.495
1615	923.638
1616	924.782
1617	925.927
1618	927.073
1619	928.219
1620	929.366
1621	930.514
1622	931.662
1623	932.811
1624	933.961
1625	935.112
1626	936.263
1627	937.415
1628	938.568
1629	939.721
1630	940.875
1631	942.03
1632	943.185
1633	944.342
1634	945.499
1635	946.656
1636	947.815
1637	948.974
1638	950.133
1639	951.294
1640	952.455
1641	953.617
1642	954.78
1643	955.943
1644	957.107
1645	958.272
1646	959.437
1647	960.603
1648	961.77
1649	962.938
1650	964.106
1651	965.275
1652	966.444
1653	967.615
1654	968.786
1655	969.958
1656	971.13
1657	972.303
1658	973.477
1659	974.652
1660	975.827
1661	977.003
1662	978.18
1663	979.358
1664	980.536
1665	981.715
1666	982.894
1667	984.075
1668	985.256
1669	986.437
1670	987.62
1671	988.803
1672	989.987
1673	991.171
1674	992.356
1675	993.542
1676	994.729
1677	995.917
1678	997.105
1679	998.293
1680	999.483
1681	1000.67
1682	1001.86
1683	1003.06
1684	1004.25
1685	1005.44
1686	1006.63
1687	1007.83
1688	1009.02
1689	1010.22
1690	1011.42
1691	1012.61
1692	1013.81
1693	1015.01
1694	1016.21
1695	1017.41
1696	1018.61
1697	1019.81
1698	1021.02
1699	1022.22
1700	1023.42
1701	1024.63
1702	1025.83
1703	1027.04
1704	1028.24
1705	1029.45
1706	1030.66
1707	1031.87
1708	1033.08
1709	1034.29
1710	1035.5
1711	1036.71
1712	1037.92
1713	1039.13
1714	1040.35
1715	1041.56
1716	1042.78
1717	1043.99
1718	1045.21
1719	1046.43
1720	1047.64
1721	1048.86
1722	1050.08
1723	1051.3
1724	1052.52
1725	1053.74
1726	1054.97
1727	1056.19
1728	1057.41
1729	1058.64
1730	1059.86
1731	1061.09
1732	1062.31
1733	1063.54
1734	1064.77
1735	1066
1736	1067.23
1737	1068.46
1738	1069.69
1739	1070.92
1740	1072.15
1741	1073.38
1742	1074.62
1743	1075.85
1744	1077.08
1745	1078.32
1746	1079.56
1747	1080.79
1748	1082.03
1749	1083.27
1750	1084.51
1751	1085.75
1752	1086.99
1753	1088.23
1754	1089.47
1755	1090.71
1756	1091.96
1757	1093.2
1758	1094.45
1759	1095.69
1760	1096.94
1761	1098.19
1762	1099.43
1763	1100.68
1764	1101.93
1765	1103.18
1766	1104.43
1767	1105.68
1768	1106.93
1769	1108.19
1770	1109.44
1771	1110.69
1772	1111.95
1773	1113.2
1774	1114.46
1775	1115.72
1776	1116.97
1777	1118.23
1778	1119.49
1779	1120.75
1780	1122.01
1781	1123.27
1782	1124.53
1783	1125.8
1784	1127.06
1785	1128.32
1786	1129.59
1787	1130.85
1788	1132.12
1789	1133.39
1790	1134.65
1791	1135.92
1792	1137.19
1793	1138.46
1794	1139.73
1795	1141
1796	1142.27
1797	1143.54
1798	1144.82
1799	1146.09
1800	1147.37
1801	1148.64
1802	1149.92
1803	1151.19
1804	1152.47
1805	1153.75
1806	1155.03
1807	1156.31
1808	1157.59
1809	1158.87
1810	1160.15
1811	1161.43
1812	1162.71
1813	1164
1814	1165.28
1815	1166.57
1816	1167.85
1817	1169.14
1818	1170.43
1819	1171.72
1820	1173
1821	1174.29
1822	1175.58
1823	1176.87
1824	1178.17
1825	1179.46
1826	1180.75
1827	1182.04
1828	1183.34
1829	1184.63
1830	1185.93
1831	1187.23
1832	1188.52
1833	1189.82
1834	1191.12
1835	1192.42
1836	1193.72
1837	1195.02
1838	1196.32
1839	1197.62
1840	1198.93
1841	1200.23
1842	1201.53
1843	1202.84
1844	1204.14
1845	1205.45
1846	1206.76
1847	1208.07
1848	1209.37
1849	1210.68
1850	1211.99
1851	1213.3
1852	1214.62
1853	1215.93
1854	1217.24
1855	1218.55
1856	1219.87
1857	1221.18
1858	1222.5
1859	1223.81
1860	1225.13
1861	1226.45
1862	1227.77
1863	1229.09
1864	1230.41
1865	1231.73
1866	1233.05
1867	1234.37
1868	1235.69
1869	1237.02
1870	1238.34
1871	1239.67
1872	1240.99
1873	1242.32
1874	1243.64
1875	1244.97
1876	1246.3
1877	1247.63
1878	1248.96
1879	1250.29
1880	1251.62
1881	1252.95
1882	1254.28
1883	1255.62
1884	1256.95
1885	1258.29
1886	1259.62
1887	1260.96
1888	1262.29
1889	1263.63
1890	1264.97
1891	1266.31
1892	1267.65
1893	1268.99
1894	1270.33
1895	1271.67
1896	1273.01
1897	1274.36
1898	1275.7
1899	1277.05
1900	1278.39
1901	1279.74
1902	1281.08
1903	1282.43
1904	1283.78
1905	1285.13
1906	1286.48
1907	1287.83
1908	1289.18
1909	1290.53
1910	1291.88
1911	1293.24
1912	1294.59
1913	1295.95
1914	1297.3
1915	1298.66
1916	1300.01
1917	1301.37
1918	1302.73
1919	1304.09
1920	1305.45
1921	1306.81
1922	1308.17
1923	1309.53
1924	1310.89
1925	1312.26
1926	1313.62
1927	1314.98
1928	1316.35
1929	1317.71
1930	1319.08
1931	1320.45
1932	1321.82
1933	1323.18
1934	1324.55
1935	1325.92
1936	1327.3
1937	1328.67
1938	1330.04
1939	1331.41
1940	1332.79
1941	1334.16
1942	1335.53
1943	1336.91
1944	1338.29
1945	1339.66
1946	1341.04
1947	1342.42
1948	1343.8
1949	1345.18
1950	1346.56
1951	1347.94
1952	1349.32
1953	1350.71
1954	1352.09
1955	1353.48
1956	1354.86
1957	1356.25
1958	1357.63
1959	1359.02
1960	1360.41
1961	1361.8
1962	1363.19
1963	1364.57
1964	1365.97
1965	1367.36
1966	1368.75
1967	1370.14
1968	1371.54
1969	1372.93
1970	1374.32
1971	1375.72
1972	1377.12
1973	1378.51
1974	1379.91
1975	1381.31
1976	1382.71
1977	1384.11
1978	1385.51
1979	1386.91
1980	1388.31
1981	1389.72
1982	1391.12
1983	1392.52
1984	1393.93
1985	1395.33
1986	1396.74
1987	1398.15
1988	1399.55
1989	1400.96
1990	1402.37
1991	1403.78
1992	1405.19
1993	1406.6
1994	1408.01
1995	1409.43
1996	1410.84
1997	1412.25
1998	1413.67
1999	1415.08
2000	1416.5
2001	1417.92
2002	1419.34
2003	1420.75
2004	1422.17
2005	1423.59
2006	1425.01
2007	1426.43
2008	1427.86
2009	1429.28
2010	1430.7
2011	1432.13
2012	1433.55
2013	1434.98
2014	1436.4
2015	1437.83
2016	1439.26
2017	1440.68
2018	1442.11
2019	1443.54
2020	1444.97
2021	1446.4
2022	1447.84
2023	1449.27
2024	1450.7
2025	1452.13
2026	1453.57
2027	1455
2028	1456.44
2029	1457.88
2030	1459.31
2031	1460.75
2032	1462.19
2033	1463.63
2034	1465.07
2035	1466.51
2036	1467.95
2037	1469.4
2038	1470.84
2039	1472.28
2040	1473.73
2041	1475.17
2042	1476.62
2043	1478.07
2044	1479.51
2045	1480.96
2046	1482.41
2047	1483.86
2048	1485.31
2049	1486.76
2050	1488.21
2051	1489.66
2052	1491.12
2053	1492.57
2054	1494.02
2055	1495.48
2056	1496.94
2057	1498.39
2058	1499.85
2059	1501.31
2060	1502.77
2061	1504.22
2062	1505.69
2063	1507.15
2064	1508.61
2065	1510.07
2066	1511.53
2067	1513
2068	1514.46
2069	1515.93
2070	1517.39
2071	1518.86
2072	1520.32
2073	1521.79
2074	1523.26
2075	1524.73
2076	1526.2
2077	1527.67
2078	1529.14
2079	1530.61
2080	1532.09
2081	1533.56
2082	1535.03
2083	1536.51
2084	1537.99
2085	1539.46
2086	1540.94
2087	1542.42
2088	1543.9
2089	1545.37
2090	1546.85
2091	1548.33
2092	1549.82
2093	1551.3
2094	1552.78
2095	1554.26
2096	1555.75
2097	1557.23
2098	1558.72
2099	1560.21
2100	1561.69
2101	1563.18
2102	1564.67
2103	1566.16
2104	1567.65
2105	1569.14
2106	1570.63
2107	1572.12
2108	1573.61
2109	1575.11
2110	1576.6
2111	1578.1
2112	1579.59
2113	1581.09
2114	1582.58
2115	1584.08
2116	1585.58
2117	1587.08
2118	1588.58
2119	1590.08
2120	1591.58
2121	1593.08
2122	1594.58
2123	1596.09
2124	1597.59
2125	1599.1
2126	1600.6
2127	1602.11
2128	1603.61
2129	1605.12
2130	1606.63
2131	1608.14
2132	1609.65
2133	1611.16
2134	1612.67
2135	1614.18
2136	1615.69
2137	1617.21
2138	1618.72
2139	1620.24
2140	1621.75
2141	1623.27
2142	1624.78
2143	1626.3
2144	1627.82
2145	1629.34
2146	1630.86
2147	1632.38
2148	1633.9
2149	1635.42
2150	1636.94
2151	1638.47
2152	1639.99
2153	1641.52
2154	1643.04
2155	1644.57
2156	1646.09
2157	1647.62
2158	1649.15
2159	1650.68
2160	1652.21
2161	1653.74
2162	1655.27
2163	1656.8
2164	1658.33
2165	1659.86
2166	1661.4
2167	1662.93
2168	1664.47
2169	1666
2170	1667.54
2171	1669.08
2172	1670.62
2173	1672.15
2174	1673.69
2175	1675.23
2176	1676.77
2177	1678.32
2178	1679.86
2179	1681.4
2180	1682.94
2181	1684.49
2182	1686.03
2183	1687.58
2184	1689.13
2185	1690.67
2186	1692.22
2187	1693.77
2188	1695.32
2189	1696.87
2190	1698.42
2191	1699.97
2192	1701.52
2193	1703.08
2194	1704.63
2195	1706.18
2196	1707.74
2197	1709.29
2198	1710.85
2199	1712.41
2200	1713.97
2201	1715.52
2202	1717.08
2203	1718.64
2204	1720.2
2205	1721.77
2206	1723.33
2207	1724.89
2208	1726.45
2209	1728.02
2210	1729.58
2211	1731.15
2212	1732.71
2213	1734.28
2214	1735.85
2215	1737.42
2216	1738.99
2217	1740.56
2218	1742.13
2219	1743.7
2220	1745.27
2221	1746.84
2222	1748.42
2223	1749.99
2224	1751.57
2225	1753.14
2226	1754.72
2227	1756.29
2228	1757.87
2229	1759.45
2230	1761.03
2231	1762.61
2232	1764.19
2233	1765.77
2234	1767.35
2235	1768.93
2236	1770.52
2237	1772.1
2238	1773.69
2239	1775.27
2240	1776.86
2241	1778.45
2242	1780.03
2243	1781.62
2244	1783.21
2245	1784.8
2246	1786.39
2247	1787.98
2248	1789.57
2249	1791.17
2250	1792.76
2251	1794.35
2252	1795.95
2253	1797.54
2254	1799.14
2255	1800.74
2256	1802.33
2257	1803.93
2258	1805.53
2259	1807.13
2260	1808.73
2261	1810.33
2262	1811.93
2263	1813.53
2264	1815.14
2265	1816.74
2266	1818.35
2267	1819.95
2268	1821.56
2269	1823.16
2270	1824.77
2271	1826.38
2272	1827.99
2273	1829.6
2274	1831.21
2275	1832.82
2276	1834.43
2277	1836.04
2278	1837.66
2279	1839.27
2280	1840.88
2281	1842.5
2282	1844.12
2283	1845.73
2284	1847.35
2285	1848.97
2286	1850.59
2287	1852.21
2288	1853.83
2289	1855.45
2290	1857.07
2291	1858.69
2292	1860.31
2293	1861.94
2294	1863.56
2295	1865.19
2296	1866.81
2297	1868.44
2298	1870.07
2299	1871.69
2300	1873.32
2301	1874.95
2302	1876.58
2303	1878.21
2304	1879.84
2305	1881.48
2306	1883.11
2307	1884.74
2308	1886.38
2309	1888.01
2310	1889.65
2311	1891.28
2312	1892.92
2313	1894.56
2314	1896.2
2315	1897.84
2316	1899.48
2317	1901.12
2318	1902.76
2319	1904.4
2320	1906.04
2321	1907.69
2322	1909.33
2323	1910.98
2324	1912.62
2325	1914.27
2326	1915.91
2327	1917.56
2328	1919.21
2329	1920.86
2330	1922.51
2331	1924.16
2332	1925.81
2333	1927.46
2334	1929.12
2335	1930.77
2336	1932.42
2337	1934.08
2338	1935.73
2339	1937.39
2340	1939.05
2341	1940.71
2342	1942.36
2343	1944.02
2344	1945.68
2345	1947.34
2346	1949
2347	1950.67
2348	1952.33
2349	1953.99
2350	1955.66
2351	1957.32
2352	1958.99
2353	1960.65
2354	1962.32
2355	1963.99
2356	1965.66
2357	1967.32
2358	1968.99
2359	1970.66
2360	1972.34
2361	1974.01
2362	1975.68
2363	1977.35
2364	1979.03
2365	1980.7
2366	1982.38
2367	1984.05
2368	1985.73
2369	1987.41
2370	1989.09
2371	1990.76
2372	1992.44
2373	1994.12
2374	1995.81
2375	1997.49
2376	1999.17
2377	2000.85
2378	2002.54
2379	2004.22
2380	2005.91
2381	2007.59
2382	2009.28
2383	2010.97
2384	2012.65
2385	2014.34
2386	2016.03
2387	2017.72
2388	2019.41
2389	2021.11
2390	2022.8
2391	2024.49
2392	2026.19
2393	2027.88
2394	2029.57
2395	2031.27
2396	2032.97
2397	2034.66
2398	2036.36
2399	2038.06
2400	2039.76
2401	2041.46
2402	2043.16
2403	2044.86
2404	2046.57
2405	2048.27
2406	2049.97
2407	2051.68
2408	2053.38
2409	2055.09
2410	2056.79
2411	2058.5
2412	2060.21
2413	2061.92
2414	2063.63
2415	2065.34
2416	2067.05
2417	2068.76
2418	2070.47
2419	2072.19
2420	2073.9
2421	2075.61
2422	2077.33
2423	2079.04
2424	2080.76
2425	2082.48
2426	2084.2
2427	2085.91
2428	2087.63
2429	2089.35
2430	2091.07
2431	2092.8
2432	2094.52
2433	2096.24
2434	2097.96
2435	2099.69
2436	2101.41
2437	2103.14
2438	2104.86
2439	2106.59
2440	2108.32
2441	2110.05
2442	2111.78
2443	2113.51
2444	2115.24
2445	2116.97
2446	2118.7
2447	2120.43
2448	2122.17
2449	2123.9
2450	2125.64
2451	2127.37
2452	2129.11
2453	2130.85
2454	2132.58
2455	2134.32
2456	2136.06
2457	2137.8
2458	2139.54
2459	2141.28
2460	2143.02
2461	2144.77
2462	2146.51
2463	2148.25
2464	2150
2465	2151.74
2466	2153.49
2467	2155.24
2468	2156.98
2469	2158.73
2470	2160.48
2471	2162.23
2472	2163.98
2473	2165.73
2474	2167.49
2475	2169.24
2476	2170.99
2477	2172.75
2478	2174.5
2479	2176.26
2480	2178.01
2481	2179.77
2482	2181.53
2483	2183.28
2484	2185.04
2485	2186.8
2486	2188.56
2487	2190.32
2488	2192.09
2489	2193.85
2490	2195.61
2491	2197.38
2492	2199.14
2493	2200.91
2494	2202.67
2495	2204.44
2496	2206.21
2497	2207.97
2498	2209.74
2499	2211.51
2500	2213.28
