Independent Variable - Plot	Dependent Variable - Plot
0	0
1	0.000593615
2	0.00237446
3	0.00534253
4	0.00949784
5	0.0148404
6	0.0213701
7	0.0290871
8	0.0379914
9	0.0480828
10	0.0593615
11	0.0718274
12	0.0854806
13	0.100321
14	0.116349
15	0.133563
16	0.151965
17	0.171555
18	0.192331
19	0.214295
20	0.237446
21	0.261784
22	0.28731
23	0.314022
24	0.341922
25	0.371009
26	0.401284
27	0.432745
28	0.465394
29	0.49923
30	0.534253
31	0.570464
32	0.607862
33	0.646447
34	0.686219
35	0.727178
36	0.769325
37	0.812659
38	0.85718
39	0.902888
40	0.949784
41	0.997867
42	1.04714
43	1.09759
44	1.14924
45	1.20207
46	1.25609
47	1.3113
48	1.36769
49	1.42527
50	1.48404
51	1.54399
52	1.60513
53	1.66746
54	1.73098
55	1.79569
56	1.86158
57	1.92866
58	1.99692
59	2.06637
60	2.13701
61	2.20884
62	2.28186
63	2.35606
64	2.43145
65	2.50802
66	2.58579
67	2.66474
68	2.74488
69	2.8262
70	2.90871
71	2.99241
72	3.0773
73	3.16337
74	3.25064
75	3.33908
76	3.42872
77	3.51954
78	3.61155
79	3.70475
80	3.79914
81	3.89471
82	3.99147
83	4.08941
84	4.18855
85	4.28887
86	4.39038
87	4.49307
88	4.59695
89	4.70202
90	4.80828
91	4.91573
92	5.02436
93	5.13418
94	5.24518
95	5.35738
96	5.47076
97	5.58532
98	5.70108
99	5.81802
100	5.93615
101	6.05547
102	6.17597
103	6.29766
104	6.42054
105	6.54461
106	6.66986
107	6.7963
108	6.92392
109	7.05274
110	7.18274
111	7.31393
112	7.44631
113	7.57987
114	7.71462
115	7.85056
116	7.98768
117	8.126
118	8.26549
119	8.40618
120	8.54806
121	8.69112
122	8.83537
123	8.9808
124	9.12742
125	9.27523
126	9.42423
127	9.57442
128	9.72579
129	9.87835
130	10.0321
131	10.187
132	10.3431
133	10.5005
134	10.659
135	10.8186
136	10.9795
137	11.1416
138	11.3048
139	11.4692
140	11.6349
141	11.8017
142	11.9697
143	12.1388
144	12.3092
145	12.4808
146	12.6535
147	12.8274
148	13.0025
149	13.1788
150	13.3563
151	13.535
152	13.7149
153	13.8959
154	14.0782
155	14.2616
156	14.4462
157	14.632
158	14.819
159	15.0072
160	15.1965
161	15.3871
162	15.5788
163	15.7718
164	15.9659
165	16.1612
166	16.3577
167	16.5553
168	16.7542
169	16.9542
170	17.1555
171	17.3579
172	17.5615
173	17.7663
174	17.9723
175	18.1795
176	18.3878
177	18.5974
178	18.8081
179	19.02
180	19.2331
181	19.4474
182	19.6629
183	19.8796
184	20.0974
185	20.3165
186	20.5367
187	20.7581
188	20.9807
189	21.2045
190	21.4295
191	21.6557
192	21.883
193	22.1116
194	22.3413
195	22.5722
196	22.8043
197	23.0376
198	23.2721
199	23.5077
200	23.7446
201	23.9826
202	24.2219
203	24.4623
204	24.7039
205	24.9467
206	25.1906
207	25.4358
208	25.6822
209	25.9297
210	26.1784
211	26.4283
212	26.6794
213	26.9317
214	27.1852
215	27.4399
216	27.6957
217	27.9527
218	28.211
219	28.4704
220	28.731
221	28.9927
222	29.2557
223	29.5199
224	29.7852
225	30.0518
226	30.3195
227	30.5884
228	30.8585
229	31.1298
230	31.4022
231	31.6759
232	31.9507
233	32.2268
234	32.504
235	32.7824
236	33.062
237	33.3428
238	33.6247
239	33.9079
240	34.1922
241	34.4778
242	34.7645
243	35.0524
244	35.3415
245	35.6317
246	35.9232
247	36.2159
248	36.5097
249	36.8047
250	37.1009
251	37.3983
252	37.6969
253	37.9967
254	38.2977
255	38.5998
256	38.9032
257	39.2077
258	39.5134
259	39.8203
260	40.1284
261	40.4376
262	40.7481
263	41.0598
264	41.3726
265	41.6866
266	42.0018
267	42.3182
268	42.6358
269	42.9546
270	43.2745
271	43.5957
272	43.918
273	44.2415
274	44.5662
275	44.8921
276	45.2192
277	45.5475
278	45.8769
279	46.2076
280	46.5394
281	46.8724
282	47.2066
283	47.542
284	47.8786
285	48.2164
286	48.5553
287	48.8955
288	49.2368
289	49.5793
290	49.923
291	50.2679
292	50.614
293	50.9613
294	51.3097
295	51.6593
296	52.0102
297	52.3622
298	52.7154
299	53.0698
300	53.4253
301	53.7821
302	54.1401
303	54.4992
304	54.8595
305	55.221
306	55.5837
307	55.9476
308	56.3127
309	56.679
310	57.0464
311	57.415
312	57.7849
313	58.1559
314	58.5281
315	58.9014
316	59.276
317	59.6518
318	60.0287
319	60.4069
320	60.7862
321	61.1667
322	61.5484
323	61.9313
324	62.3153
325	62.7006
326	63.087
327	63.4747
328	63.8635
329	64.2535
330	64.6447
331	65.037
332	65.4306
333	65.8254
334	66.2213
335	66.6184
336	67.0168
337	67.4163
338	67.8169
339	68.2188
340	68.6219
341	69.0261
342	69.4316
343	69.8382
344	70.246
345	70.655
346	71.0652
347	71.4766
348	71.8891
349	72.3029
350	72.7178
351	73.134
352	73.5513
353	73.9698
354	74.3895
355	74.8103
356	75.2324
357	75.6556
358	76.0801
359	76.5057
360	76.9325
361	77.3605
362	77.7897
363	78.2201
364	78.6516
365	79.0844
366	79.5183
367	79.9534
368	80.3897
369	80.8272
370	81.2659
371	81.7058
372	82.1468
373	82.5891
374	83.0325
375	83.4771
376	83.9229
377	84.3699
378	84.8181
379	85.2674
380	85.718
381	86.1697
382	86.6227
383	87.0768
384	87.5321
385	87.9886
386	88.4463
387	88.9051
388	89.3652
389	89.8264
390	90.2888
391	90.7524
392	91.2173
393	91.6832
394	92.1504
395	92.6188
396	93.0883
397	93.5591
398	94.031
399	94.5041
400	94.9784
401	95.4539
402	95.9306
403	96.4084
404	96.8875
405	97.3677
406	97.8491
407	98.3317
408	98.8155
409	99.3005
410	99.7867
411	100.274
412	100.763
413	101.252
414	101.743
415	102.235
416	102.729
417	103.223
418	103.719
419	104.216
420	104.714
421	105.213
422	105.713
423	106.215
424	106.718
425	107.222
426	107.727
427	108.233
428	108.741
429	109.249
430	109.759
431	110.271
432	110.783
433	111.296
434	111.811
435	112.327
436	112.844
437	113.362
438	113.881
439	114.402
440	114.924
441	115.447
442	115.971
443	116.496
444	117.023
445	117.551
446	118.08
447	118.61
448	119.141
449	119.673
450	120.207
451	120.742
452	121.278
453	121.815
454	122.354
455	122.893
456	123.434
457	123.976
458	124.519
459	125.063
460	125.609
461	126.156
462	126.704
463	127.253
464	127.803
465	128.354
466	128.907
467	129.461
468	130.016
469	130.572
470	131.13
471	131.688
472	132.248
473	132.809
474	133.371
475	133.934
476	134.499
477	135.065
478	135.632
479	136.2
480	136.769
481	137.339
482	137.911
483	138.484
484	139.058
485	139.633
486	140.209
487	140.787
488	141.366
489	141.946
490	142.527
491	143.109
492	143.693
493	144.278
494	144.863
495	145.451
496	146.039
497	146.628
498	147.219
499	147.811
500	148.404
501	148.998
502	149.593
503	150.19
504	150.788
505	151.387
506	151.987
507	152.588
508	153.191
509	153.794
510	154.399
511	155.005
512	155.613
513	156.221
514	156.831
515	157.442
516	158.054
517	158.667
518	159.281
519	159.897
520	160.513
521	161.131
522	161.751
523	162.371
524	162.992
525	163.615
526	164.239
527	164.864
528	165.49
529	166.118
530	166.746
531	167.376
532	168.007
533	168.639
534	169.273
535	169.907
536	170.543
537	171.18
538	171.818
539	172.458
540	173.098
541	173.74
542	174.383
543	175.027
544	175.672
545	176.318
546	176.966
547	177.615
548	178.265
549	178.916
550	179.569
551	180.222
552	180.877
553	181.533
554	182.19
555	182.848
556	183.508
557	184.168
558	184.83
559	185.493
560	186.158
561	186.823
562	187.49
563	188.158
564	188.827
565	189.497
566	190.168
567	190.841
568	191.514
569	192.189
570	192.866
571	193.543
572	194.221
573	194.901
574	195.582
575	196.264
576	196.947
577	197.632
578	198.317
579	199.004
580	199.692
581	200.381
582	201.072
583	201.763
584	202.456
585	203.15
586	203.845
587	204.541
588	205.239
589	205.937
590	206.637
591	207.338
592	208.041
593	208.744
594	209.449
595	210.155
596	210.862
597	211.57
598	212.279
599	212.99
600	213.701
601	214.414
602	215.128
603	215.844
604	216.56
605	217.278
606	217.997
607	218.717
608	219.438
609	220.161
610	220.884
611	221.609
612	222.335
613	223.062
614	223.79
615	224.52
616	225.251
617	225.983
618	226.716
619	227.45
620	228.186
621	228.922
622	229.66
623	230.399
624	231.139
625	231.881
626	232.623
627	233.367
628	234.112
629	234.858
630	235.606
631	236.354
632	237.104
633	237.855
634	238.607
635	239.36
636	240.115
637	240.871
638	241.627
639	242.385
640	243.145
641	243.905
642	244.667
643	245.43
644	246.193
645	246.959
646	247.725
647	248.493
648	249.261
649	250.031
650	250.802
651	251.575
652	252.348
653	253.123
654	253.899
655	254.676
656	255.454
657	256.233
658	257.014
659	257.796
660	258.579
661	259.363
662	260.148
663	260.935
664	261.722
665	262.511
666	263.301
667	264.093
668	264.885
669	265.679
670	266.474
671	267.27
672	268.067
673	268.865
674	269.665
675	270.466
676	271.268
677	272.071
678	272.875
679	273.681
680	274.488
681	275.295
682	276.105
683	276.915
684	277.726
685	278.539
686	279.353
687	280.168
688	280.984
689	281.801
690	282.62
691	283.44
692	284.261
693	285.083
694	285.906
695	286.731
696	287.557
697	288.383
698	289.212
699	290.041
700	290.871
701	291.703
702	292.536
703	293.37
704	294.205
705	295.041
706	295.879
707	296.718
708	297.558
709	298.399
710	299.241
711	300.085
712	300.93
713	301.775
714	302.623
715	303.471
716	304.32
717	305.171
718	306.023
719	306.876
720	307.73
721	308.585
722	309.442
723	310.3
724	311.159
725	312.019
726	312.88
727	313.743
728	314.606
729	315.471
730	316.337
731	317.205
732	318.073
733	318.943
734	319.814
735	320.686
736	321.559
737	322.433
738	323.309
739	324.186
740	325.064
741	325.943
742	326.823
743	327.705
744	328.587
745	329.471
746	330.356
747	331.242
748	332.13
749	333.019
750	333.908
751	334.799
752	335.692
753	336.585
754	337.48
755	338.375
756	339.272
757	340.17
758	341.07
759	341.97
760	342.872
761	343.775
762	344.679
763	345.584
764	346.491
765	347.398
766	348.307
767	349.217
768	350.128
769	351.041
770	351.954
771	352.869
772	353.785
773	354.702
774	355.62
775	356.54
776	357.461
777	358.383
778	359.306
779	360.23
780	361.155
781	362.082
782	363.01
783	363.939
784	364.869
785	365.8
786	366.733
787	367.667
788	368.602
789	369.538
790	370.475
791	371.414
792	372.353
793	373.294
794	374.236
795	375.18
796	376.124
797	377.07
798	378.016
799	378.964
800	379.914
801	380.864
802	381.816
803	382.768
804	383.722
805	384.677
806	385.634
807	386.591
808	387.55
809	388.51
810	389.471
811	390.433
812	391.396
813	392.361
814	393.327
815	394.294
816	395.262
817	396.231
818	397.202
819	398.174
820	399.147
821	400.121
822	401.096
823	402.073
824	403.05
825	404.029
826	405.009
827	405.99
828	406.973
829	407.957
830	408.941
831	409.927
832	410.915
833	411.903
834	412.892
835	413.883
836	414.875
837	415.868
838	416.863
839	417.858
840	418.855
841	419.853
842	420.852
843	421.852
844	422.853
845	423.856
846	424.86
847	425.865
848	426.871
849	427.878
850	428.887
851	429.897
852	430.907
853	431.92
854	432.933
855	433.947
856	434.963
857	435.98
858	436.998
859	438.017
860	439.038
861	440.059
862	441.082
863	442.106
864	443.131
865	444.158
866	445.185
867	446.214
868	447.244
869	448.275
870	449.307
871	450.341
872	451.375
873	452.411
874	453.448
875	454.486
876	455.526
877	456.566
878	457.608
879	458.651
880	459.695
881	460.741
882	461.787
883	462.835
884	463.884
885	464.934
886	465.985
887	467.038
888	468.092
889	469.146
890	470.202
891	471.26
892	472.318
893	473.378
894	474.438
895	475.5
896	476.564
897	477.628
898	478.693
899	479.76
900	480.828
901	481.897
902	482.968
903	484.039
904	485.112
905	486.185
906	487.261
907	488.337
908	489.414
909	490.493
910	491.573
911	492.654
912	493.736
913	494.819
914	495.904
915	496.989
916	498.076
917	499.164
918	500.254
919	501.344
920	502.436
921	503.529
922	504.623
923	505.718
924	506.814
925	507.912
926	509.011
927	510.111
928	511.212
929	512.314
930	513.418
931	514.522
932	515.628
933	516.735
934	517.844
935	518.953
936	520.064
937	521.176
938	522.289
939	523.403
940	524.518
941	525.635
942	526.753
943	527.872
944	528.992
945	530.113
946	531.236
947	532.359
948	533.484
949	534.61
950	535.738
951	536.866
952	537.996
953	539.126
954	540.258
955	541.392
956	542.526
957	543.662
958	544.798
959	545.936
960	547.076
961	548.216
962	549.357
963	550.5
964	551.644
965	552.789
966	553.935
967	555.083
968	556.231
969	557.381
970	558.532
971	559.685
972	560.838
973	561.993
974	563.148
975	564.305
976	565.463
977	566.623
978	567.783
979	568.945
980	570.108
981	571.272
982	572.437
983	573.604
984	574.771
985	575.94
986	577.11
987	578.281
988	579.454
989	580.627
990	581.802
991	582.978
992	584.155
993	585.333
994	586.513
995	587.694
996	588.876
997	590.059
998	591.243
999	592.428
1000	593.615
1001	594.803
1002	595.992
1003	597.182
1004	598.373
1005	599.566
1006	600.76
1007	601.955
1008	603.151
1009	604.348
1010	605.547
1011	606.746
1012	607.947
1013	609.149
1014	610.353
1015	611.557
1016	612.763
1017	613.969
1018	615.177
1019	616.387
1020	617.597
1021	618.809
1022	620.021
1023	621.235
1024	622.45
1025	623.667
1026	624.884
1027	626.103
1028	627.323
1029	628.544
1030	629.766
1031	630.99
1032	632.214
1033	633.44
1034	634.667
1035	635.895
1036	637.125
1037	638.355
1038	639.587
1039	640.82
1040	642.054
1041	643.289
1042	644.526
1043	645.763
1044	647.002
1045	648.242
1046	649.484
1047	650.726
1048	651.97
1049	653.215
1050	654.461
1051	655.708
1052	656.956
1053	658.206
1054	659.456
1055	660.708
1056	661.961
1057	663.216
1058	664.471
1059	665.728
1060	666.986
1061	668.245
1062	669.505
1063	670.767
1064	672.029
1065	673.293
1066	674.558
1067	675.824
1068	677.091
1069	678.36
1070	679.63
1071	680.901
1072	682.173
1073	683.446
1074	684.721
1075	685.996
1076	687.273
1077	688.551
1078	689.83
1079	691.111
1080	692.392
1081	693.675
1082	694.959
1083	696.244
1084	697.531
1085	698.818
1086	700.107
1087	701.397
1088	702.688
1089	703.98
1090	705.274
1091	706.569
1092	707.864
1093	709.162
1094	710.46
1095	711.759
1096	713.06
1097	714.362
1098	715.665
1099	716.969
1100	718.274
1101	719.581
1102	720.888
1103	722.197
1104	723.507
1105	724.819
1106	726.131
1107	727.445
1108	728.76
1109	730.076
1110	731.393
1111	732.711
1112	734.031
1113	735.352
1114	736.674
1115	737.997
1116	739.321
1117	740.647
1118	741.974
1119	743.302
1120	744.631
1121	745.961
1122	747.292
1123	748.625
1124	749.959
1125	751.294
1126	752.63
1127	753.968
1128	755.306
1129	756.646
1130	757.987
1131	759.329
1132	760.672
1133	762.017
1134	763.363
1135	764.71
1136	766.058
1137	767.407
1138	768.758
1139	770.109
1140	771.462
1141	772.816
1142	774.171
1143	775.528
1144	776.885
1145	778.244
1146	779.604
1147	780.965
1148	782.328
1149	783.691
1150	785.056
1151	786.422
1152	787.789
1153	789.157
1154	790.527
1155	791.897
1156	793.269
1157	794.642
1158	796.016
1159	797.392
1160	798.768
1161	800.146
1162	801.525
1163	802.905
1164	804.287
1165	805.669
1166	807.053
1167	808.438
1168	809.824
1169	811.211
1170	812.6
1171	813.989
1172	815.38
1173	816.772
1174	818.165
1175	819.56
1176	820.955
1177	822.352
1178	823.75
1179	825.149
1180	826.549
1181	827.951
1182	829.354
1183	830.758
1184	832.163
1185	833.569
1186	834.976
1187	836.385
1188	837.795
1189	839.206
1190	840.618
1191	842.032
1192	843.446
1193	844.862
1194	846.279
1195	847.697
1196	849.116
1197	850.537
1198	851.959
1199	853.381
1200	854.806
1201	856.231
1202	857.657
1203	859.085
1204	860.514
1205	861.944
1206	863.375
1207	864.807
1208	866.241
1209	867.676
1210	869.112
1211	870.549
1212	871.987
1213	873.427
1214	874.867
1215	876.309
1216	877.752
1217	879.197
1218	880.642
1219	882.089
1220	883.537
1221	884.986
1222	886.436
1223	887.887
1224	889.34
1225	890.793
1226	892.248
1227	893.705
1228	895.162
1229	896.62
1230	898.08
1231	899.541
1232	901.003
1233	902.466
1234	903.931
1235	905.396
1236	906.863
1237	908.331
1238	909.8
1239	911.271
1240	912.742
1241	914.215
1242	915.689
1243	917.164
1244	918.641
1245	920.118
1246	921.597
1247	923.077
1248	924.558
1249	926.04
1250	927.523
1251	929.008
1252	930.494
1253	931.981
1254	933.469
1255	934.958
1256	936.449
1257	937.941
1258	939.434
1259	940.928
1260	942.423
1261	943.92
1262	945.417
1263	946.916
1264	948.416
1265	949.918
1266	951.42
1267	952.924
1268	954.428
1269	955.934
1270	957.442
1271	958.95
1272	960.46
1273	961.97
1274	963.482
1275	964.995
1276	966.51
1277	968.025
1278	969.542
1279	971.06
1280	972.579
1281	974.099
1282	975.62
1283	977.143
1284	978.667
1285	980.192
1286	981.718
1287	983.245
1288	984.774
1289	986.304
1290	987.835
1291	989.367
1292	990.9
1293	992.435
1294	993.97
1295	995.507
1296	997.045
1297	998.584
1298	1000.12
1299	1001.67
1300	1003.21
1301	1004.75
1302	1006.3
1303	1007.84
1304	1009.39
1305	1010.94
1306	1012.49
1307	1014.04
1308	1015.59
1309	1017.15
1310	1018.7
1311	1020.26
1312	1021.82
1313	1023.37
1314	1024.93
1315	1026.49
1316	1028.06
1317	1029.62
1318	1031.18
1319	1032.75
1320	1034.31
1321	1035.88
1322	1037.45
1323	1039.02
1324	1040.59
1325	1042.17
1326	1043.74
1327	1045.31
1328	1046.89
1329	1048.47
1330	1050.05
1331	1051.63
1332	1053.21
1333	1054.79
1334	1056.37
1335	1057.96
1336	1059.54
1337	1061.13
1338	1062.72
1339	1064.3
1340	1065.9
1341	1067.49
1342	1069.08
1343	1070.67
1344	1072.27
1345	1073.86
1346	1075.46
1347	1077.06
1348	1078.66
1349	1080.26
1350	1081.86
1351	1083.47
1352	1085.07
1353	1086.68
1354	1088.28
1355	1089.89
1356	1091.5
1357	1093.11
1358	1094.72
1359	1096.34
1360	1097.95
1361	1099.57
1362	1101.18
1363	1102.8
1364	1104.42
1365	1106.04
1366	1107.66
1367	1109.28
1368	1110.91
1369	1112.53
1370	1114.16
1371	1115.78
1372	1117.41
1373	1119.04
1374	1120.67
1375	1122.3
1376	1123.94
1377	1125.57
1378	1127.21
1379	1128.84
1380	1130.48
1381	1132.12
1382	1133.76
1383	1135.4
1384	1137.04
1385	1138.69
1386	1140.33
1387	1141.98
1388	1143.63
1389	1145.27
1390	1146.92
1391	1148.57
1392	1150.23
1393	1151.88
1394	1153.53
1395	1155.19
1396	1156.85
1397	1158.5
1398	1160.16
1399	1161.82
1400	1163.49
1401	1165.15
1402	1166.81
1403	1168.48
1404	1170.14
1405	1171.81
1406	1173.48
1407	1175.15
1408	1176.82
1409	1178.49
1410	1180.17
1411	1181.84
1412	1183.52
1413	1185.19
1414	1186.87
1415	1188.55
1416	1190.23
1417	1191.91
1418	1193.6
1419	1195.28
1420	1196.97
1421	1198.65
1422	1200.34
1423	1202.03
1424	1203.72
1425	1205.41
1426	1207.1
1427	1208.8
1428	1210.49
1429	1212.19
1430	1213.88
1431	1215.58
1432	1217.28
1433	1218.98
1434	1220.68
1435	1222.39
1436	1224.09
1437	1225.8
1438	1227.5
1439	1229.21
1440	1230.92
1441	1232.63
1442	1234.34
1443	1236.05
1444	1237.77
1445	1239.48
1446	1241.2
1447	1242.92
1448	1244.63
1449	1246.35
1450	1248.08
1451	1249.8
1452	1251.52
1453	1253.25
1454	1254.97
1455	1256.7
1456	1258.43
1457	1260.15
1458	1261.89
1459	1263.62
1460	1265.35
1461	1267.08
1462	1268.82
1463	1270.56
1464	1272.29
1465	1274.03
1466	1275.77
1467	1277.51
1468	1279.25
1469	1281
1470	1282.74
1471	1284.49
1472	1286.24
1473	1287.98
1474	1289.73
1475	1291.48
1476	1293.24
1477	1294.99
1478	1296.74
1479	1298.5
1480	1300.25
1481	1302.01
1482	1303.77
1483	1305.53
1484	1307.29
1485	1309.05
1486	1310.82
1487	1312.58
1488	1314.35
1489	1316.12
1490	1317.88
1491	1319.65
1492	1321.42
1493	1323.2
1494	1324.97
1495	1326.74
1496	1328.52
1497	1330.3
1498	1332.07
1499	1333.85
1500	1335.63
1501	1337.42
1502	1339.2
1503	1340.98
1504	1342.77
1505	1344.55
1506	1346.34
1507	1348.13
1508	1349.92
1509	1351.71
1510	1353.5
1511	1355.29
1512	1357.09
1513	1358.88
1514	1360.68
1515	1362.48
1516	1364.28
1517	1366.08
1518	1367.88
1519	1369.68
1520	1371.49
1521	1373.29
1522	1375.1
1523	1376.91
1524	1378.72
1525	1380.53
1526	1382.34
1527	1384.15
1528	1385.96
1529	1387.78
1530	1389.59
1531	1391.41
1532	1393.23
1533	1395.05
1534	1396.87
1535	1398.69
1536	1400.51
1537	1402.34
1538	1404.16
1539	1405.99
1540	1407.82
1541	1409.65
1542	1411.48
1543	1413.31
1544	1415.14
1545	1416.97
1546	1418.81
1547	1420.64
1548	1422.48
1549	1424.32
1550	1426.16
1551	1428
1552	1429.84
1553	1431.69
1554	1433.53
1555	1435.38
1556	1437.22
1557	1439.07
1558	1440.92
1559	1442.77
1560	1444.62
1561	1446.47
1562	1448.33
1563	1450.18
1564	1452.04
1565	1453.9
1566	1455.76
1567	1457.62
1568	1459.48
1569	1461.34
1570	1463.2
1571	1465.07
1572	1466.93
1573	1468.8
1574	1470.67
1575	1472.54
1576	1474.41
1577	1476.28
1578	1478.15
1579	1480.03
1580	1481.9
1581	1483.78
1582	1485.65
1583	1487.53
1584	1489.41
1585	1491.29
1586	1493.18
1587	1495.06
1588	1496.94
1589	1498.83
1590	1500.72
1591	1502.61
1592	1504.5
1593	1506.39
1594	1508.28
1595	1510.17
1596	1512.07
1597	1513.96
1598	1515.86
1599	1517.76
1600	1519.65
1601	1521.55
1602	1523.46
1603	1525.36
1604	1527.26
1605	1529.17
1606	1531.07
1607	1532.98
1608	1534.89
1609	1536.8
1610	1538.71
1611	1540.62
1612	1542.53
1613	1544.45
1614	1546.36
1615	1548.28
1616	1550.2
1617	1552.12
1618	1554.04
1619	1555.96
1620	1557.88
1621	1559.81
1622	1561.73
1623	1563.66
1624	1565.59
1625	1567.51
1626	1569.44
1627	1571.38
1628	1573.31
1629	1575.24
1630	1577.18
1631	1579.11
1632	1581.05
1633	1582.99
1634	1584.93
1635	1586.87
1636	1588.81
1637	1590.75
1638	1592.7
1639	1594.64
1640	1596.59
1641	1598.53
1642	1600.48
1643	1602.43
1644	1604.38
1645	1606.34
1646	1608.29
1647	1610.25
1648	1612.2
1649	1614.16
1650	1616.12
1651	1618.08
1652	1620.04
1653	1622
1654	1623.96
1655	1625.93
1656	1627.89
1657	1629.86
1658	1631.83
1659	1633.8
1660	1635.77
1661	1637.74
1662	1639.71
1663	1641.68
1664	1643.66
1665	1645.63
1666	1647.61
1667	1649.59
1668	1651.57
1669	1653.55
1670	1655.53
1671	1657.52
1672	1659.5
1673	1661.49
1674	1663.47
1675	1665.46
1676	1667.45
1677	1669.44
1678	1671.43
1679	1673.42
1680	1675.42
1681	1677.41
1682	1679.41
1683	1681.41
1684	1683.41
1685	1685.41
1686	1687.41
1687	1689.41
1688	1691.41
1689	1693.42
1690	1695.42
1691	1697.43
1692	1699.44
1693	1701.45
1694	1703.46
1695	1705.47
1696	1707.48
1697	1709.5
1698	1711.51
1699	1713.53
1700	1715.55
1701	1717.57
1702	1719.59
1703	1721.61
1704	1723.63
1705	1725.65
1706	1727.68
1707	1729.7
1708	1731.73
1709	1733.76
1710	1735.79
1711	1737.82
1712	1739.85
1713	1741.89
1714	1743.92
1715	1745.96
1716	1747.99
1717	1750.03
1718	1752.07
1719	1754.11
1720	1756.15
1721	1758.19
1722	1760.24
1723	1762.28
1724	1764.33
1725	1766.38
1726	1768.42
1727	1770.47
1728	1772.52
1729	1774.58
1730	1776.63
1731	1778.68
1732	1780.74
1733	1782.8
1734	1784.86
1735	1786.91
1736	1788.98
1737	1791.04
1738	1793.1
1739	1795.16
1740	1797.23
1741	1799.3
1742	1801.36
1743	1803.43
1744	1805.5
1745	1807.57
1746	1809.64
1747	1811.72
1748	1813.79
1749	1815.87
1750	1817.95
1751	1820.02
1752	1822.1
1753	1824.18
1754	1826.27
1755	1828.35
1756	1830.43
1757	1832.52
1758	1834.61
1759	1836.69
1760	1838.78
1761	1840.87
1762	1842.96
1763	1845.06
1764	1847.15
1765	1849.24
1766	1851.34
1767	1853.44
1768	1855.54
1769	1857.64
1770	1859.74
1771	1861.84
1772	1863.94
1773	1866.05
1774	1868.15
1775	1870.26
1776	1872.37
1777	1874.48
1778	1876.59
1779	1878.7
1780	1880.81
1781	1882.92
1782	1885.04
1783	1887.15
1784	1889.27
1785	1891.39
1786	1893.51
1787	1895.63
1788	1897.75
1789	1899.88
1790	1902
1791	1904.13
1792	1906.25
1793	1908.38
1794	1910.51
1795	1912.64
1796	1914.77
1797	1916.91
1798	1919.04
1799	1921.18
1800	1923.31
1801	1925.45
1802	1927.59
1803	1929.73
1804	1931.87
1805	1934.01
1806	1936.16
1807	1938.3
1808	1940.45
1809	1942.59
1810	1944.74
1811	1946.89
1812	1949.04
1813	1951.19
1814	1953.35
1815	1955.5
1816	1957.66
1817	1959.81
1818	1961.97
1819	1964.13
1820	1966.29
1821	1968.45
1822	1970.61
1823	1972.78
1824	1974.94
1825	1977.11
1826	1979.28
1827	1981.44
1828	1983.61
1829	1985.79
1830	1987.96
1831	1990.13
1832	1992.3
1833	1994.48
1834	1996.66
1835	1998.84
1836	2001.01
1837	2003.19
1838	2005.38
1839	2007.56
1840	2009.74
1841	2011.93
1842	2014.11
1843	2016.3
1844	2018.49
1845	2020.68
1846	2022.87
1847	2025.06
1848	2027.26
1849	2029.45
1850	2031.65
1851	2033.84
1852	2036.04
1853	2038.24
1854	2040.44
1855	2042.64
1856	2044.85
1857	2047.05
1858	2049.26
1859	2051.46
1860	2053.67
1861	2055.88
1862	2058.09
1863	2060.3
1864	2062.51
1865	2064.73
1866	2066.94
1867	2069.16
1868	2071.37
1869	2073.59
1870	2075.81
1871	2078.03
1872	2080.25
1873	2082.48
1874	2084.7
1875	2086.93
1876	2089.15
1877	2091.38
1878	2093.61
1879	2095.84
1880	2098.07
1881	2100.31
1882	2102.54
1883	2104.77
1884	2107.01
1885	2109.25
1886	2111.49
1887	2113.73
1888	2115.97
1889	2118.21
1890	2120.45
1891	2122.7
1892	2124.94
1893	2127.19
1894	2129.44
1895	2131.69
1896	2133.94
1897	2136.19
1898	2138.44
1899	2140.69
1900	2142.95
1901	2145.21
1902	2147.46
1903	2149.72
1904	2151.98
1905	2154.24
1906	2156.51
1907	2158.77
1908	2161.03
1909	2163.3
1910	2165.57
1911	2167.83
1912	2170.1
1913	2172.37
1914	2174.65
1915	2176.92
1916	2179.19
1917	2181.47
1918	2183.75
1919	2186.02
1920	2188.3
1921	2190.58
1922	2192.86
1923	2195.15
1924	2197.43
1925	2199.71
1926	2202
1927	2204.29
1928	2206.58
1929	2208.87
1930	2211.16
1931	2213.45
1932	2215.74
1933	2218.04
1934	2220.33
1935	2222.63
1936	2224.93
1937	2227.22
1938	2229.53
1939	2231.83
1940	2234.13
1941	2236.43
1942	2238.74
1943	2241.04
1944	2243.35
1945	2245.66
1946	2247.97
1947	2250.28
1948	2252.59
1949	2254.91
1950	2257.22
1951	2259.54
1952	2261.85
1953	2264.17
1954	2266.49
1955	2268.81
1956	2271.13
1957	2273.46
1958	2275.78
1959	2278.1
1960	2280.43
1961	2282.76
1962	2285.09
1963	2287.42
1964	2289.75
1965	2292.08
1966	2294.41
1967	2296.75
1968	2299.09
1969	2301.42
1970	2303.76
1971	2306.1
1972	2308.44
1973	2310.78
1974	2313.13
1975	2315.47
1976	2317.81
1977	2320.16
1978	2322.51
1979	2324.86
1980	2327.21
1981	2329.56
1982	2331.91
1983	2334.27
1984	2336.62
1985	2338.98
1986	2341.33
1987	2343.69
1988	2346.05
1989	2348.41
1990	2350.77
1991	2353.14
1992	2355.5
1993	2357.87
1994	2360.23
1995	2362.6
1996	2364.97
1997	2367.34
1998	2369.71
1999	2372.09
2000	2374.46
2001	2376.83
2002	2379.21
2003	2381.59
2004	2383.97
2005	2386.35
2006	2388.73
2007	2391.11
2008	2393.49
2009	2395.88
2010	2398.26
2011	2400.65
2012	2403.04
2013	2405.43
2014	2407.82
2015	2410.21
2016	2412.6
2017	2415
2018	2417.39
2019	2419.79
2020	2422.19
2021	2424.59
2022	2426.99
2023	2429.39
2024	2431.79
2025	2434.19
2026	2436.6
2027	2439
2028	2441.41
2029	2443.82
2030	2446.23
2031	2448.64
2032	2451.05
2033	2453.46
2034	2455.88
2035	2458.29
2036	2460.71
2037	2463.13
2038	2465.55
2039	2467.97
2040	2470.39
2041	2472.81
2042	2475.23
2043	2477.66
2044	2480.09
2045	2482.51
2046	2484.94
2047	2487.37
2048	2489.8
2049	2492.23
2050	2494.67
2051	2497.1
2052	2499.54
2053	2501.97
2054	2504.41
2055	2506.85
2056	2509.29
2057	2511.73
2058	2514.18
2059	2516.62
2060	2519.06
2061	2521.51
2062	2523.96
2063	2526.41
2064	2528.86
2065	2531.31
2066	2533.76
2067	2536.21
2068	2538.67
2069	2541.12
2070	2543.58
2071	2546.04
2072	2548.5
2073	2550.96
2074	2553.42
2075	2555.88
2076	2558.35
2077	2560.81
2078	2563.28
2079	2565.75
2080	2568.22
2081	2570.69
2082	2573.16
2083	2575.63
2084	2578.1
2085	2580.58
2086	2583.05
2087	2585.53
2088	2588.01
2089	2590.49
2090	2592.97
2091	2595.45
2092	2597.93
2093	2600.42
2094	2602.9
2095	2605.39
2096	2607.88
2097	2610.37
2098	2612.86
2099	2615.35
2100	2617.84
2101	2620.34
2102	2622.83
2103	2625.33
2104	2627.82
2105	2630.32
2106	2632.82
2107	2635.32
2108	2637.83
2109	2640.33
2110	2642.83
2111	2645.34
2112	2647.85
2113	2650.35
2114	2652.86
2115	2655.37
2116	2657.88
2117	2660.4
2118	2662.91
2119	2665.43
2120	2667.94
2121	2670.46
2122	2672.98
2123	2675.5
2124	2678.02
2125	2680.54
2126	2683.07
2127	2685.59
2128	2688.12
2129	2690.64
2130	2693.17
2131	2695.7
2132	2698.23
2133	2700.76
2134	2703.3
2135	2705.83
2136	2708.37
2137	2710.9
2138	2713.44
2139	2715.98
2140	2718.52
2141	2721.06
2142	2723.6
2143	2726.15
2144	2728.69
2145	2731.24
2146	2733.78
2147	2736.33
2148	2738.88
2149	2741.43
2150	2743.99
2151	2746.54
2152	2749.09
2153	2751.65
2154	2754.2
2155	2756.76
2156	2759.32
2157	2761.88
2158	2764.44
2159	2767.01
2160	2769.57
2161	2772.14
2162	2774.7
2163	2777.27
2164	2779.84
2165	2782.41
2166	2784.98
2167	2787.55
2168	2790.12
2169	2792.7
2170	2795.27
2171	2797.85
2172	2800.43
2173	2803.01
2174	2805.59
2175	2808.17
2176	2810.75
2177	2813.34
2178	2815.92
2179	2818.51
2180	2821.1
2181	2823.68
2182	2826.27
2183	2828.87
2184	2831.46
2185	2834.05
2186	2836.65
2187	2839.24
2188	2841.84
2189	2844.44
2190	2847.04
2191	2849.64
2192	2852.24
2193	2854.84
2194	2857.45
2195	2860.05
2196	2862.66
2197	2865.27
2198	2867.88
2199	2870.49
2200	2873.1
2201	2875.71
2202	2878.32
2203	2880.94
2204	2883.55
2205	2886.17
2206	2888.79
2207	2891.41
2208	2894.03
2209	2896.65
2210	2899.27
2211	2901.9
2212	2904.52
2213	2907.15
2214	2909.78
2215	2912.41
2216	2915.04
2217	2917.67
2218	2920.3
2219	2922.94
2220	2925.57
2221	2928.21
2222	2930.85
2223	2933.48
2224	2936.12
2225	2938.77
2226	2941.41
2227	2944.05
2228	2946.7
2229	2949.34
2230	2951.99
2231	2954.64
2232	2957.29
2233	2959.94
2234	2962.59
2235	2965.24
2236	2967.89
2237	2970.55
2238	2973.21
2239	2975.86
2240	2978.52
2241	2981.18
2242	2983.84
2243	2986.51
2244	2989.17
2245	2991.83
2246	2994.5
2247	2997.17
2248	2999.84
2249	3002.51
2250	3005.18
2251	3007.85
2252	3010.52
2253	3013.19
2254	3015.87
2255	3018.55
2256	3021.22
2257	3023.9
2258	3026.58
2259	3029.27
2260	3031.95
2261	3034.63
2262	3037.32
2263	3040
2264	3042.69
2265	3045.38
2266	3048.07
2267	3050.76
2268	3053.45
2269	3056.14
2270	3058.84
2271	3061.53
2272	3064.23
2273	3066.93
2274	3069.63
2275	3072.33
2276	3075.03
2277	3077.73
2278	3080.44
2279	3083.14
2280	3085.85
2281	3088.56
2282	3091.26
2283	3093.97
2284	3096.69
2285	3099.4
2286	3102.11
2287	3104.83
2288	3107.54
2289	3110.26
2290	3112.98
2291	3115.7
2292	3118.42
2293	3121.14
2294	3123.86
2295	3126.58
2296	3129.31
2297	3132.04
2298	3134.76
2299	3137.49
2300	3140.22
2301	3142.95
2302	3145.69
2303	3148.42
2304	3151.16
2305	3153.89
2306	3156.63
2307	3159.37
2308	3162.11
2309	3164.85
2310	3167.59
2311	3170.33
2312	3173.08
2313	3175.82
2314	3178.57
2315	3181.32
2316	3184.07
2317	3186.82
2318	3189.57
2319	3192.32
2320	3195.07
2321	3197.83
2322	3200.58
2323	3203.34
2324	3206.1
2325	3208.86
2326	3211.62
2327	3214.38
2328	3217.15
2329	3219.91
2330	3222.68
2331	3225.44
2332	3228.21
2333	3230.98
2334	3233.75
2335	3236.52
2336	3239.3
2337	3242.07
2338	3244.84
2339	3247.62
2340	3250.4
2341	3253.18
2342	3255.96
2343	3258.74
2344	3261.52
2345	3264.3
2346	3267.09
2347	3269.87
2348	3272.66
2349	3275.45
2350	3278.24
2351	3281.03
2352	3283.82
2353	3286.61
2354	3289.41
2355	3292.2
2356	3295
2357	3297.8
2358	3300.6
2359	3303.4
2360	3306.2
2361	3309
2362	3311.8
2363	3314.61
2364	3317.41
2365	3320.22
2366	3323.03
2367	3325.84
2368	3328.65
2369	3331.46
2370	3334.28
2371	3337.09
2372	3339.91
2373	3342.72
2374	3345.54
2375	3348.36
2376	3351.18
2377	3354
2378	3356.82
2379	3359.65
2380	3362.47
2381	3365.3
2382	3368.13
2383	3370.95
2384	3373.78
2385	3376.62
2386	3379.45
2387	3382.28
2388	3385.12
2389	3387.95
2390	3390.79
2391	3393.63
2392	3396.47
2393	3399.31
2394	3402.15
2395	3404.99
2396	3407.83
2397	3410.68
2398	3413.53
2399	3416.37
2400	3419.22
2401	3422.07
2402	3424.92
2403	3427.78
2404	3430.63
2405	3433.48
2406	3436.34
2407	3439.2
2408	3442.06
2409	3444.91
2410	3447.78
2411	3450.64
2412	3453.5
2413	3456.36
2414	3459.23
2415	3462.1
2416	3464.96
2417	3467.83
2418	3470.7
2419	3473.57
2420	3476.45
2421	3479.32
2422	3482.2
2423	3485.07
2424	3487.95
2425	3490.83
2426	3493.71
2427	3496.59
2428	3499.47
2429	3502.35
2430	3505.24
2431	3508.12
2432	3511.01
2433	3513.9
2434	3516.79
2435	3519.68
2436	3522.57
2437	3525.46
2438	3528.35
2439	3531.25
2440	3534.15
2441	3537.04
2442	3539.94
2443	3542.84
2444	3545.74
2445	3548.65
2446	3551.55
2447	3554.45
2448	3557.36
2449	3560.27
2450	3563.17
2451	3566.08
2452	3568.99
2453	3571.91
2454	3574.82
2455	3577.73
2456	3580.65
2457	3583.56
2458	3586.48
2459	3589.4
2460	3592.32
2461	3595.24
2462	3598.16
2463	3601.09
2464	3604.01
2465	3606.94
2466	3609.87
2467	3612.79
2468	3615.72
2469	3618.65
2470	3621.59
2471	3624.52
2472	3627.45
2473	3630.39
2474	3633.32
2475	3636.26
2476	3639.2
2477	3642.14
2478	3645.08
2479	3648.03
2480	3650.97
2481	3653.91
2482	3656.86
2483	3659.81
2484	3662.76
2485	3665.71
2486	3668.66
2487	3671.61
2488	3674.56
2489	3677.52
2490	3680.47
2491	3683.43
2492	3686.39
2493	3689.35
2494	3692.31
2495	3695.27
2496	3698.23
2497	3701.19
2498	3704.16
2499	3707.13
2500	3710.09
