Independent Variable - Plot	Dependent Variable - Plot
0	0
1	0.000856472
2	0.00342589
3	0.00770825
4	0.0137036
5	0.0214118
6	0.030833
7	0.0419671
8	0.0548142
9	0.0693742
10	0.0856472
11	0.103633
12	0.123332
13	0.144744
14	0.167868
15	0.192706
16	0.219257
17	0.24752
18	0.277497
19	0.309186
20	0.342589
21	0.377704
22	0.414532
23	0.453074
24	0.493328
25	0.535295
26	0.578975
27	0.624368
28	0.671474
29	0.720293
30	0.770825
31	0.823069
32	0.877027
33	0.932698
34	0.990082
35	1.04918
36	1.10999
37	1.17251
38	1.23675
39	1.30269
40	1.37036
41	1.43973
42	1.51082
43	1.58362
44	1.65813
45	1.73436
46	1.81229
47	1.89195
48	1.97331
49	2.05639
50	2.14118
51	2.22768
52	2.3159
53	2.40583
54	2.49747
55	2.59083
56	2.6859
57	2.78268
58	2.88117
59	2.98138
60	3.0833
61	3.18693
62	3.29228
63	3.39934
64	3.50811
65	3.61859
66	3.73079
67	3.8447
68	3.96033
69	4.07766
70	4.19671
71	4.31747
72	4.43995
73	4.56414
74	4.69004
75	4.81765
76	4.94698
77	5.07802
78	5.21078
79	5.34524
80	5.48142
81	5.61931
82	5.75892
83	5.90023
84	6.04327
85	6.18801
86	6.33447
87	6.48264
88	6.63252
89	6.78411
90	6.93742
91	7.09244
92	7.24918
93	7.40763
94	7.56779
95	7.72966
96	7.89324
97	8.05854
98	8.22556
99	8.39428
100	8.56472
101	8.73687
102	8.91073
103	9.08631
104	9.2636
105	9.4426
106	9.62332
107	9.80575
108	9.98989
109	10.1757
110	10.3633
111	10.5526
112	10.7436
113	10.9363
114	11.1307
115	11.3268
116	11.5247
117	11.7242
118	11.9255
119	12.1285
120	12.3332
121	12.5396
122	12.7477
123	12.9576
124	13.1691
125	13.3824
126	13.5973
127	13.814
128	14.0324
129	14.2525
130	14.4744
131	14.6979
132	14.9232
133	15.1501
134	15.3788
135	15.6092
136	15.8413
137	16.0751
138	16.3107
139	16.5479
140	16.7868
141	17.0275
142	17.2699
143	17.514
144	17.7598
145	18.0073
146	18.2566
147	18.5075
148	18.7602
149	19.0145
150	19.2706
151	19.5284
152	19.7879
153	20.0492
154	20.3121
155	20.5767
156	20.8431
157	21.1112
158	21.381
159	21.6525
160	21.9257
161	22.2006
162	22.4772
163	22.7556
164	23.0357
165	23.3174
166	23.6009
167	23.8861
168	24.1731
169	24.4617
170	24.752
171	25.0441
172	25.3379
173	25.6333
174	25.9305
175	26.2295
176	26.5301
177	26.8324
178	27.1365
179	27.4422
180	27.7497
181	28.0589
182	28.3698
183	28.6824
184	28.9967
185	29.3128
186	29.6305
187	29.95
188	30.2711
189	30.594
190	30.9186
191	31.245
192	31.573
193	31.9027
194	32.2342
195	32.5673
196	32.9022
197	33.2388
198	33.5771
199	33.9171
200	34.2589
201	34.6023
202	34.9475
203	35.2944
204	35.6429
205	35.9932
206	36.3452
207	36.699
208	37.0544
209	37.4115
210	37.7704
211	38.131
212	38.4933
213	38.8573
214	39.223
215	39.5904
216	39.9596
217	40.3304
218	40.703
219	41.0772
220	41.4532
221	41.8309
222	42.2104
223	42.5915
224	42.9743
225	43.3589
226	43.7452
227	44.1331
228	44.5228
229	44.9142
230	45.3074
231	45.7022
232	46.0987
233	46.497
234	46.897
235	47.2987
236	47.7021
237	48.1072
238	48.514
239	48.9225
240	49.3328
241	49.7447
242	50.1584
243	50.5738
244	50.9909
245	51.4097
246	51.8303
247	52.2525
248	52.6764
249	53.1021
250	53.5295
251	53.9586
252	54.3894
253	54.8219
254	55.2561
255	55.6921
256	56.1297
257	56.5691
258	57.0102
259	57.453
260	57.8975
261	58.3437
262	58.7917
263	59.2413
264	59.6927
265	60.1457
266	60.6005
267	61.057
268	61.5152
269	61.9752
270	62.4368
271	62.9002
272	63.3652
273	63.832
274	64.3005
275	64.7707
276	65.2426
277	65.7162
278	66.1916
279	66.6686
280	67.1474
281	67.6279
282	68.1101
283	68.594
284	69.0796
285	69.5669
286	70.056
287	70.5467
288	71.0392
289	71.5334
290	72.0293
291	72.5269
292	73.0262
293	73.5273
294	74.03
295	74.5345
296	75.0406
297	75.5485
298	76.0581
299	76.5694
300	77.0825
301	77.5972
302	78.1137
303	78.6318
304	79.1517
305	79.6733
306	80.1966
307	80.7216
308	81.2483
309	81.7768
310	82.3069
311	82.8388
312	83.3724
313	83.9077
314	84.4447
315	84.9834
316	85.5239
317	86.066
318	86.6099
319	87.1554
320	87.7027
321	88.2517
322	88.8024
323	89.3549
324	89.909
325	90.4648
326	91.0224
327	91.5817
328	92.1427
329	92.7054
330	93.2698
331	93.8359
332	94.4038
333	94.9733
334	95.5446
335	96.1176
336	96.6923
337	97.2687
338	97.8468
339	98.4266
340	99.0082
341	99.5914
342	100.176
343	100.763
344	101.351
345	101.942
346	102.533
347	103.127
348	103.722
349	104.319
350	104.918
351	105.518
352	106.12
353	106.724
354	107.33
355	107.937
356	108.546
357	109.156
358	109.769
359	110.383
360	110.999
361	111.616
362	112.236
363	112.856
364	113.479
365	114.103
366	114.73
367	115.357
368	115.987
369	116.618
370	117.251
371	117.886
372	118.522
373	119.16
374	119.8
375	120.441
376	121.085
377	121.729
378	122.376
379	123.024
380	123.675
381	124.326
382	124.98
383	125.635
384	126.292
385	126.951
386	127.611
387	128.273
388	128.937
389	129.602
390	130.269
391	130.938
392	131.609
393	132.281
394	132.955
395	133.631
396	134.308
397	134.988
398	135.669
399	136.351
400	137.036
401	137.722
402	138.409
403	139.099
404	139.79
405	140.483
406	141.177
407	141.874
408	142.572
409	143.271
410	143.973
411	144.676
412	145.381
413	146.088
414	146.796
415	147.506
416	148.218
417	148.931
418	149.646
419	150.363
420	151.082
421	151.802
422	152.524
423	153.248
424	153.973
425	154.7
426	155.429
427	156.16
428	156.892
429	157.626
430	158.362
431	159.099
432	159.838
433	160.579
434	161.322
435	162.066
436	162.812
437	163.56
438	164.309
439	165.06
440	165.813
441	166.568
442	167.324
443	168.082
444	168.841
445	169.603
446	170.366
447	171.131
448	171.897
449	172.666
450	173.436
451	174.207
452	174.981
453	175.756
454	176.533
455	177.311
456	178.091
457	178.873
458	179.657
459	180.442
460	181.229
461	182.018
462	182.809
463	183.601
464	184.395
465	185.191
466	185.988
467	186.787
468	187.588
469	188.39
470	189.195
471	190.001
472	190.808
473	191.618
474	192.429
475	193.241
476	194.056
477	194.872
478	195.69
479	196.51
480	197.331
481	198.154
482	198.979
483	199.805
484	200.634
485	201.464
486	202.295
487	203.129
488	203.964
489	204.8
490	205.639
491	206.479
492	207.321
493	208.165
494	209.01
495	209.857
496	210.706
497	211.556
498	212.408
499	213.262
500	214.118
501	214.975
502	215.834
503	216.695
504	217.558
505	218.422
506	219.288
507	220.155
508	221.025
509	221.896
510	222.768
511	223.643
512	224.519
513	225.397
514	226.276
515	227.158
516	228.041
517	228.926
518	229.812
519	230.7
520	231.59
521	232.482
522	233.375
523	234.27
524	235.167
525	236.065
526	236.965
527	237.867
528	238.771
529	239.676
530	240.583
531	241.492
532	242.402
533	243.314
534	244.228
535	245.144
536	246.061
537	246.98
538	247.901
539	248.823
540	249.747
541	250.673
542	251.601
543	252.53
544	253.461
545	254.394
546	255.328
547	256.264
548	257.202
549	258.141
550	259.083
551	260.026
552	260.97
553	261.917
554	262.865
555	263.815
556	264.766
557	265.72
558	266.675
559	267.631
560	268.59
561	269.55
562	270.512
563	271.475
564	272.44
565	273.407
566	274.376
567	275.346
568	276.318
569	277.292
570	278.268
571	279.245
572	280.224
573	281.205
574	282.187
575	283.171
576	284.157
577	285.144
578	286.134
579	287.124
580	288.117
581	289.112
582	290.108
583	291.105
584	292.105
585	293.106
586	294.109
587	295.114
588	296.12
589	297.128
590	298.138
591	299.149
592	300.163
593	301.177
594	302.194
595	303.212
596	304.233
597	305.254
598	306.278
599	307.303
600	308.33
601	309.359
602	310.389
603	311.421
604	312.455
605	313.49
606	314.527
607	315.566
608	316.607
609	317.649
610	318.693
611	319.739
612	320.786
613	321.836
614	322.886
615	323.939
616	324.993
617	326.049
618	327.107
619	328.167
620	329.228
621	330.291
622	331.355
623	332.422
624	333.49
625	334.559
626	335.631
627	336.704
628	337.779
629	338.855
630	339.934
631	341.014
632	342.095
633	343.179
634	344.264
635	345.351
636	346.439
637	347.53
638	348.622
639	349.715
640	350.811
641	351.908
642	353.007
643	354.107
644	355.21
645	356.314
646	357.419
647	358.527
648	359.636
649	360.747
650	361.859
651	362.974
652	364.09
653	365.207
654	366.327
655	367.448
656	368.571
657	369.695
658	370.821
659	371.949
660	373.079
661	374.211
662	375.344
663	376.478
664	377.615
665	378.753
666	379.893
667	381.035
668	382.178
669	383.323
670	384.47
671	385.619
672	386.769
673	387.921
674	389.075
675	390.23
676	391.387
677	392.546
678	393.706
679	394.869
680	396.033
681	397.198
682	398.366
683	399.535
684	400.706
685	401.878
686	403.052
687	404.228
688	405.406
689	406.585
690	407.766
691	408.949
692	410.134
693	411.32
694	412.508
695	413.697
696	414.889
697	416.082
698	417.277
699	418.473
700	419.671
701	420.871
702	422.073
703	423.276
704	424.481
705	425.688
706	426.896
707	428.107
708	429.319
709	430.532
710	431.747
711	432.965
712	434.183
713	435.404
714	436.626
715	437.85
716	439.075
717	440.303
718	441.532
719	442.763
720	443.995
721	445.229
722	446.465
723	447.703
724	448.942
725	450.183
726	451.426
727	452.67
728	453.916
729	455.164
730	456.414
731	457.665
732	458.918
733	460.173
734	461.429
735	462.688
736	463.947
737	465.209
738	466.472
739	467.737
740	469.004
741	470.272
742	471.543
743	472.814
744	474.088
745	475.363
746	476.64
747	477.919
748	479.199
749	480.482
750	481.765
751	483.051
752	484.338
753	485.627
754	486.918
755	488.21
756	489.505
757	490.8
758	492.098
759	493.397
760	494.698
761	496.001
762	497.305
763	498.611
764	499.919
765	501.229
766	502.54
767	503.853
768	505.168
769	506.484
770	507.802
771	509.122
772	510.444
773	511.767
774	513.092
775	514.418
776	515.747
777	517.077
778	518.409
779	519.742
780	521.078
781	522.414
782	523.753
783	525.093
784	526.436
785	527.779
786	529.125
787	530.472
788	531.821
789	533.172
790	534.524
791	535.878
792	537.234
793	538.591
794	539.951
795	541.312
796	542.674
797	544.039
798	545.405
799	546.773
800	548.142
801	549.513
802	550.886
803	552.261
804	553.637
805	555.015
806	556.395
807	557.776
808	559.16
809	560.545
810	561.931
811	563.32
812	564.71
813	566.101
814	567.495
815	568.89
816	570.287
817	571.686
818	573.086
819	574.488
820	575.892
821	577.297
822	578.704
823	580.113
824	581.524
825	582.936
826	584.35
827	585.766
828	587.183
829	588.603
830	590.023
831	591.446
832	592.87
833	594.296
834	595.724
835	597.154
836	598.585
837	600.018
838	601.452
839	602.889
840	604.327
841	605.766
842	607.208
843	608.651
844	610.096
845	611.542
846	612.991
847	614.441
848	615.892
849	617.346
850	618.801
851	620.258
852	621.716
853	623.177
854	624.639
855	626.102
856	627.568
857	629.035
858	630.504
859	631.974
860	633.447
861	634.921
862	636.396
863	637.874
864	639.353
865	640.834
866	642.316
867	643.801
868	645.286
869	646.774
870	648.264
871	649.755
872	651.248
873	652.742
874	654.238
875	655.736
876	657.236
877	658.737
878	660.24
879	661.745
880	663.252
881	664.76
882	666.27
883	667.782
884	669.295
885	670.81
886	672.327
887	673.846
888	675.366
889	676.888
890	678.411
891	679.937
892	681.464
893	682.993
894	684.523
895	686.055
896	687.589
897	689.125
898	690.662
899	692.201
900	693.742
901	695.285
902	696.829
903	698.375
904	699.923
905	701.472
906	703.023
907	704.576
908	706.13
909	707.686
910	709.244
911	710.804
912	712.365
913	713.928
914	715.493
915	717.06
916	718.628
917	720.198
918	721.769
919	723.343
920	724.918
921	726.495
922	728.073
923	729.653
924	731.235
925	732.819
926	734.404
927	735.991
928	737.58
929	739.17
930	740.763
931	742.356
932	743.952
933	745.549
934	747.148
935	748.749
936	750.352
937	751.956
938	753.562
939	755.169
940	756.779
941	758.39
942	760.002
943	761.617
944	763.233
945	764.851
946	766.47
947	768.092
948	769.715
949	771.339
950	772.966
951	774.594
952	776.224
953	777.855
954	779.489
955	781.124
956	782.76
957	784.399
958	786.039
959	787.681
960	789.324
961	790.97
962	792.617
963	794.265
964	795.916
965	797.568
966	799.222
967	800.877
968	802.535
969	804.194
970	805.854
971	807.517
972	809.181
973	810.847
974	812.514
975	814.184
976	815.855
977	817.527
978	819.202
979	820.878
980	822.556
981	824.235
982	825.916
983	827.599
984	829.284
985	830.97
986	832.659
987	834.348
988	836.04
989	837.733
990	839.428
991	841.125
992	842.823
993	844.523
994	846.225
995	847.929
996	849.634
997	851.341
998	853.049
999	854.76
1000	856.472
1001	858.186
1002	859.901
1003	861.618
1004	863.337
1005	865.058
1006	866.78
1007	868.504
1008	870.23
1009	871.958
1010	873.687
1011	875.418
1012	877.151
1013	878.885
1014	880.621
1015	882.359
1016	884.098
1017	885.839
1018	887.582
1019	889.327
1020	891.073
1021	892.821
1022	894.571
1023	896.323
1024	898.076
1025	899.831
1026	901.587
1027	903.346
1028	905.106
1029	906.868
1030	908.631
1031	910.396
1032	912.163
1033	913.932
1034	915.702
1035	917.474
1036	919.248
1037	921.023
1038	922.801
1039	924.579
1040	926.36
1041	928.142
1042	929.926
1043	931.712
1044	933.5
1045	935.289
1046	937.08
1047	938.872
1048	940.667
1049	942.463
1050	944.26
1051	946.06
1052	947.861
1053	949.664
1054	951.468
1055	953.275
1056	955.083
1057	956.892
1058	958.704
1059	960.517
1060	962.332
1061	964.148
1062	965.967
1063	967.787
1064	969.608
1065	971.432
1066	973.257
1067	975.084
1068	976.912
1069	978.743
1070	980.575
1071	982.408
1072	984.244
1073	986.081
1074	987.92
1075	989.76
1076	991.603
1077	993.447
1078	995.292
1079	997.14
1080	998.989
1081	1000.84
1082	1002.69
1083	1004.55
1084	1006.4
1085	1008.26
1086	1010.12
1087	1011.98
1088	1013.84
1089	1015.71
1090	1017.57
1091	1019.44
1092	1021.31
1093	1023.18
1094	1025.06
1095	1026.93
1096	1028.81
1097	1030.69
1098	1032.57
1099	1034.45
1100	1036.33
1101	1038.22
1102	1040.1
1103	1041.99
1104	1043.88
1105	1045.77
1106	1047.67
1107	1049.56
1108	1051.46
1109	1053.36
1110	1055.26
1111	1057.16
1112	1059.07
1113	1060.97
1114	1062.88
1115	1064.79
1116	1066.7
1117	1068.61
1118	1070.52
1119	1072.44
1120	1074.36
1121	1076.28
1122	1078.2
1123	1080.12
1124	1082.05
1125	1083.97
1126	1085.9
1127	1087.83
1128	1089.76
1129	1091.69
1130	1093.63
1131	1095.57
1132	1097.5
1133	1099.44
1134	1101.39
1135	1103.33
1136	1105.27
1137	1107.22
1138	1109.17
1139	1111.12
1140	1113.07
1141	1115.02
1142	1116.98
1143	1118.94
1144	1120.9
1145	1122.86
1146	1124.82
1147	1126.78
1148	1128.75
1149	1130.72
1150	1132.68
1151	1134.65
1152	1136.63
1153	1138.6
1154	1140.58
1155	1142.55
1156	1144.53
1157	1146.52
1158	1148.5
1159	1150.48
1160	1152.47
1161	1154.46
1162	1156.45
1163	1158.44
1164	1160.43
1165	1162.43
1166	1164.42
1167	1166.42
1168	1168.42
1169	1170.42
1170	1172.42
1171	1174.43
1172	1176.44
1173	1178.44
1174	1180.45
1175	1182.47
1176	1184.48
1177	1186.5
1178	1188.51
1179	1190.53
1180	1192.55
1181	1194.57
1182	1196.6
1183	1198.62
1184	1200.65
1185	1202.68
1186	1204.71
1187	1206.74
1188	1208.78
1189	1210.81
1190	1212.85
1191	1214.89
1192	1216.93
1193	1218.97
1194	1221.02
1195	1223.06
1196	1225.11
1197	1227.16
1198	1229.21
1199	1231.26
1200	1233.32
1201	1235.38
1202	1237.43
1203	1239.49
1204	1241.56
1205	1243.62
1206	1245.68
1207	1247.75
1208	1249.82
1209	1251.89
1210	1253.96
1211	1256.03
1212	1258.11
1213	1260.19
1214	1262.26
1215	1264.35
1216	1266.43
1217	1268.51
1218	1270.6
1219	1272.68
1220	1274.77
1221	1276.86
1222	1278.96
1223	1281.05
1224	1283.15
1225	1285.24
1226	1287.34
1227	1289.44
1228	1291.55
1229	1293.65
1230	1295.76
1231	1297.86
1232	1299.97
1233	1302.08
1234	1304.2
1235	1306.31
1236	1308.43
1237	1310.55
1238	1312.67
1239	1314.79
1240	1316.91
1241	1319.04
1242	1321.16
1243	1323.29
1244	1325.42
1245	1327.55
1246	1329.69
1247	1331.82
1248	1333.96
1249	1336.1
1250	1338.24
1251	1340.38
1252	1342.52
1253	1344.67
1254	1346.82
1255	1348.96
1256	1351.12
1257	1353.27
1258	1355.42
1259	1357.58
1260	1359.73
1261	1361.89
1262	1364.05
1263	1366.22
1264	1368.38
1265	1370.55
1266	1372.72
1267	1374.88
1268	1377.06
1269	1379.23
1270	1381.4
1271	1383.58
1272	1385.76
1273	1387.94
1274	1390.12
1275	1392.3
1276	1394.49
1277	1396.67
1278	1398.86
1279	1401.05
1280	1403.24
1281	1405.44
1282	1407.63
1283	1409.83
1284	1412.03
1285	1414.23
1286	1416.43
1287	1418.63
1288	1420.84
1289	1423.05
1290	1425.25
1291	1427.47
1292	1429.68
1293	1431.89
1294	1434.11
1295	1436.32
1296	1438.54
1297	1440.76
1298	1442.99
1299	1445.21
1300	1447.44
1301	1449.67
1302	1451.89
1303	1454.13
1304	1456.36
1305	1458.59
1306	1460.83
1307	1463.07
1308	1465.31
1309	1467.55
1310	1469.79
1311	1472.04
1312	1474.28
1313	1476.53
1314	1478.78
1315	1481.03
1316	1483.29
1317	1485.54
1318	1487.8
1319	1490.06
1320	1492.32
1321	1494.58
1322	1496.84
1323	1499.11
1324	1501.37
1325	1503.64
1326	1505.91
1327	1508.19
1328	1510.46
1329	1512.74
1330	1515.01
1331	1517.29
1332	1519.57
1333	1521.86
1334	1524.14
1335	1526.43
1336	1528.71
1337	1531
1338	1533.29
1339	1535.59
1340	1537.88
1341	1540.18
1342	1542.48
1343	1544.77
1344	1547.08
1345	1549.38
1346	1551.68
1347	1553.99
1348	1556.3
1349	1558.61
1350	1560.92
1351	1563.23
1352	1565.55
1353	1567.87
1354	1570.18
1355	1572.5
1356	1574.83
1357	1577.15
1358	1579.47
1359	1581.8
1360	1584.13
1361	1586.46
1362	1588.79
1363	1591.13
1364	1593.46
1365	1595.8
1366	1598.14
1367	1600.48
1368	1602.82
1369	1605.17
1370	1607.51
1371	1609.86
1372	1612.21
1373	1614.56
1374	1616.91
1375	1619.27
1376	1621.62
1377	1623.98
1378	1626.34
1379	1628.7
1380	1631.07
1381	1633.43
1382	1635.8
1383	1638.16
1384	1640.53
1385	1642.91
1386	1645.28
1387	1647.65
1388	1650.03
1389	1652.41
1390	1654.79
1391	1657.17
1392	1659.55
1393	1661.94
1394	1664.33
1395	1666.72
1396	1669.11
1397	1671.5
1398	1673.89
1399	1676.29
1400	1678.68
1401	1681.08
1402	1683.48
1403	1685.89
1404	1688.29
1405	1690.7
1406	1693.1
1407	1695.51
1408	1697.92
1409	1700.34
1410	1702.75
1411	1705.17
1412	1707.59
1413	1710.01
1414	1712.43
1415	1714.85
1416	1717.27
1417	1719.7
1418	1722.13
1419	1724.56
1420	1726.99
1421	1729.42
1422	1731.86
1423	1734.29
1424	1736.73
1425	1739.17
1426	1741.62
1427	1744.06
1428	1746.5
1429	1748.95
1430	1751.4
1431	1753.85
1432	1756.3
1433	1758.76
1434	1761.21
1435	1763.67
1436	1766.13
1437	1768.59
1438	1771.05
1439	1773.51
1440	1775.98
1441	1778.45
1442	1780.92
1443	1783.39
1444	1785.86
1445	1788.33
1446	1790.81
1447	1793.29
1448	1795.77
1449	1798.25
1450	1800.73
1451	1803.22
1452	1805.7
1453	1808.19
1454	1810.68
1455	1813.17
1456	1815.67
1457	1818.16
1458	1820.66
1459	1823.16
1460	1825.66
1461	1828.16
1462	1830.66
1463	1833.17
1464	1835.67
1465	1838.18
1466	1840.69
1467	1843.2
1468	1845.72
1469	1848.23
1470	1850.75
1471	1853.27
1472	1855.79
1473	1858.31
1474	1860.84
1475	1863.36
1476	1865.89
1477	1868.42
1478	1870.95
1479	1873.48
1480	1876.02
1481	1878.55
1482	1881.09
1483	1883.63
1484	1886.17
1485	1888.71
1486	1891.26
1487	1893.8
1488	1896.35
1489	1898.9
1490	1901.45
1491	1904.01
1492	1906.56
1493	1909.12
1494	1911.68
1495	1914.24
1496	1916.8
1497	1919.36
1498	1921.93
1499	1924.49
1500	1927.06
1501	1929.63
1502	1932.2
1503	1934.78
1504	1937.35
1505	1939.93
1506	1942.51
1507	1945.09
1508	1947.67
1509	1950.26
1510	1952.84
1511	1955.43
1512	1958.02
1513	1960.61
1514	1963.2
1515	1965.8
1516	1968.39
1517	1970.99
1518	1973.59
1519	1976.19
1520	1978.79
1521	1981.4
1522	1984
1523	1986.61
1524	1989.22
1525	1991.83
1526	1994.45
1527	1997.06
1528	1999.68
1529	2002.3
1530	2004.92
1531	2007.54
1532	2010.16
1533	2012.79
1534	2015.41
1535	2018.04
1536	2020.67
1537	2023.3
1538	2025.94
1539	2028.57
1540	2031.21
1541	2033.85
1542	2036.49
1543	2039.13
1544	2041.77
1545	2044.42
1546	2047.07
1547	2049.72
1548	2052.37
1549	2055.02
1550	2057.67
1551	2060.33
1552	2062.99
1553	2065.65
1554	2068.31
1555	2070.97
1556	2073.63
1557	2076.3
1558	2078.97
1559	2081.64
1560	2084.31
1561	2086.98
1562	2089.66
1563	2092.33
1564	2095.01
1565	2097.69
1566	2100.37
1567	2103.06
1568	2105.74
1569	2108.43
1570	2111.12
1571	2113.81
1572	2116.5
1573	2119.19
1574	2121.89
1575	2124.59
1576	2127.28
1577	2129.98
1578	2132.69
1579	2135.39
1580	2138.1
1581	2140.8
1582	2143.51
1583	2146.22
1584	2148.94
1585	2151.65
1586	2154.37
1587	2157.08
1588	2159.8
1589	2162.52
1590	2165.25
1591	2167.97
1592	2170.7
1593	2173.43
1594	2176.15
1595	2178.89
1596	2181.62
1597	2184.35
1598	2187.09
1599	2189.83
1600	2192.57
1601	2195.31
1602	2198.05
1603	2200.8
1604	2203.54
1605	2206.29
1606	2209.04
1607	2211.79
1608	2214.55
1609	2217.3
1610	2220.06
1611	2222.82
1612	2225.58
1613	2228.34
1614	2231.11
1615	2233.87
1616	2236.64
1617	2239.41
1618	2242.18
1619	2244.95
1620	2247.72
1621	2250.5
1622	2253.28
1623	2256.06
1624	2258.84
1625	2261.62
1626	2264.41
1627	2267.19
1628	2269.98
1629	2272.77
1630	2275.56
1631	2278.35
1632	2281.15
1633	2283.94
1634	2286.74
1635	2289.54
1636	2292.34
1637	2295.15
1638	2297.95
1639	2300.76
1640	2303.57
1641	2306.38
1642	2309.19
1643	2312
1644	2314.82
1645	2317.63
1646	2320.45
1647	2323.27
1648	2326.1
1649	2328.92
1650	2331.74
1651	2334.57
1652	2337.4
1653	2340.23
1654	2343.06
1655	2345.9
1656	2348.73
1657	2351.57
1658	2354.41
1659	2357.25
1660	2360.09
1661	2362.94
1662	2365.78
1663	2368.63
1664	2371.48
1665	2374.33
1666	2377.19
1667	2380.04
1668	2382.9
1669	2385.75
1670	2388.61
1671	2391.48
1672	2394.34
1673	2397.2
1674	2400.07
1675	2402.94
1676	2405.81
1677	2408.68
1678	2411.55
1679	2414.43
1680	2417.31
1681	2420.18
1682	2423.07
1683	2425.95
1684	2428.83
1685	2431.72
1686	2434.6
1687	2437.49
1688	2440.38
1689	2443.28
1690	2446.17
1691	2449.07
1692	2451.96
1693	2454.86
1694	2457.76
1695	2460.67
1696	2463.57
1697	2466.48
1698	2469.38
1699	2472.29
1700	2475.2
1701	2478.12
1702	2481.03
1703	2483.95
1704	2486.87
1705	2489.79
1706	2492.71
1707	2495.63
1708	2498.55
1709	2501.48
1710	2504.41
1711	2507.34
1712	2510.27
1713	2513.2
1714	2516.14
1715	2519.08
1716	2522.02
1717	2524.96
1718	2527.9
1719	2530.84
1720	2533.79
1721	2536.73
1722	2539.68
1723	2542.63
1724	2545.59
1725	2548.54
1726	2551.49
1727	2554.45
1728	2557.41
1729	2560.37
1730	2563.33
1731	2566.3
1732	2569.26
1733	2572.23
1734	2575.2
1735	2578.17
1736	2581.15
1737	2584.12
1738	2587.1
1739	2590.07
1740	2593.05
1741	2596.04
1742	2599.02
1743	2602
1744	2604.99
1745	2607.98
1746	2610.97
1747	2613.96
1748	2616.95
1749	2619.95
1750	2622.95
1751	2625.94
1752	2628.94
1753	2631.95
1754	2634.95
1755	2637.95
1756	2640.96
1757	2643.97
1758	2646.98
1759	2649.99
1760	2653.01
1761	2656.02
1762	2659.04
1763	2662.06
1764	2665.08
1765	2668.1
1766	2671.13
1767	2674.15
1768	2677.18
1769	2680.21
1770	2683.24
1771	2686.27
1772	2689.31
1773	2692.34
1774	2695.38
1775	2698.42
1776	2701.46
1777	2704.51
1778	2707.55
1779	2710.6
1780	2713.65
1781	2716.7
1782	2719.75
1783	2722.8
1784	2725.86
1785	2728.91
1786	2731.97
1787	2735.03
1788	2738.09
1789	2741.16
1790	2744.22
1791	2747.29
1792	2750.36
1793	2753.43
1794	2756.5
1795	2759.57
1796	2762.65
1797	2765.73
1798	2768.81
1799	2771.89
1800	2774.97
1801	2778.05
1802	2781.14
1803	2784.23
1804	2787.32
1805	2790.41
1806	2793.5
1807	2796.59
1808	2799.69
1809	2802.79
1810	2805.89
1811	2808.99
1812	2812.09
1813	2815.2
1814	2818.3
1815	2821.41
1816	2824.52
1817	2827.63
1818	2830.75
1819	2833.86
1820	2836.98
1821	2840.1
1822	2843.22
1823	2846.34
1824	2849.46
1825	2852.59
1826	2855.71
1827	2858.84
1828	2861.97
1829	2865.1
1830	2868.24
1831	2871.37
1832	2874.51
1833	2877.65
1834	2880.79
1835	2883.93
1836	2887.08
1837	2890.22
1838	2893.37
1839	2896.52
1840	2899.67
1841	2902.82
1842	2905.98
1843	2909.13
1844	2912.29
1845	2915.45
1846	2918.61
1847	2921.78
1848	2924.94
1849	2928.11
1850	2931.28
1851	2934.44
1852	2937.62
1853	2940.79
1854	2943.96
1855	2947.14
1856	2950.32
1857	2953.5
1858	2956.68
1859	2959.86
1860	2963.05
1861	2966.24
1862	2969.43
1863	2972.62
1864	2975.81
1865	2979
1866	2982.2
1867	2985.39
1868	2988.59
1869	2991.79
1870	2995
1871	2998.2
1872	3001.41
1873	3004.61
1874	3007.82
1875	3011.03
1876	3014.25
1877	3017.46
1878	3020.68
1879	3023.89
1880	3027.11
1881	3030.34
1882	3033.56
1883	3036.78
1884	3040.01
1885	3043.24
1886	3046.47
1887	3049.7
1888	3052.93
1889	3056.17
1890	3059.4
1891	3062.64
1892	3065.88
1893	3069.12
1894	3072.37
1895	3075.61
1896	3078.86
1897	3082.11
1898	3085.36
1899	3088.61
1900	3091.86
1901	3095.12
1902	3098.38
1903	3101.64
1904	3104.9
1905	3108.16
1906	3111.42
1907	3114.69
1908	3117.96
1909	3121.22
1910	3124.5
1911	3127.77
1912	3131.04
1913	3134.32
1914	3137.6
1915	3140.88
1916	3144.16
1917	3147.44
1918	3150.72
1919	3154.01
1920	3157.3
1921	3160.59
1922	3163.88
1923	3167.17
1924	3170.47
1925	3173.76
1926	3177.06
1927	3180.36
1928	3183.66
1929	3186.97
1930	3190.27
1931	3193.58
1932	3196.89
1933	3200.2
1934	3203.51
1935	3206.82
1936	3210.14
1937	3213.46
1938	3216.77
1939	3220.1
1940	3223.42
1941	3226.74
1942	3230.07
1943	3233.39
1944	3236.72
1945	3240.05
1946	3243.39
1947	3246.72
1948	3250.06
1949	3253.39
1950	3256.73
1951	3260.08
1952	3263.42
1953	3266.76
1954	3270.11
1955	3273.46
1956	3276.81
1957	3280.16
1958	3283.51
1959	3286.87
1960	3290.22
1961	3293.58
1962	3296.94
1963	3300.3
1964	3303.67
1965	3307.03
1966	3310.4
1967	3313.77
1968	3317.14
1969	3320.51
1970	3323.88
1971	3327.26
1972	3330.63
1973	3334.01
1974	3337.39
1975	3340.78
1976	3344.16
1977	3347.55
1978	3350.93
1979	3354.32
1980	3357.71
1981	3361.1
1982	3364.5
1983	3367.9
1984	3371.29
1985	3374.69
1986	3378.09
1987	3381.5
1988	3384.9
1989	3388.31
1990	3391.71
1991	3395.12
1992	3398.54
1993	3401.95
1994	3405.36
1995	3408.78
1996	3412.2
1997	3415.62
1998	3419.04
1999	3422.46
2000	3425.89
2001	3429.31
2002	3432.74
2003	3436.17
2004	3439.6
2005	3443.04
2006	3446.47
2007	3449.91
2008	3453.35
2009	3456.79
2010	3460.23
2011	3463.68
2012	3467.12
2013	3470.57
2014	3474.02
2015	3477.47
2016	3480.92
2017	3484.38
2018	3487.83
2019	3491.29
2020	3494.75
2021	3498.21
2022	3501.67
2023	3505.14
2024	3508.6
2025	3512.07
2026	3515.54
2027	3519.01
2028	3522.48
2029	3525.96
2030	3529.44
2031	3532.91
2032	3536.39
2033	3539.87
2034	3543.36
2035	3546.84
2036	3550.33
2037	3553.82
2038	3557.31
2039	3560.8
2040	3564.29
2041	3567.79
2042	3571.29
2043	3574.78
2044	3578.28
2045	3581.79
2046	3585.29
2047	3588.8
2048	3592.3
2049	3595.81
2050	3599.32
2051	3602.84
2052	3606.35
2053	3609.87
2054	3613.38
2055	3616.9
2056	3620.42
2057	3623.95
2058	3627.47
2059	3631
2060	3634.52
2061	3638.05
2062	3641.58
2063	3645.12
2064	3648.65
2065	3652.19
2066	3655.73
2067	3659.27
2068	3662.81
2069	3666.35
2070	3669.9
2071	3673.44
2072	3676.99
2073	3680.54
2074	3684.09
2075	3687.65
2076	3691.2
2077	3694.76
2078	3698.32
2079	3701.88
2080	3705.44
2081	3709
2082	3712.57
2083	3716.14
2084	3719.71
2085	3723.28
2086	3726.85
2087	3730.42
2088	3734
2089	3737.58
2090	3741.15
2091	3744.74
2092	3748.32
2093	3751.9
2094	3755.49
2095	3759.08
2096	3762.67
2097	3766.26
2098	3769.85
2099	3773.44
2100	3777.04
2101	3780.64
2102	3784.24
2103	3787.84
2104	3791.44
2105	3795.05
2106	3798.65
2107	3802.26
2108	3805.87
2109	3809.49
2110	3813.1
2111	3816.71
2112	3820.33
2113	3823.95
2114	3827.57
2115	3831.19
2116	3834.82
2117	3838.44
2118	3842.07
2119	3845.7
2120	3849.33
2121	3852.96
2122	3856.59
2123	3860.23
2124	3863.87
2125	3867.51
2126	3871.15
2127	3874.79
2128	3878.43
2129	3882.08
2130	3885.73
2131	3889.38
2132	3893.03
2133	3896.68
2134	3900.34
2135	3903.99
2136	3907.65
2137	3911.31
2138	3914.97
2139	3918.63
2140	3922.3
2141	3925.97
2142	3929.63
2143	3933.3
2144	3936.98
2145	3940.65
2146	3944.32
2147	3948
2148	3951.68
2149	3955.36
2150	3959.04
2151	3962.73
2152	3966.41
2153	3970.1
2154	3973.79
2155	3977.48
2156	3981.17
2157	3984.86
2158	3988.56
2159	3992.26
2160	3995.96
2161	3999.66
2162	4003.36
2163	4007.06
2164	4010.77
2165	4014.48
2166	4018.19
2167	4021.9
2168	4025.61
2169	4029.32
2170	4033.04
2171	4036.76
2172	4040.48
2173	4044.2
2174	4047.92
2175	4051.65
2176	4055.37
2177	4059.1
2178	4062.83
2179	4066.56
2180	4070.3
2181	4074.03
2182	4077.77
2183	4081.51
2184	4085.25
2185	4088.99
2186	4092.73
2187	4096.48
2188	4100.23
2189	4103.97
2190	4107.72
2191	4111.48
2192	4115.23
2193	4118.99
2194	4122.74
2195	4126.5
2196	4130.26
2197	4134.03
2198	4137.79
2199	4141.56
2200	4145.32
2201	4149.09
2202	4152.86
2203	4156.64
2204	4160.41
2205	4164.19
2206	4167.97
2207	4171.75
2208	4175.53
2209	4179.31
2210	4183.09
2211	4186.88
2212	4190.67
2213	4194.46
2214	4198.25
2215	4202.04
2216	4205.84
2217	4209.64
2218	4213.43
2219	4217.23
2220	4221.04
2221	4224.84
2222	4228.64
2223	4232.45
2224	4236.26
2225	4240.07
2226	4243.88
2227	4247.7
2228	4251.51
2229	4255.33
2230	4259.15
2231	4262.97
2232	4266.79
2233	4270.62
2234	4274.44
2235	4278.27
2236	4282.1
2237	4285.93
2238	4289.76
2239	4293.6
2240	4297.43
2241	4301.27
2242	4305.11
2243	4308.95
2244	4312.8
2245	4316.64
2246	4320.49
2247	4324.33
2248	4328.18
2249	4332.04
2250	4335.89
2251	4339.74
2252	4343.6
2253	4347.46
2254	4351.32
2255	4355.18
2256	4359.04
2257	4362.91
2258	4366.78
2259	4370.65
2260	4374.52
2261	4378.39
2262	4382.26
2263	4386.14
2264	4390.01
2265	4393.89
2266	4397.77
2267	4401.66
2268	4405.54
2269	4409.43
2270	4413.31
2271	4417.2
2272	4421.09
2273	4424.99
2274	4428.88
2275	4432.78
2276	4436.68
2277	4440.57
2278	4444.48
2279	4448.38
2280	4452.28
2281	4456.19
2282	4460.1
2283	4464.01
2284	4467.92
2285	4471.83
2286	4475.75
2287	4479.66
2288	4483.58
2289	4487.5
2290	4491.42
2291	4495.35
2292	4499.27
2293	4503.2
2294	4507.13
2295	4511.06
2296	4514.99
2297	4518.92
2298	4522.86
2299	4526.8
2300	4530.74
2301	4534.68
2302	4538.62
2303	4542.56
2304	4546.51
2305	4550.46
2306	4554.41
2307	4558.36
2308	4562.31
2309	4566.26
2310	4570.22
2311	4574.18
2312	4578.14
2313	4582.1
2314	4586.06
2315	4590.03
2316	4593.99
2317	4597.96
2318	4601.93
2319	4605.9
2320	4609.87
2321	4613.85
2322	4617.83
2323	4621.8
2324	4625.78
2325	4629.77
2326	4633.75
2327	4637.73
2328	4641.72
2329	4645.71
2330	4649.7
2331	4653.69
2332	4657.69
2333	4661.68
2334	4665.68
2335	4669.68
2336	4673.68
2337	4677.68
2338	4681.68
2339	4685.69
2340	4689.7
2341	4693.71
2342	4697.72
2343	4701.73
2344	4705.74
2345	4709.76
2346	4713.78
2347	4717.8
2348	4721.82
2349	4725.84
2350	4729.87
2351	4733.89
2352	4737.92
2353	4741.95
2354	4745.98
2355	4750.01
2356	4754.05
2357	4758.09
2358	4762.12
2359	4766.16
2360	4770.21
2361	4774.25
2362	4778.29
2363	4782.34
2364	4786.39
2365	4790.44
2366	4794.49
2367	4798.55
2368	4802.6
2369	4806.66
2370	4810.72
2371	4814.78
2372	4818.84
2373	4822.9
2374	4826.97
2375	4831.04
2376	4835.11
2377	4839.18
2378	4843.25
2379	4847.32
2380	4851.4
2381	4855.48
2382	4859.56
2383	4863.64
2384	4867.72
2385	4871.8
2386	4875.89
2387	4879.98
2388	4884.07
2389	4888.16
2390	4892.25
2391	4896.35
2392	4900.44
2393	4904.54
2394	4908.64
2395	4912.74
2396	4916.85
2397	4920.95
2398	4925.06
2399	4929.17
2400	4933.28
2401	4937.39
2402	4941.5
2403	4945.62
2404	4949.74
2405	4953.85
2406	4957.98
2407	4962.1
2408	4966.22
2409	4970.35
2410	4974.47
2411	4978.6
2412	4982.73
2413	4986.87
2414	4991
2415	4995.14
2416	4999.27
2417	5003.41
2418	5007.55
2419	5011.7
2420	5015.84
2421	5019.99
2422	5024.14
2423	5028.29
2424	5032.44
2425	5036.59
2426	5040.74
2427	5044.9
2428	5049.06
2429	5053.22
2430	5057.38
2431	5061.54
2432	5065.71
2433	5069.88
2434	5074.04
2435	5078.21
2436	5082.39
2437	5086.56
2438	5090.74
2439	5094.91
2440	5099.09
2441	5103.27
2442	5107.45
2443	5111.64
2444	5115.82
2445	5120.01
2446	5124.2
2447	5128.39
2448	5132.58
2449	5136.78
2450	5140.97
2451	5145.17
2452	5149.37
2453	5153.57
2454	5157.77
2455	5161.98
2456	5166.18
2457	5170.39
2458	5174.6
2459	5178.81
2460	5183.03
2461	5187.24
2462	5191.46
2463	5195.67
2464	5199.89
2465	5204.12
2466	5208.34
2467	5212.56
2468	5216.79
2469	5221.02
2470	5225.25
2471	5229.48
2472	5233.71
2473	5237.95
2474	5242.19
2475	5246.43
2476	5250.67
2477	5254.91
2478	5259.15
2479	5263.4
2480	5267.64
2481	5271.89
2482	5276.14
2483	5280.4
2484	5284.65
2485	5288.91
2486	5293.16
2487	5297.42
2488	5301.68
2489	5305.95
2490	5310.21
2491	5314.48
2492	5318.75
2493	5323.01
2494	5327.29
2495	5331.56
2496	5335.83
2497	5340.11
2498	5344.39
2499	5348.67
2500	5352.95
