Independent Variable - Plot	Dependent Variable - Plot
0	0
1	0.000133341
2	0.000533364
3	0.00120007
4	0.00213346
5	0.00333353
6	0.00480028
7	0.00653371
8	0.00853383
9	0.0108006
10	0.0133341
11	0.0161343
12	0.0192011
13	0.0225346
14	0.0261348
15	0.0300017
16	0.0341353
17	0.0385356
18	0.0432025
19	0.0481361
20	0.0533364
21	0.0588034
22	0.0645371
23	0.0705374
24	0.0768045
25	0.0833382
26	0.0901386
27	0.0972056
28	0.104539
29	0.11214
30	0.120007
31	0.128141
32	0.136541
33	0.145208
34	0.154142
35	0.163343
36	0.17281
37	0.182544
38	0.192544
39	0.202812
40	0.213346
41	0.224146
42	0.235214
43	0.246548
44	0.258148
45	0.270016
46	0.28215
47	0.29455
48	0.307218
49	0.320152
50	0.333353
51	0.34682
52	0.360554
53	0.374555
54	0.388823
55	0.403357
56	0.418158
57	0.433225
58	0.448559
59	0.46416
60	0.480028
61	0.496162
62	0.512563
63	0.529231
64	0.546165
65	0.563366
66	0.580834
67	0.598568
68	0.616569
69	0.634837
70	0.653371
71	0.672172
72	0.69124
73	0.710575
74	0.730176
75	0.750043
76	0.770178
77	0.790579
78	0.811247
79	0.832182
80	0.853383
81	0.874851
82	0.896585
83	0.918587
84	0.940855
85	0.963389
86	0.98619
87	1.00926
88	1.03259
89	1.05619
90	1.08006
91	1.1042
92	1.1286
93	1.15327
94	1.1782
95	1.2034
96	1.22887
97	1.25461
98	1.28061
99	1.30688
100	1.33341
101	1.36021
102	1.38728
103	1.41462
104	1.44222
105	1.47009
106	1.49822
107	1.52662
108	1.55529
109	1.58423
110	1.61343
111	1.6429
112	1.67263
113	1.70263
114	1.7329
115	1.76344
116	1.79424
117	1.82531
118	1.85664
119	1.88824
120	1.92011
121	1.95225
122	1.98465
123	2.01732
124	2.05025
125	2.08345
126	2.11692
127	2.15066
128	2.18466
129	2.21893
130	2.25346
131	2.28827
132	2.32333
133	2.35867
134	2.39427
135	2.43014
136	2.46628
137	2.50268
138	2.53935
139	2.57628
140	2.61348
141	2.65095
142	2.68869
143	2.72669
144	2.76496
145	2.8035
146	2.8423
147	2.88137
148	2.9207
149	2.9603
150	3.00017
151	3.04031
152	3.08071
153	3.12138
154	3.16232
155	3.20352
156	3.24499
157	3.28672
158	3.32873
159	3.371
160	3.41353
161	3.45633
162	3.4994
163	3.54274
164	3.58634
165	3.63021
166	3.67435
167	3.71875
168	3.76342
169	3.80835
170	3.85356
171	3.89903
172	3.94476
173	3.99076
174	4.03703
175	4.08357
176	4.13037
177	4.17744
178	4.22478
179	4.27238
180	4.32025
181	4.36839
182	4.41679
183	4.46546
184	4.5144
185	4.5636
186	4.61307
187	4.6628
188	4.71281
189	4.76308
190	4.81361
191	4.86442
192	4.91548
193	4.96682
194	5.01842
195	5.07029
196	5.12243
197	5.17483
198	5.2275
199	5.28044
200	5.33364
201	5.38711
202	5.44085
203	5.49485
204	5.54912
205	5.60366
206	5.65846
207	5.71353
208	5.76887
209	5.82447
210	5.88034
211	5.93648
212	5.99288
213	6.04955
214	6.10649
215	6.16369
216	6.22116
217	6.2789
218	6.3369
219	6.39517
220	6.45371
221	6.51251
222	6.57158
223	6.63092
224	6.69052
225	6.75039
226	6.81053
227	6.87093
228	6.9316
229	6.99254
230	7.05374
231	7.11521
232	7.17695
233	7.23895
234	7.30122
235	7.36376
236	7.42656
237	7.48963
238	7.55297
239	7.61657
240	7.68045
241	7.74458
242	7.80899
243	7.87366
244	7.93859
245	8.0038
246	8.06927
247	8.135
248	8.20101
249	8.26728
250	8.33382
251	8.40062
252	8.46769
253	8.53503
254	8.60263
255	8.6705
256	8.73864
257	8.80704
258	8.87571
259	8.94465
260	9.01386
261	9.08333
262	9.15306
263	9.22307
264	9.29334
265	9.36388
266	9.43468
267	9.50575
268	9.57709
269	9.64869
270	9.72056
271	9.7927
272	9.86511
273	9.93778
274	10.0107
275	10.0839
276	10.1574
277	10.2311
278	10.3051
279	10.3794
280	10.4539
281	10.5287
282	10.6038
283	10.6792
284	10.7548
285	10.8306
286	10.9068
287	10.9832
288	11.0598
289	11.1368
290	11.214
291	11.2915
292	11.3692
293	11.4472
294	11.5255
295	11.604
296	11.6828
297	11.7619
298	11.8412
299	11.9208
300	12.0007
301	12.0808
302	12.1612
303	12.2419
304	12.3228
305	12.4041
306	12.4855
307	12.5673
308	12.6493
309	12.7315
310	12.8141
311	12.8969
312	12.98
313	13.0633
314	13.1469
315	13.2308
316	13.3149
317	13.3993
318	13.484
319	13.5689
320	13.6541
321	13.7396
322	13.8253
323	13.9113
324	13.9976
325	14.0841
326	14.171
327	14.258
328	14.3454
329	14.433
330	14.5208
331	14.609
332	14.6974
333	14.7861
334	14.875
335	14.9642
336	15.0537
337	15.1434
338	15.2334
339	15.3237
340	15.4142
341	15.505
342	15.5961
343	15.6874
344	15.779
345	15.8709
346	15.9631
347	16.0555
348	16.1481
349	16.2411
350	16.3343
351	16.4278
352	16.5215
353	16.6155
354	16.7098
355	16.8043
356	16.8991
357	16.9942
358	17.0895
359	17.1851
360	17.281
361	17.3771
362	17.4735
363	17.5702
364	17.6672
365	17.7644
366	17.8618
367	17.9596
368	18.0576
369	18.1559
370	18.2544
371	18.3532
372	18.4523
373	18.5516
374	18.6512
375	18.7511
376	18.8512
377	18.9516
378	19.0523
379	19.1532
380	19.2544
381	19.3559
382	19.4577
383	19.5597
384	19.6619
385	19.7645
386	19.8673
387	19.9704
388	20.0737
389	20.1773
390	20.2812
391	20.3853
392	20.4897
393	20.5944
394	20.6993
395	20.8045
396	20.91
397	21.0158
398	21.1218
399	21.228
400	21.3346
401	21.4414
402	21.5484
403	21.6558
404	21.7634
405	21.8713
406	21.9794
407	22.0878
408	22.1965
409	22.3054
410	22.4146
411	22.5241
412	22.6338
413	22.7439
414	22.8541
415	22.9647
416	23.0755
417	23.1865
418	23.2979
419	23.4095
420	23.5214
421	23.6335
422	23.7459
423	23.8586
424	23.9715
425	24.0847
426	24.1982
427	24.3119
428	24.4259
429	24.5402
430	24.6548
431	24.7696
432	24.8846
433	25
434	25.1156
435	25.2315
436	25.3476
437	25.464
438	25.5807
439	25.6976
440	25.8148
441	25.9323
442	26.05
443	26.1681
444	26.2863
445	26.4049
446	26.5237
447	26.6427
448	26.7621
449	26.8817
450	27.0016
451	27.1217
452	27.2421
453	27.3628
454	27.4837
455	27.6049
456	27.7264
457	27.8481
458	27.9702
459	28.0924
460	28.215
461	28.3378
462	28.4608
463	28.5842
464	28.7078
465	28.8317
466	28.9558
467	29.0802
468	29.2049
469	29.3298
470	29.455
471	29.5805
472	29.7063
473	29.8323
474	29.9585
475	30.0851
476	30.2119
477	30.339
478	30.4663
479	30.5939
480	30.7218
481	30.8499
482	30.9783
483	31.107
484	31.2359
485	31.3652
486	31.4946
487	31.6244
488	31.7544
489	31.8846
490	32.0152
491	32.146
492	32.2771
493	32.4084
494	32.54
495	32.6719
496	32.804
497	32.9364
498	33.0691
499	33.2021
500	33.3353
501	33.4687
502	33.6025
503	33.7365
504	33.8708
505	34.0053
506	34.1401
507	34.2752
508	34.4105
509	34.5461
510	34.682
511	34.8182
512	34.9546
513	35.0912
514	35.2282
515	35.3654
516	35.5029
517	35.6406
518	35.7786
519	35.9169
520	36.0554
521	36.1942
522	36.3333
523	36.4726
524	36.6123
525	36.7521
526	36.8923
527	37.0327
528	37.1734
529	37.3143
530	37.4555
531	37.597
532	37.7387
533	37.8807
534	38.023
535	38.1655
536	38.3084
537	38.4514
538	38.5948
539	38.7384
540	38.8823
541	39.0264
542	39.1708
543	39.3155
544	39.4604
545	39.6056
546	39.7511
547	39.8968
548	40.0429
549	40.1891
550	40.3357
551	40.4825
552	40.6296
553	40.7769
554	40.9245
555	41.0724
556	41.2205
557	41.3689
558	41.5176
559	41.6665
560	41.8158
561	41.9652
562	42.115
563	42.265
564	42.4153
565	42.5658
566	42.7166
567	42.8677
568	43.019
569	43.1706
570	43.3225
571	43.4747
572	43.6271
573	43.7797
574	43.9327
575	44.0859
576	44.2394
577	44.3931
578	44.5471
579	44.7014
580	44.8559
581	45.0107
582	45.1658
583	45.3212
584	45.4768
585	45.6326
586	45.7888
587	45.9452
588	46.1019
589	46.2588
590	46.416
591	46.5735
592	46.7312
593	46.8893
594	47.0475
595	47.2061
596	47.3649
597	47.524
598	47.6833
599	47.8429
600	48.0028
601	48.1629
602	48.3233
603	48.484
604	48.645
605	48.8062
606	48.9676
607	49.1294
608	49.2914
609	49.4537
610	49.6162
611	49.779
612	49.9421
613	50.1054
614	50.269
615	50.4329
616	50.5971
617	50.7615
618	50.9262
619	51.0911
620	51.2563
621	51.4218
622	51.5875
623	51.7535
624	51.9198
625	52.0864
626	52.2532
627	52.4202
628	52.5876
629	52.7552
630	52.9231
631	53.0912
632	53.2596
633	53.4283
634	53.5972
635	53.7664
636	53.9359
637	54.1057
638	54.2757
639	54.446
640	54.6165
641	54.7873
642	54.9584
643	55.1297
644	55.3013
645	55.4732
646	55.6454
647	55.8178
648	55.9904
649	56.1634
650	56.3366
651	56.5101
652	56.6838
653	56.8578
654	57.0321
655	57.2066
656	57.3815
657	57.5565
658	57.7319
659	57.9075
660	58.0834
661	58.2595
662	58.4359
663	58.6126
664	58.7895
665	58.9668
666	59.1442
667	59.322
668	59.5
669	59.6783
670	59.8568
671	60.0356
672	60.2147
673	60.394
674	60.5736
675	60.7535
676	60.9337
677	61.1141
678	61.2948
679	61.4757
680	61.6569
681	61.8384
682	62.0201
683	62.2021
684	62.3844
685	62.567
686	62.7498
687	62.9328
688	63.1162
689	63.2998
690	63.4837
691	63.6678
692	63.8522
693	64.0369
694	64.2219
695	64.4071
696	64.5925
697	64.7783
698	64.9643
699	65.1506
700	65.3371
701	65.5239
702	65.711
703	65.8984
704	66.086
705	66.2738
706	66.462
707	66.6504
708	66.8391
709	67.028
710	67.2172
711	67.4067
712	67.5965
713	67.7865
714	67.9767
715	68.1673
716	68.3581
717	68.5492
718	68.7405
719	68.9321
720	69.124
721	69.3162
722	69.5086
723	69.7012
724	69.8942
725	70.0874
726	70.2809
727	70.4746
728	70.6686
729	70.8629
730	71.0575
731	71.2523
732	71.4473
733	71.6427
734	71.8383
735	72.0342
736	72.2303
737	72.4267
738	72.6234
739	72.8204
740	73.0176
741	73.215
742	73.4128
743	73.6108
744	73.8091
745	74.0076
746	74.2064
747	74.4055
748	74.6049
749	74.8045
750	75.0043
751	75.2045
752	75.4049
753	75.6056
754	75.8065
755	76.0077
756	76.2092
757	76.411
758	76.613
759	76.8153
760	77.0178
761	77.2206
762	77.4237
763	77.627
764	77.8306
765	78.0345
766	78.2387
767	78.4431
768	78.6478
769	78.8527
770	79.0579
771	79.2634
772	79.4691
773	79.6752
774	79.8814
775	80.088
776	80.2948
777	80.5019
778	80.7092
779	80.9168
780	81.1247
781	81.3328
782	81.5413
783	81.7499
784	81.9589
785	82.1681
786	82.3776
787	82.5873
788	82.7973
789	83.0076
790	83.2182
791	83.429
792	83.64
793	83.8514
794	84.063
795	84.2749
796	84.487
797	84.6994
798	84.9121
799	85.1251
800	85.3383
801	85.5518
802	85.7655
803	85.9795
804	86.1938
805	86.4083
806	86.6232
807	86.8382
808	87.0536
809	87.2692
810	87.4851
811	87.7012
812	87.9176
813	88.1343
814	88.3513
815	88.5685
816	88.7859
817	89.0037
818	89.2217
819	89.44
820	89.6585
821	89.8773
822	90.0964
823	90.3158
824	90.5354
825	90.7553
826	90.9754
827	91.1958
828	91.4165
829	91.6374
830	91.8587
831	92.0801
832	92.3019
833	92.5239
834	92.7462
835	92.9687
836	93.1915
837	93.4146
838	93.638
839	93.8616
840	94.0855
841	94.3096
842	94.534
843	94.7587
844	94.9836
845	95.2089
846	95.4343
847	95.6601
848	95.8861
849	96.1124
850	96.3389
851	96.5657
852	96.7928
853	97.0202
854	97.2478
855	97.4757
856	97.7038
857	97.9322
858	98.1609
859	98.3898
860	98.619
861	98.8485
862	99.0783
863	99.3083
864	99.5386
865	99.7691
866	99.9999
867	100.231
868	100.462
869	100.694
870	100.926
871	101.158
872	101.39
873	101.623
874	101.856
875	102.089
876	102.323
877	102.556
878	102.79
879	103.025
880	103.259
881	103.494
882	103.729
883	103.965
884	104.2
885	104.436
886	104.672
887	104.909
888	105.145
889	105.382
890	105.619
891	105.857
892	106.095
893	106.333
894	106.571
895	106.81
896	107.048
897	107.287
898	107.527
899	107.766
900	108.006
901	108.246
902	108.487
903	108.728
904	108.968
905	109.21
906	109.451
907	109.693
908	109.935
909	110.177
910	110.42
911	110.663
912	110.906
913	111.149
914	111.393
915	111.636
916	111.881
917	112.125
918	112.37
919	112.615
920	112.86
921	113.105
922	113.351
923	113.597
924	113.843
925	114.09
926	114.337
927	114.584
928	114.831
929	115.079
930	115.327
931	115.575
932	115.823
933	116.072
934	116.321
935	116.57
936	116.82
937	117.069
938	117.319
939	117.57
940	117.82
941	118.071
942	118.322
943	118.573
944	118.825
945	119.077
946	119.329
947	119.581
948	119.834
949	120.087
950	120.34
951	120.594
952	120.848
953	121.102
954	121.356
955	121.61
956	121.865
957	122.12
958	122.376
959	122.631
960	122.887
961	123.143
962	123.4
963	123.656
964	123.913
965	124.171
966	124.428
967	124.686
968	124.944
969	125.202
970	125.461
971	125.719
972	125.979
973	126.238
974	126.497
975	126.757
976	127.017
977	127.278
978	127.539
979	127.8
980	128.061
981	128.322
982	128.584
983	128.846
984	129.108
985	129.371
986	129.634
987	129.897
988	130.16
989	130.424
990	130.688
991	130.952
992	131.216
993	131.481
994	131.746
995	132.011
996	132.276
997	132.542
998	132.808
999	133.075
1000	133.341
1001	133.608
1002	133.875
1003	134.142
1004	134.41
1005	134.678
1006	134.946
1007	135.214
1008	135.483
1009	135.752
1010	136.021
1011	136.291
1012	136.56
1013	136.83
1014	137.101
1015	137.371
1016	137.642
1017	137.913
1018	138.185
1019	138.456
1020	138.728
1021	139
1022	139.273
1023	139.545
1024	139.818
1025	140.091
1026	140.365
1027	140.639
1028	140.913
1029	141.187
1030	141.462
1031	141.736
1032	142.011
1033	142.287
1034	142.562
1035	142.838
1036	143.114
1037	143.391
1038	143.668
1039	143.944
1040	144.222
1041	144.499
1042	144.777
1043	145.055
1044	145.333
1045	145.612
1046	145.891
1047	146.17
1048	146.449
1049	146.729
1050	147.009
1051	147.289
1052	147.569
1053	147.85
1054	148.131
1055	148.412
1056	148.693
1057	148.975
1058	149.257
1059	149.539
1060	149.822
1061	150.105
1062	150.388
1063	150.671
1064	150.955
1065	151.239
1066	151.523
1067	151.807
1068	152.092
1069	152.377
1070	152.662
1071	152.948
1072	153.233
1073	153.519
1074	153.806
1075	154.092
1076	154.379
1077	154.666
1078	154.954
1079	155.241
1080	155.529
1081	155.817
1082	156.106
1083	156.394
1084	156.683
1085	156.972
1086	157.262
1087	157.552
1088	157.842
1089	158.132
1090	158.423
1091	158.713
1092	159.004
1093	159.296
1094	159.587
1095	159.879
1096	160.171
1097	160.464
1098	160.757
1099	161.049
1100	161.343
1101	161.636
1102	161.93
1103	162.224
1104	162.518
1105	162.813
1106	163.108
1107	163.403
1108	163.698
1109	163.994
1110	164.29
1111	164.586
1112	164.882
1113	165.179
1114	165.476
1115	165.773
1116	166.07
1117	166.368
1118	166.666
1119	166.964
1120	167.263
1121	167.562
1122	167.861
1123	168.16
1124	168.46
1125	168.76
1126	169.06
1127	169.36
1128	169.661
1129	169.962
1130	170.263
1131	170.565
1132	170.866
1133	171.168
1134	171.471
1135	171.773
1136	172.076
1137	172.379
1138	172.683
1139	172.986
1140	173.29
1141	173.594
1142	173.899
1143	174.203
1144	174.508
1145	174.813
1146	175.119
1147	175.425
1148	175.731
1149	176.037
1150	176.344
1151	176.65
1152	176.957
1153	177.265
1154	177.572
1155	177.88
1156	178.188
1157	178.497
1158	178.806
1159	179.115
1160	179.424
1161	179.733
1162	180.043
1163	180.353
1164	180.663
1165	180.974
1166	181.285
1167	181.596
1168	181.907
1169	182.219
1170	182.531
1171	182.843
1172	183.155
1173	183.468
1174	183.781
1175	184.094
1176	184.407
1177	184.721
1178	185.035
1179	185.35
1180	185.664
1181	185.979
1182	186.294
1183	186.609
1184	186.925
1185	187.241
1186	187.557
1187	187.873
1188	188.19
1189	188.507
1190	188.824
1191	189.142
1192	189.46
1193	189.778
1194	190.096
1195	190.414
1196	190.733
1197	191.052
1198	191.372
1199	191.691
1200	192.011
1201	192.331
1202	192.652
1203	192.972
1204	193.293
1205	193.615
1206	193.936
1207	194.258
1208	194.58
1209	194.902
1210	195.225
1211	195.547
1212	195.871
1213	196.194
1214	196.518
1215	196.841
1216	197.166
1217	197.49
1218	197.815
1219	198.14
1220	198.465
1221	198.79
1222	199.116
1223	199.442
1224	199.768
1225	200.095
1226	200.422
1227	200.749
1228	201.076
1229	201.404
1230	201.732
1231	202.06
1232	202.388
1233	202.717
1234	203.046
1235	203.375
1236	203.705
1237	204.034
1238	204.364
1239	204.695
1240	205.025
1241	205.356
1242	205.687
1243	206.018
1244	206.35
1245	206.682
1246	207.014
1247	207.347
1248	207.679
1249	208.012
1250	208.345
1251	208.679
1252	209.013
1253	209.347
1254	209.681
1255	210.016
1256	210.35
1257	210.685
1258	211.021
1259	211.356
1260	211.692
1261	212.028
1262	212.365
1263	212.702
1264	213.038
1265	213.376
1266	213.713
1267	214.051
1268	214.389
1269	214.727
1270	215.066
1271	215.405
1272	215.744
1273	216.083
1274	216.423
1275	216.763
1276	217.103
1277	217.443
1278	217.784
1279	218.125
1280	218.466
1281	218.807
1282	219.149
1283	219.491
1284	219.834
1285	220.176
1286	220.519
1287	220.862
1288	221.205
1289	221.549
1290	221.893
1291	222.237
1292	222.581
1293	222.926
1294	223.271
1295	223.616
1296	223.962
1297	224.308
1298	224.654
1299	225
1300	225.346
1301	225.693
1302	226.04
1303	226.388
1304	226.735
1305	227.083
1306	227.431
1307	227.78
1308	228.128
1309	228.477
1310	228.827
1311	229.176
1312	229.526
1313	229.876
1314	230.226
1315	230.577
1316	230.928
1317	231.279
1318	231.63
1319	231.982
1320	232.333
1321	232.686
1322	233.038
1323	233.391
1324	233.744
1325	234.097
1326	234.45
1327	234.804
1328	235.158
1329	235.512
1330	235.867
1331	236.222
1332	236.577
1333	236.932
1334	237.288
1335	237.644
1336	238
1337	238.356
1338	238.713
1339	239.07
1340	239.427
1341	239.785
1342	240.142
1343	240.5
1344	240.859
1345	241.217
1346	241.576
1347	241.935
1348	242.295
1349	242.654
1350	243.014
1351	243.374
1352	243.735
1353	244.095
1354	244.456
1355	244.818
1356	245.179
1357	245.541
1358	245.903
1359	246.265
1360	246.628
1361	246.99
1362	247.354
1363	247.717
1364	248.081
1365	248.444
1366	248.809
1367	249.173
1368	249.538
1369	249.903
1370	250.268
1371	250.633
1372	250.999
1373	251.365
1374	251.731
1375	252.098
1376	252.465
1377	252.832
1378	253.199
1379	253.567
1380	253.935
1381	254.303
1382	254.671
1383	255.04
1384	255.409
1385	255.778
1386	256.148
1387	256.517
1388	256.887
1389	257.258
1390	257.628
1391	257.999
1392	258.37
1393	258.742
1394	259.113
1395	259.485
1396	259.857
1397	260.23
1398	260.602
1399	260.975
1400	261.348
1401	261.722
1402	262.096
1403	262.47
1404	262.844
1405	263.219
1406	263.593
1407	263.969
1408	264.344
1409	264.719
1410	265.095
1411	265.472
1412	265.848
1413	266.225
1414	266.602
1415	266.979
1416	267.356
1417	267.734
1418	268.112
1419	268.49
1420	268.869
1421	269.248
1422	269.627
1423	270.006
1424	270.386
1425	270.766
1426	271.146
1427	271.526
1428	271.907
1429	272.288
1430	272.669
1431	273.051
1432	273.432
1433	273.814
1434	274.197
1435	274.579
1436	274.962
1437	275.345
1438	275.729
1439	276.112
1440	276.496
1441	276.88
1442	277.265
1443	277.649
1444	278.034
1445	278.419
1446	278.805
1447	279.191
1448	279.577
1449	279.963
1450	280.35
1451	280.736
1452	281.123
1453	281.511
1454	281.898
1455	282.286
1456	282.675
1457	283.063
1458	283.452
1459	283.841
1460	284.23
1461	284.619
1462	285.009
1463	285.399
1464	285.789
1465	286.18
1466	286.571
1467	286.962
1468	287.353
1469	287.745
1470	288.137
1471	288.529
1472	288.921
1473	289.314
1474	289.707
1475	290.1
1476	290.494
1477	290.887
1478	291.281
1479	291.676
1480	292.07
1481	292.465
1482	292.86
1483	293.256
1484	293.651
1485	294.047
1486	294.443
1487	294.84
1488	295.236
1489	295.633
1490	296.03
1491	296.428
1492	296.826
1493	297.224
1494	297.622
1495	298.021
1496	298.419
1497	298.819
1498	299.218
1499	299.618
1500	300.017
1501	300.418
1502	300.818
1503	301.219
1504	301.62
1505	302.021
1506	302.422
1507	302.824
1508	303.226
1509	303.628
1510	304.031
1511	304.434
1512	304.837
1513	305.24
1514	305.644
1515	306.048
1516	306.452
1517	306.856
1518	307.261
1519	307.666
1520	308.071
1521	308.477
1522	308.882
1523	309.288
1524	309.695
1525	310.101
1526	310.508
1527	310.915
1528	311.323
1529	311.73
1530	312.138
1531	312.546
1532	312.955
1533	313.363
1534	313.772
1535	314.182
1536	314.591
1537	315.001
1538	315.411
1539	315.821
1540	316.232
1541	316.642
1542	317.054
1543	317.465
1544	317.877
1545	318.288
1546	318.701
1547	319.113
1548	319.526
1549	319.939
1550	320.352
1551	320.765
1552	321.179
1553	321.593
1554	322.007
1555	322.422
1556	322.837
1557	323.252
1558	323.667
1559	324.083
1560	324.499
1561	324.915
1562	325.331
1563	325.748
1564	326.165
1565	326.582
1566	327
1567	327.418
1568	327.836
1569	328.254
1570	328.672
1571	329.091
1572	329.51
1573	329.93
1574	330.349
1575	330.769
1576	331.189
1577	331.61
1578	332.03
1579	332.451
1580	332.873
1581	333.294
1582	333.716
1583	334.138
1584	334.56
1585	334.983
1586	335.406
1587	335.829
1588	336.252
1589	336.676
1590	337.1
1591	337.524
1592	337.948
1593	338.373
1594	338.798
1595	339.223
1596	339.648
1597	340.074
1598	340.5
1599	340.927
1600	341.353
1601	341.78
1602	342.207
1603	342.634
1604	343.062
1605	343.49
1606	343.918
1607	344.346
1608	344.775
1609	345.204
1610	345.633
1611	346.063
1612	346.493
1613	346.923
1614	347.353
1615	347.783
1616	348.214
1617	348.645
1618	349.077
1619	349.508
1620	349.94
1621	350.372
1622	350.805
1623	351.238
1624	351.671
1625	352.104
1626	352.537
1627	352.971
1628	353.405
1629	353.839
1630	354.274
1631	354.709
1632	355.144
1633	355.579
1634	356.015
1635	356.451
1636	356.887
1637	357.323
1638	357.76
1639	358.197
1640	358.634
1641	359.072
1642	359.509
1643	359.947
1644	360.386
1645	360.824
1646	361.263
1647	361.702
1648	362.142
1649	362.581
1650	363.021
1651	363.461
1652	363.902
1653	364.342
1654	364.783
1655	365.225
1656	365.666
1657	366.108
1658	366.55
1659	366.992
1660	367.435
1661	367.877
1662	368.321
1663	368.764
1664	369.208
1665	369.651
1666	370.096
1667	370.54
1668	370.985
1669	371.43
1670	371.875
1671	372.32
1672	372.766
1673	373.212
1674	373.658
1675	374.105
1676	374.552
1677	374.999
1678	375.446
1679	375.894
1680	376.342
1681	376.79
1682	377.238
1683	377.687
1684	378.136
1685	378.585
1686	379.035
1687	379.485
1688	379.935
1689	380.385
1690	380.835
1691	381.286
1692	381.737
1693	382.189
1694	382.64
1695	383.092
1696	383.544
1697	383.997
1698	384.449
1699	384.902
1700	385.356
1701	385.809
1702	386.263
1703	386.717
1704	387.171
1705	387.626
1706	388.081
1707	388.536
1708	388.991
1709	389.447
1710	389.903
1711	390.359
1712	390.815
1713	391.272
1714	391.729
1715	392.186
1716	392.644
1717	393.101
1718	393.559
1719	394.018
1720	394.476
1721	394.935
1722	395.394
1723	395.853
1724	396.313
1725	396.773
1726	397.233
1727	397.694
1728	398.154
1729	398.615
1730	399.076
1731	399.538
1732	400
1733	400.462
1734	400.924
1735	401.387
1736	401.849
1737	402.313
1738	402.776
1739	403.24
1740	403.703
1741	404.168
1742	404.632
1743	405.097
1744	405.562
1745	406.027
1746	406.492
1747	406.958
1748	407.424
1749	407.89
1750	408.357
1751	408.824
1752	409.291
1753	409.758
1754	410.226
1755	410.694
1756	411.162
1757	411.63
1758	412.099
1759	412.568
1760	413.037
1761	413.507
1762	413.977
1763	414.447
1764	414.917
1765	415.387
1766	415.858
1767	416.329
1768	416.801
1769	417.272
1770	417.744
1771	418.216
1772	418.689
1773	419.161
1774	419.634
1775	420.108
1776	420.581
1777	421.055
1778	421.529
1779	422.003
1780	422.478
1781	422.953
1782	423.428
1783	423.903
1784	424.379
1785	424.855
1786	425.331
1787	425.807
1788	426.284
1789	426.761
1790	427.238
1791	427.716
1792	428.193
1793	428.671
1794	429.15
1795	429.628
1796	430.107
1797	430.586
1798	431.066
1799	431.545
1800	432.025
1801	432.505
1802	432.986
1803	433.466
1804	433.947
1805	434.429
1806	434.91
1807	435.392
1808	435.874
1809	436.356
1810	436.839
1811	437.321
1812	437.805
1813	438.288
1814	438.772
1815	439.255
1816	439.74
1817	440.224
1818	440.709
1819	441.194
1820	441.679
1821	442.164
1822	442.65
1823	443.136
1824	443.623
1825	444.109
1826	444.596
1827	445.083
1828	445.57
1829	446.058
1830	446.546
1831	447.034
1832	447.522
1833	448.011
1834	448.5
1835	448.989
1836	449.479
1837	449.969
1838	450.459
1839	450.949
1840	451.44
1841	451.93
1842	452.421
1843	452.913
1844	453.404
1845	453.896
1846	454.388
1847	454.881
1848	455.374
1849	455.867
1850	456.36
1851	456.853
1852	457.347
1853	457.841
1854	458.335
1855	458.83
1856	459.325
1857	459.82
1858	460.315
1859	460.811
1860	461.307
1861	461.803
1862	462.299
1863	462.796
1864	463.293
1865	463.79
1866	464.288
1867	464.785
1868	465.284
1869	465.782
1870	466.28
1871	466.779
1872	467.278
1873	467.778
1874	468.277
1875	468.777
1876	469.277
1877	469.778
1878	470.278
1879	470.779
1880	471.281
1881	471.782
1882	472.284
1883	472.786
1884	473.288
1885	473.791
1886	474.294
1887	474.797
1888	475.3
1889	475.804
1890	476.308
1891	476.812
1892	477.316
1893	477.821
1894	478.326
1895	478.831
1896	479.337
1897	479.842
1898	480.348
1899	480.855
1900	481.361
1901	481.868
1902	482.375
1903	482.883
1904	483.39
1905	483.898
1906	484.406
1907	484.915
1908	485.423
1909	485.932
1910	486.442
1911	486.951
1912	487.461
1913	487.971
1914	488.481
1915	488.992
1916	489.503
1917	490.014
1918	490.525
1919	491.037
1920	491.548
1921	492.061
1922	492.573
1923	493.086
1924	493.599
1925	494.112
1926	494.625
1927	495.139
1928	495.653
1929	496.168
1930	496.682
1931	497.197
1932	497.712
1933	498.227
1934	498.743
1935	499.259
1936	499.775
1937	500.292
1938	500.808
1939	501.325
1940	501.842
1941	502.36
1942	502.878
1943	503.396
1944	503.914
1945	504.433
1946	504.951
1947	505.47
1948	505.99
1949	506.509
1950	507.029
1951	507.55
1952	508.07
1953	508.591
1954	509.112
1955	509.633
1956	510.154
1957	510.676
1958	511.198
1959	511.72
1960	512.243
1961	512.766
1962	513.289
1963	513.812
1964	514.336
1965	514.86
1966	515.384
1967	515.908
1968	516.433
1969	516.958
1970	517.483
1971	518.009
1972	518.535
1973	519.061
1974	519.587
1975	520.113
1976	520.64
1977	521.167
1978	521.695
1979	522.222
1980	522.75
1981	523.278
1982	523.807
1983	524.336
1984	524.865
1985	525.394
1986	525.923
1987	526.453
1988	526.983
1989	527.513
1990	528.044
1991	528.575
1992	529.106
1993	529.637
1994	530.169
1995	530.701
1996	531.233
1997	531.765
1998	532.298
1999	532.831
2000	533.364
2001	533.898
2002	534.432
2003	534.966
2004	535.5
2005	536.034
2006	536.569
2007	537.104
2008	537.64
2009	538.175
2010	538.711
2011	539.247
2012	539.784
2013	540.321
2014	540.857
2015	541.395
2016	541.932
2017	542.47
2018	543.008
2019	543.546
2020	544.085
2021	544.624
2022	545.163
2023	545.702
2024	546.242
2025	546.782
2026	547.322
2027	547.862
2028	548.403
2029	548.944
2030	549.485
2031	550.027
2032	550.568
2033	551.11
2034	551.653
2035	552.195
2036	552.738
2037	553.281
2038	553.825
2039	554.368
2040	554.912
2041	555.456
2042	556.001
2043	556.545
2044	557.09
2045	557.636
2046	558.181
2047	558.727
2048	559.273
2049	559.819
2050	560.366
2051	560.913
2052	561.46
2053	562.007
2054	562.555
2055	563.103
2056	563.651
2057	564.199
2058	564.748
2059	565.297
2060	565.846
2061	566.396
2062	566.945
2063	567.495
2064	568.046
2065	568.596
2066	569.147
2067	569.698
2068	570.25
2069	570.801
2070	571.353
2071	571.905
2072	572.458
2073	573.01
2074	573.563
2075	574.117
2076	574.67
2077	575.224
2078	575.778
2079	576.332
2080	576.887
2081	577.442
2082	577.997
2083	578.552
2084	579.108
2085	579.664
2086	580.22
2087	580.776
2088	581.333
2089	581.89
2090	582.447
2091	583.005
2092	583.562
2093	584.12
2094	584.679
2095	585.237
2096	585.796
2097	586.355
2098	586.915
2099	587.474
2100	588.034
2101	588.594
2102	589.155
2103	589.715
2104	590.276
2105	590.838
2106	591.399
2107	591.961
2108	592.523
2109	593.085
2110	593.648
2111	594.211
2112	594.774
2113	595.337
2114	595.901
2115	596.465
2116	597.029
2117	597.593
2118	598.158
2119	598.723
2120	599.288
2121	599.854
2122	600.419
2123	600.985
2124	601.552
2125	602.118
2126	602.685
2127	603.252
2128	603.82
2129	604.387
2130	604.955
2131	605.523
2132	606.092
2133	606.66
2134	607.229
2135	607.799
2136	608.368
2137	608.938
2138	609.508
2139	610.078
2140	610.649
2141	611.22
2142	611.791
2143	612.362
2144	612.934
2145	613.506
2146	614.078
2147	614.65
2148	615.223
2149	615.796
2150	616.369
2151	616.943
2152	617.516
2153	618.09
2154	618.665
2155	619.239
2156	619.814
2157	620.389
2158	620.965
2159	621.54
2160	622.116
2161	622.692
2162	623.269
2163	623.845
2164	624.422
2165	625
2166	625.577
2167	626.155
2168	626.733
2169	627.311
2170	627.89
2171	628.469
2172	629.048
2173	629.627
2174	630.207
2175	630.787
2176	631.367
2177	631.947
2178	632.528
2179	633.109
2180	633.69
2181	634.272
2182	634.853
2183	635.435
2184	636.018
2185	636.6
2186	637.183
2187	637.766
2188	638.35
2189	638.933
2190	639.517
2191	640.101
2192	640.686
2193	641.27
2194	641.855
2195	642.441
2196	643.026
2197	643.612
2198	644.198
2199	644.784
2200	645.371
2201	645.958
2202	646.545
2203	647.132
2204	647.72
2205	648.308
2206	648.896
2207	649.484
2208	650.073
2209	650.662
2210	651.251
2211	651.841
2212	652.43
2213	653.02
2214	653.611
2215	654.201
2216	654.792
2217	655.383
2218	655.975
2219	656.566
2220	657.158
2221	657.75
2222	658.343
2223	658.935
2224	659.528
2225	660.122
2226	660.715
2227	661.309
2228	661.903
2229	662.497
2230	663.092
2231	663.687
2232	664.282
2233	664.877
2234	665.473
2235	666.069
2236	666.665
2237	667.261
2238	667.858
2239	668.455
2240	669.052
2241	669.65
2242	670.247
2243	670.845
2244	671.444
2245	672.042
2246	672.641
2247	673.24
2248	673.84
2249	674.439
2250	675.039
2251	675.639
2252	676.24
2253	676.84
2254	677.441
2255	678.043
2256	678.644
2257	679.246
2258	679.848
2259	680.45
2260	681.053
2261	681.656
2262	682.259
2263	682.862
2264	683.466
2265	684.07
2266	684.674
2267	685.278
2268	685.883
2269	686.488
2270	687.093
2271	687.699
2272	688.304
2273	688.91
2274	689.517
2275	690.123
2276	690.73
2277	691.337
2278	691.945
2279	692.552
2280	693.16
2281	693.768
2282	694.377
2283	694.985
2284	695.594
2285	696.204
2286	696.813
2287	697.423
2288	698.033
2289	698.643
2290	699.254
2291	699.865
2292	700.476
2293	701.087
2294	701.699
2295	702.311
2296	702.923
2297	703.535
2298	704.148
2299	704.761
2300	705.374
2301	705.988
2302	706.601
2303	707.216
2304	707.83
2305	708.444
2306	709.059
2307	709.674
2308	710.29
2309	710.905
2310	711.521
2311	712.137
2312	712.754
2313	713.371
2314	713.988
2315	714.605
2316	715.222
2317	715.84
2318	716.458
2319	717.076
2320	717.695
2321	718.314
2322	718.933
2323	719.552
2324	720.172
2325	720.792
2326	721.412
2327	722.032
2328	722.653
2329	723.274
2330	723.895
2331	724.517
2332	725.139
2333	725.761
2334	726.383
2335	727.005
2336	727.628
2337	728.251
2338	728.875
2339	729.498
2340	730.122
2341	730.746
2342	731.371
2343	731.996
2344	732.621
2345	733.246
2346	733.871
2347	734.497
2348	735.123
2349	735.749
2350	736.376
2351	737.003
2352	737.63
2353	738.257
2354	738.885
2355	739.513
2356	740.141
2357	740.769
2358	741.398
2359	742.027
2360	742.656
2361	743.286
2362	743.916
2363	744.546
2364	745.176
2365	745.807
2366	746.437
2367	747.069
2368	747.7
2369	748.332
2370	748.963
2371	749.596
2372	750.228
2373	750.861
2374	751.494
2375	752.127
2376	752.76
2377	753.394
2378	754.028
2379	754.663
2380	755.297
2381	755.932
2382	756.567
2383	757.202
2384	757.838
2385	758.474
2386	759.11
2387	759.747
2388	760.383
2389	761.02
2390	761.657
2391	762.295
2392	762.933
2393	763.571
2394	764.209
2395	764.848
2396	765.487
2397	766.126
2398	766.765
2399	767.405
2400	768.045
2401	768.685
2402	769.325
2403	769.966
2404	770.607
2405	771.248
2406	771.89
2407	772.531
2408	773.173
2409	773.816
2410	774.458
2411	775.101
2412	775.744
2413	776.388
2414	777.031
2415	777.675
2416	778.319
2417	778.964
2418	779.608
2419	780.253
2420	780.899
2421	781.544
2422	782.19
2423	782.836
2424	783.482
2425	784.129
2426	784.776
2427	785.423
2428	786.07
2429	786.718
2430	787.366
2431	788.014
2432	788.662
2433	789.311
2434	789.96
2435	790.609
2436	791.259
2437	791.908
2438	792.558
2439	793.209
2440	793.859
2441	794.51
2442	795.161
2443	795.813
2444	796.464
2445	797.116
2446	797.768
2447	798.421
2448	799.074
2449	799.726
2450	800.38
2451	801.033
2452	801.687
2453	802.341
2454	802.995
2455	803.65
2456	804.305
2457	804.96
2458	805.615
2459	806.271
2460	806.927
2461	807.583
2462	808.239
2463	808.896
2464	809.553
2465	810.21
2466	810.868
2467	811.526
2468	812.184
2469	812.842
2470	813.5
2471	814.159
2472	814.818
2473	815.478
2474	816.137
2475	816.797
2476	817.458
2477	818.118
2478	818.779
2479	819.44
2480	820.101
2481	820.762
2482	821.424
2483	822.086
2484	822.748
2485	823.411
2486	824.074
2487	824.737
2488	825.4
2489	826.064
2490	826.728
2491	827.392
2492	828.057
2493	828.721
2494	829.386
2495	830.051
2496	830.717
2497	831.383
2498	832.049
2499	832.715
2500	833.382
