Independent Variable - Plot	Dependent Variable - Plot
0	0
1	0.000217747
2	0.000870988
3	0.00195972
4	0.00348395
5	0.00544368
6	0.00783889
7	0.0106696
8	0.0139358
9	0.0176375
10	0.0217747
11	0.0263474
12	0.0313556
13	0.0367992
14	0.0426784
15	0.0489931
16	0.0557432
17	0.0629289
18	0.07055
19	0.0786067
20	0.0870988
21	0.0960264
22	0.10539
23	0.115188
24	0.125422
25	0.136092
26	0.147197
27	0.158738
28	0.170714
29	0.183125
30	0.195972
31	0.209255
32	0.222973
33	0.237127
34	0.251716
35	0.26674
36	0.2822
37	0.298096
38	0.314427
39	0.331193
40	0.348395
41	0.366033
42	0.384106
43	0.402614
44	0.421558
45	0.440938
46	0.460753
47	0.481003
48	0.501689
49	0.522811
50	0.544368
51	0.56636
52	0.588788
53	0.611651
54	0.63495
55	0.658685
56	0.682855
57	0.70746
58	0.732501
59	0.757977
60	0.783889
61	0.810237
62	0.83702
63	0.864238
64	0.891892
65	0.919981
66	0.948506
67	0.977466
68	1.00686
69	1.03669
70	1.06696
71	1.09766
72	1.1288
73	1.16037
74	1.19238
75	1.22483
76	1.25771
77	1.29102
78	1.32477
79	1.35896
80	1.39358
81	1.42864
82	1.46413
83	1.50006
84	1.53642
85	1.57322
86	1.61046
87	1.64813
88	1.68623
89	1.72477
90	1.76375
91	1.80316
92	1.84301
93	1.88329
94	1.92401
95	1.96517
96	2.00676
97	2.04878
98	2.09124
99	2.13414
100	2.17747
101	2.22124
102	2.26544
103	2.31008
104	2.35515
105	2.40066
106	2.44661
107	2.49299
108	2.5398
109	2.58705
110	2.63474
111	2.68286
112	2.73142
113	2.78041
114	2.82984
115	2.8797
116	2.93
117	2.98074
118	3.03191
119	3.08352
120	3.13556
121	3.18803
122	3.24095
123	3.29429
124	3.34808
125	3.4023
126	3.45695
127	3.51204
128	3.56757
129	3.62353
130	3.67992
131	3.73676
132	3.79402
133	3.85173
134	3.90987
135	3.96844
136	4.02745
137	4.08689
138	4.14677
139	4.20709
140	4.26784
141	4.32903
142	4.39065
143	4.45271
144	4.5152
145	4.57813
146	4.6415
147	4.7053
148	4.76953
149	4.8342
150	4.89931
151	4.96485
152	5.03083
153	5.09724
154	5.16409
155	5.23137
156	5.29909
157	5.36725
158	5.43584
159	5.50486
160	5.57432
161	5.64422
162	5.71455
163	5.78532
164	5.85652
165	5.92816
166	6.00024
167	6.07275
168	6.14569
169	6.21907
170	6.29289
171	6.36714
172	6.44183
173	6.51695
174	6.59251
175	6.6685
176	6.74493
177	6.8218
178	6.8991
179	6.97683
180	7.055
181	7.13361
182	7.21265
183	7.29213
184	7.37204
185	7.45239
186	7.53318
187	7.6144
188	7.69605
189	7.77814
190	7.86067
191	7.94363
192	8.02703
193	8.11086
194	8.19513
195	8.27983
196	8.36497
197	8.45054
198	8.53655
199	8.623
200	8.70988
201	8.7972
202	8.88495
203	8.97314
204	9.06176
205	9.15082
206	9.24031
207	9.33024
208	9.42061
209	9.51141
210	9.60264
211	9.69432
212	9.78642
213	9.87896
214	9.97194
215	10.0654
216	10.1592
217	10.2535
218	10.3482
219	10.4434
220	10.539
221	10.635
222	10.7314
223	10.8283
224	10.9257
225	11.0234
226	11.1216
227	11.2203
228	11.3194
229	11.4189
230	11.5188
231	11.6192
232	11.72
233	11.8213
234	11.923
235	12.0251
236	12.1276
237	12.2306
238	12.3341
239	12.4379
240	12.5422
241	12.647
242	12.7521
243	12.8577
244	12.9638
245	13.0703
246	13.1772
247	13.2845
248	13.3923
249	13.5005
250	13.6092
251	13.7183
252	13.8278
253	13.9378
254	14.0482
255	14.159
256	14.2703
257	14.382
258	14.4941
259	14.6067
260	14.7197
261	14.8331
262	14.947
263	15.0613
264	15.1761
265	15.2913
266	15.4069
267	15.523
268	15.6395
269	15.7564
270	15.8738
271	15.9916
272	16.1098
273	16.2285
274	16.3476
275	16.4671
276	16.5871
277	16.7075
278	16.8284
279	16.9496
280	17.0714
281	17.1935
282	17.3161
283	17.4391
284	17.5626
285	17.6865
286	17.8108
287	17.9356
288	18.0608
289	18.1864
290	18.3125
291	18.439
292	18.566
293	18.6934
294	18.8212
295	18.9494
296	19.0781
297	19.2072
298	19.3368
299	19.4668
300	19.5972
301	19.7281
302	19.8594
303	19.9911
304	20.1233
305	20.2559
306	20.389
307	20.5224
308	20.6564
309	20.7907
310	20.9255
311	21.0607
312	21.1964
313	21.3325
314	21.469
315	21.6059
316	21.7433
317	21.8812
318	22.0195
319	22.1582
320	22.2973
321	22.4369
322	22.5769
323	22.7173
324	22.8582
325	22.9995
326	23.1413
327	23.2835
328	23.4261
329	23.5692
330	23.7127
331	23.8566
332	24.0009
333	24.1458
334	24.291
335	24.4367
336	24.5828
337	24.7293
338	24.8763
339	25.0237
340	25.1716
341	25.3198
342	25.4686
343	25.6177
344	25.7673
345	25.9173
346	26.0678
347	26.2187
348	26.37
349	26.5218
350	26.674
351	26.8267
352	26.9797
353	27.1332
354	27.2872
355	27.4416
356	27.5964
357	27.7516
358	27.9073
359	28.0635
360	28.22
361	28.377
362	28.5344
363	28.6923
364	28.8506
365	29.0093
366	29.1685
367	29.3281
368	29.4882
369	29.6487
370	29.8096
371	29.9709
372	30.1327
373	30.2949
374	30.4576
375	30.6207
376	30.7842
377	30.9482
378	31.1126
379	31.2774
380	31.4427
381	31.6084
382	31.7745
383	31.9411
384	32.1081
385	32.2756
386	32.4434
387	32.6118
388	32.7805
389	32.9497
390	33.1193
391	33.2894
392	33.4599
393	33.6308
394	33.8022
395	33.974
396	34.1462
397	34.3189
398	34.492
399	34.6655
400	34.8395
401	35.0139
402	35.1888
403	35.3641
404	35.5398
405	35.716
406	35.8925
407	36.0696
408	36.247
409	36.4249
410	36.6033
411	36.782
412	36.9613
413	37.1409
414	37.321
415	37.5015
416	37.6824
417	37.8638
418	38.0456
419	38.2279
420	38.4106
421	38.5937
422	38.7773
423	38.9613
424	39.1457
425	39.3306
426	39.5159
427	39.7016
428	39.8878
429	40.0744
430	40.2614
431	40.4489
432	40.6368
433	40.8252
434	41.014
435	41.2032
436	41.3928
437	41.5829
438	41.7735
439	41.9644
440	42.1558
441	42.3477
442	42.5399
443	42.7326
444	42.9258
445	43.1194
446	43.3134
447	43.5078
448	43.7027
449	43.898
450	44.0938
451	44.29
452	44.4866
453	44.6836
454	44.8811
455	45.0791
456	45.2774
457	45.4762
458	45.6755
459	45.8752
460	46.0753
461	46.2758
462	46.4768
463	46.6782
464	46.8801
465	47.0824
466	47.2851
467	47.4882
468	47.6918
469	47.8959
470	48.1003
471	48.3052
472	48.5106
473	48.7163
474	48.9225
475	49.1292
476	49.3363
477	49.5438
478	49.7517
479	49.9601
480	50.1689
481	50.3782
482	50.5879
483	50.798
484	51.0085
485	51.2195
486	51.431
487	51.6428
488	51.8551
489	52.0679
490	52.2811
491	52.4947
492	52.7087
493	52.9232
494	53.1381
495	53.3535
496	53.5693
497	53.7855
498	54.0021
499	54.2192
500	54.4368
501	54.6547
502	54.8731
503	55.092
504	55.3112
505	55.5309
506	55.7511
507	55.9717
508	56.1927
509	56.4141
510	56.636
511	56.8583
512	57.0811
513	57.3043
514	57.5279
515	57.752
516	57.9765
517	58.2014
518	58.4268
519	58.6526
520	58.8788
521	59.1055
522	59.3326
523	59.5601
524	59.7881
525	60.0165
526	60.2454
527	60.4747
528	60.7044
529	60.9345
530	61.1651
531	61.3962
532	61.6276
533	61.8595
534	62.0919
535	62.3246
536	62.5578
537	62.7915
538	63.0256
539	63.2601
540	63.495
541	63.7304
542	63.9662
543	64.2025
544	64.4392
545	64.6763
546	64.9139
547	65.1519
548	65.3903
549	65.6292
550	65.8685
551	66.1082
552	66.3484
553	66.589
554	66.83
555	67.0715
556	67.3134
557	67.5558
558	67.7986
559	68.0418
560	68.2855
561	68.5296
562	68.7741
563	69.0191
564	69.2645
565	69.5103
566	69.7566
567	70.0033
568	70.2504
569	70.498
570	70.746
571	70.9945
572	71.2433
573	71.4927
574	71.7424
575	71.9926
576	72.2432
577	72.4943
578	72.7458
579	72.9977
580	73.2501
581	73.5029
582	73.7561
583	74.0098
584	74.2639
585	74.5185
586	74.7735
587	75.0289
588	75.2847
589	75.541
590	75.7977
591	76.0549
592	76.3125
593	76.5705
594	76.829
595	77.0879
596	77.3472
597	77.607
598	77.8672
599	78.1279
600	78.3889
601	78.6504
602	78.9124
603	79.1748
604	79.4376
605	79.7009
606	79.9645
607	80.2287
608	80.4932
609	80.7582
610	81.0237
611	81.2895
612	81.5558
613	81.8226
614	82.0898
615	82.3574
616	82.6254
617	82.8939
618	83.1628
619	83.4322
620	83.702
621	83.9722
622	84.2428
623	84.5139
624	84.7855
625	85.0574
626	85.3298
627	85.6027
628	85.8759
629	86.1497
630	86.4238
631	86.6984
632	86.9734
633	87.2488
634	87.5247
635	87.801
636	88.0778
637	88.355
638	88.6326
639	88.9107
640	89.1892
641	89.4681
642	89.7475
643	90.0273
644	90.3075
645	90.5882
646	90.8693
647	91.1509
648	91.4328
649	91.7153
650	91.9981
651	92.2814
652	92.5651
653	92.8493
654	93.1339
655	93.4189
656	93.7044
657	93.9903
658	94.2766
659	94.5634
660	94.8506
661	95.1382
662	95.4263
663	95.7148
664	96.0038
665	96.2932
666	96.583
667	96.8733
668	97.1639
669	97.4551
670	97.7466
671	98.0386
672	98.3311
673	98.6239
674	98.9172
675	99.211
676	99.5052
677	99.7998
678	100.095
679	100.39
680	100.686
681	100.983
682	101.279
683	101.577
684	101.874
685	102.172
686	102.471
687	102.77
688	103.069
689	103.369
690	103.669
691	103.97
692	104.271
693	104.573
694	104.875
695	105.177
696	105.48
697	105.783
698	106.087
699	106.391
700	106.696
701	107.001
702	107.307
703	107.613
704	107.919
705	108.226
706	108.533
707	108.841
708	109.149
709	109.457
710	109.766
711	110.076
712	110.386
713	110.696
714	111.007
715	111.318
716	111.629
717	111.941
718	112.254
719	112.567
720	112.88
721	113.194
722	113.508
723	113.823
724	114.138
725	114.453
726	114.769
727	115.086
728	115.402
729	115.72
730	116.037
731	116.356
732	116.674
733	116.993
734	117.313
735	117.632
736	117.953
737	118.273
738	118.595
739	118.916
740	119.238
741	119.561
742	119.884
743	120.207
744	120.531
745	120.855
746	121.18
747	121.505
748	121.83
749	122.156
750	122.483
751	122.81
752	123.137
753	123.465
754	123.793
755	124.121
756	124.45
757	124.78
758	125.11
759	125.44
760	125.771
761	126.102
762	126.434
763	126.766
764	127.098
765	127.431
766	127.764
767	128.098
768	128.432
769	128.767
770	129.102
771	129.438
772	129.774
773	130.11
774	130.447
775	130.784
776	131.122
777	131.46
778	131.799
779	132.138
780	132.477
781	132.817
782	133.158
783	133.498
784	133.84
785	134.181
786	134.523
787	134.866
788	135.209
789	135.552
790	135.896
791	136.24
792	136.585
793	136.93
794	137.276
795	137.622
796	137.968
797	138.315
798	138.662
799	139.01
800	139.358
801	139.707
802	140.056
803	140.405
804	140.755
805	141.106
806	141.456
807	141.808
808	142.159
809	142.511
810	142.864
811	143.217
812	143.57
813	143.924
814	144.278
815	144.633
816	144.988
817	145.344
818	145.7
819	146.056
820	146.413
821	146.77
822	147.128
823	147.486
824	147.845
825	148.204
826	148.564
827	148.924
828	149.284
829	149.645
830	150.006
831	150.368
832	150.73
833	151.092
834	151.455
835	151.819
836	152.183
837	152.547
838	152.912
839	153.277
840	153.642
841	154.008
842	154.375
843	154.742
844	155.109
845	155.477
846	155.845
847	156.214
848	156.583
849	156.952
850	157.322
851	157.693
852	158.063
853	158.435
854	158.806
855	159.179
856	159.551
857	159.924
858	160.298
859	160.671
860	161.046
861	161.42
862	161.796
863	162.171
864	162.547
865	162.924
866	163.301
867	163.678
868	164.056
869	164.434
870	164.813
871	165.192
872	165.571
873	165.951
874	166.332
875	166.713
876	167.094
877	167.476
878	167.858
879	168.24
880	168.623
881	169.007
882	169.391
883	169.775
884	170.16
885	170.545
886	170.931
887	171.317
888	171.703
889	172.09
890	172.477
891	172.865
892	173.253
893	173.642
894	174.031
895	174.421
896	174.811
897	175.201
898	175.592
899	175.983
900	176.375
901	176.767
902	177.16
903	177.553
904	177.946
905	178.34
906	178.735
907	179.129
908	179.525
909	179.92
910	180.316
911	180.713
912	181.11
913	181.507
914	181.905
915	182.303
916	182.702
917	183.101
918	183.501
919	183.901
920	184.301
921	184.702
922	185.103
923	185.505
924	185.907
925	186.31
926	186.713
927	187.116
928	187.52
929	187.925
930	188.329
931	188.735
932	189.14
933	189.546
934	189.953
935	190.36
936	190.767
937	191.175
938	191.583
939	191.992
940	192.401
941	192.811
942	193.221
943	193.631
944	194.042
945	194.454
946	194.865
947	195.277
948	195.69
949	196.103
950	196.517
951	196.931
952	197.345
953	197.76
954	198.175
955	198.591
956	199.007
957	199.423
958	199.84
959	200.258
960	200.676
961	201.094
962	201.513
963	201.932
964	202.351
965	202.771
966	203.192
967	203.613
968	204.034
969	204.456
970	204.878
971	205.301
972	205.724
973	206.147
974	206.571
975	206.996
976	207.421
977	207.846
978	208.272
979	208.698
980	209.124
981	209.551
982	209.979
983	210.407
984	210.835
985	211.264
986	211.693
987	212.122
988	212.552
989	212.983
990	213.414
991	213.845
992	214.277
993	214.709
994	215.142
995	215.575
996	216.009
997	216.443
998	216.877
999	217.312
1000	217.747
1001	218.183
1002	218.619
1003	219.055
1004	219.492
1005	219.93
1006	220.368
1007	220.806
1008	221.245
1009	221.684
1010	222.124
1011	222.564
1012	223.004
1013	223.445
1014	223.887
1015	224.328
1016	224.771
1017	225.213
1018	225.656
1019	226.1
1020	226.544
1021	226.988
1022	227.433
1023	227.879
1024	228.324
1025	228.77
1026	229.217
1027	229.664
1028	230.112
1029	230.559
1030	231.008
1031	231.457
1032	231.906
1033	232.355
1034	232.806
1035	233.256
1036	233.707
1037	234.158
1038	234.61
1039	235.062
1040	235.515
1041	235.968
1042	236.422
1043	236.876
1044	237.33
1045	237.785
1046	238.241
1047	238.696
1048	239.152
1049	239.609
1050	240.066
1051	240.524
1052	240.982
1053	241.44
1054	241.899
1055	242.358
1056	242.818
1057	243.278
1058	243.738
1059	244.199
1060	244.661
1061	245.122
1062	245.585
1063	246.047
1064	246.511
1065	246.974
1066	247.438
1067	247.903
1068	248.367
1069	248.833
1070	249.299
1071	249.765
1072	250.231
1073	250.698
1074	251.166
1075	251.634
1076	252.102
1077	252.571
1078	253.04
1079	253.51
1080	253.98
1081	254.451
1082	254.922
1083	255.393
1084	255.865
1085	256.337
1086	256.81
1087	257.283
1088	257.757
1089	258.231
1090	258.705
1091	259.18
1092	259.655
1093	260.131
1094	260.607
1095	261.084
1096	261.561
1097	262.039
1098	262.517
1099	262.995
1100	263.474
1101	263.953
1102	264.433
1103	264.913
1104	265.394
1105	265.875
1106	266.356
1107	266.838
1108	267.32
1109	267.803
1110	268.286
1111	268.77
1112	269.254
1113	269.738
1114	270.223
1115	270.709
1116	271.194
1117	271.681
1118	272.167
1119	272.654
1120	273.142
1121	273.63
1122	274.118
1123	274.607
1124	275.096
1125	275.586
1126	276.076
1127	276.567
1128	277.058
1129	277.549
1130	278.041
1131	278.534
1132	279.026
1133	279.519
1134	280.013
1135	280.507
1136	281.002
1137	281.497
1138	281.992
1139	282.488
1140	282.984
1141	283.481
1142	283.978
1143	284.475
1144	284.973
1145	285.472
1146	285.971
1147	286.47
1148	286.97
1149	287.47
1150	287.97
1151	288.471
1152	288.973
1153	289.475
1154	289.977
1155	290.48
1156	290.983
1157	291.487
1158	291.991
1159	292.495
1160	293
1161	293.506
1162	294.012
1163	294.518
1164	295.025
1165	295.532
1166	296.039
1167	296.547
1168	297.056
1169	297.565
1170	298.074
1171	298.584
1172	299.094
1173	299.604
1174	300.116
1175	300.627
1176	301.139
1177	301.651
1178	302.164
1179	302.677
1180	303.191
1181	303.705
1182	304.22
1183	304.735
1184	305.25
1185	305.766
1186	306.282
1187	306.799
1188	307.316
1189	307.834
1190	308.352
1191	308.87
1192	309.389
1193	309.908
1194	310.428
1195	310.948
1196	311.469
1197	311.99
1198	312.511
1199	313.033
1200	313.556
1201	314.079
1202	314.602
1203	315.125
1204	315.65
1205	316.174
1206	316.699
1207	317.225
1208	317.75
1209	318.277
1210	318.803
1211	319.331
1212	319.858
1213	320.386
1214	320.915
1215	321.444
1216	321.973
1217	322.503
1218	323.033
1219	323.564
1220	324.095
1221	324.626
1222	325.158
1223	325.691
1224	326.223
1225	326.757
1226	327.29
1227	327.824
1228	328.359
1229	328.894
1230	329.429
1231	329.965
1232	330.502
1233	331.038
1234	331.576
1235	332.113
1236	332.651
1237	333.19
1238	333.729
1239	334.268
1240	334.808
1241	335.348
1242	335.889
1243	336.43
1244	336.971
1245	337.513
1246	338.056
1247	338.599
1248	339.142
1249	339.686
1250	340.23
1251	340.774
1252	341.319
1253	341.865
1254	342.411
1255	342.957
1256	343.504
1257	344.051
1258	344.599
1259	345.147
1260	345.695
1261	346.244
1262	346.793
1263	347.343
1264	347.894
1265	348.444
1266	348.995
1267	349.547
1268	350.099
1269	350.651
1270	351.204
1271	351.757
1272	352.311
1273	352.865
1274	353.42
1275	353.975
1276	354.53
1277	355.086
1278	355.643
1279	356.2
1280	356.757
1281	357.314
1282	357.872
1283	358.431
1284	358.99
1285	359.549
1286	360.109
1287	360.669
1288	361.23
1289	361.791
1290	362.353
1291	362.915
1292	363.477
1293	364.04
1294	364.603
1295	365.167
1296	365.731
1297	366.296
1298	366.861
1299	367.427
1300	367.992
1301	368.559
1302	369.126
1303	369.693
1304	370.261
1305	370.829
1306	371.397
1307	371.966
1308	372.536
1309	373.105
1310	373.676
1311	374.246
1312	374.818
1313	375.389
1314	375.961
1315	376.534
1316	377.106
1317	377.68
1318	378.254
1319	378.828
1320	379.402
1321	379.977
1322	380.553
1323	381.129
1324	381.705
1325	382.282
1326	382.859
1327	383.437
1328	384.015
1329	384.594
1330	385.173
1331	385.752
1332	386.332
1333	386.912
1334	387.493
1335	388.074
1336	388.656
1337	389.238
1338	389.82
1339	390.403
1340	390.987
1341	391.57
1342	392.155
1343	392.739
1344	393.324
1345	393.91
1346	394.496
1347	395.082
1348	395.669
1349	396.256
1350	396.844
1351	397.432
1352	398.021
1353	398.61
1354	399.199
1355	399.789
1356	400.379
1357	400.97
1358	401.561
1359	402.153
1360	402.745
1361	403.337
1362	403.93
1363	404.524
1364	405.117
1365	405.712
1366	406.306
1367	406.901
1368	407.497
1369	408.093
1370	408.689
1371	409.286
1372	409.884
1373	410.481
1374	411.079
1375	411.678
1376	412.277
1377	412.876
1378	413.476
1379	414.077
1380	414.677
1381	415.279
1382	415.88
1383	416.482
1384	417.085
1385	417.688
1386	418.291
1387	418.895
1388	419.499
1389	420.104
1390	420.709
1391	421.315
1392	421.921
1393	422.527
1394	423.134
1395	423.741
1396	424.349
1397	424.957
1398	425.566
1399	426.175
1400	426.784
1401	427.394
1402	428.004
1403	428.615
1404	429.226
1405	429.838
1406	430.45
1407	431.063
1408	431.676
1409	432.289
1410	432.903
1411	433.517
1412	434.132
1413	434.747
1414	435.363
1415	435.979
1416	436.595
1417	437.212
1418	437.829
1419	438.447
1420	439.065
1421	439.684
1422	440.303
1423	440.922
1424	441.542
1425	442.163
1426	442.783
1427	443.405
1428	444.026
1429	444.648
1430	445.271
1431	445.894
1432	446.517
1433	447.141
1434	447.765
1435	448.39
1436	449.015
1437	449.641
1438	450.267
1439	450.893
1440	451.52
1441	452.148
1442	452.775
1443	453.404
1444	454.032
1445	454.661
1446	455.291
1447	455.921
1448	456.551
1449	457.182
1450	457.813
1451	458.445
1452	459.077
1453	459.709
1454	460.342
1455	460.976
1456	461.61
1457	462.244
1458	462.879
1459	463.514
1460	464.15
1461	464.786
1462	465.422
1463	466.059
1464	466.696
1465	467.334
1466	467.972
1467	468.611
1468	469.25
1469	469.89
1470	470.53
1471	471.17
1472	471.811
1473	472.452
1474	473.094
1475	473.736
1476	474.378
1477	475.021
1478	475.665
1479	476.309
1480	476.953
1481	477.598
1482	478.243
1483	478.889
1484	479.535
1485	480.181
1486	480.828
1487	481.475
1488	482.123
1489	482.772
1490	483.42
1491	484.069
1492	484.719
1493	485.369
1494	486.019
1495	486.67
1496	487.321
1497	487.973
1498	488.625
1499	489.278
1500	489.931
1501	490.584
1502	491.238
1503	491.892
1504	492.547
1505	493.202
1506	493.858
1507	494.514
1508	495.171
1509	495.828
1510	496.485
1511	497.143
1512	497.801
1513	498.46
1514	499.119
1515	499.778
1516	500.438
1517	501.099
1518	501.76
1519	502.421
1520	503.083
1521	503.745
1522	504.408
1523	505.071
1524	505.734
1525	506.398
1526	507.062
1527	507.727
1528	508.392
1529	509.058
1530	509.724
1531	510.391
1532	511.057
1533	511.725
1534	512.393
1535	513.061
1536	513.73
1537	514.399
1538	515.068
1539	515.738
1540	516.409
1541	517.08
1542	517.751
1543	518.423
1544	519.095
1545	519.768
1546	520.441
1547	521.114
1548	521.788
1549	522.462
1550	523.137
1551	523.812
1552	524.488
1553	525.164
1554	525.841
1555	526.518
1556	527.195
1557	527.873
1558	528.551
1559	529.23
1560	529.909
1561	530.589
1562	531.269
1563	531.949
1564	532.63
1565	533.311
1566	533.993
1567	534.675
1568	535.358
1569	536.041
1570	536.725
1571	537.409
1572	538.093
1573	538.778
1574	539.463
1575	540.149
1576	540.835
1577	541.521
1578	542.208
1579	542.896
1580	543.584
1581	544.272
1582	544.961
1583	545.65
1584	546.339
1585	547.03
1586	547.72
1587	548.411
1588	549.102
1589	549.794
1590	550.486
1591	551.179
1592	551.872
1593	552.566
1594	553.259
1595	553.954
1596	554.649
1597	555.344
1598	556.04
1599	556.736
1600	557.432
1601	558.129
1602	558.827
1603	559.525
1604	560.223
1605	560.922
1606	561.621
1607	562.321
1608	563.021
1609	563.721
1610	564.422
1611	565.123
1612	565.825
1613	566.527
1614	567.23
1615	567.933
1616	568.637
1617	569.341
1618	570.045
1619	570.75
1620	571.455
1621	572.161
1622	572.867
1623	573.574
1624	574.281
1625	574.988
1626	575.696
1627	576.404
1628	577.113
1629	577.822
1630	578.532
1631	579.242
1632	579.953
1633	580.664
1634	581.375
1635	582.087
1636	582.799
1637	583.512
1638	584.225
1639	584.938
1640	585.652
1641	586.367
1642	587.082
1643	587.797
1644	588.513
1645	589.229
1646	589.946
1647	590.663
1648	591.38
1649	592.098
1650	592.816
1651	593.535
1652	594.254
1653	594.974
1654	595.694
1655	596.415
1656	597.136
1657	597.857
1658	598.579
1659	599.301
1660	600.024
1661	600.747
1662	601.47
1663	602.194
1664	602.919
1665	603.644
1666	604.369
1667	605.095
1668	605.821
1669	606.548
1670	607.275
1671	608.002
1672	608.73
1673	609.458
1674	610.187
1675	610.917
1676	611.646
1677	612.376
1678	613.107
1679	613.838
1680	614.569
1681	615.301
1682	616.033
1683	616.766
1684	617.499
1685	618.233
1686	618.967
1687	619.701
1688	620.436
1689	621.172
1690	621.907
1691	622.643
1692	623.38
1693	624.117
1694	624.855
1695	625.593
1696	626.331
1697	627.07
1698	627.809
1699	628.549
1700	629.289
1701	630.029
1702	630.77
1703	631.512
1704	632.254
1705	632.996
1706	633.739
1707	634.482
1708	635.226
1709	635.97
1710	636.714
1711	637.459
1712	638.204
1713	638.95
1714	639.696
1715	640.443
1716	641.19
1717	641.938
1718	642.686
1719	643.434
1720	644.183
1721	644.932
1722	645.682
1723	646.432
1724	647.182
1725	647.933
1726	648.685
1727	649.437
1728	650.189
1729	650.942
1730	651.695
1731	652.449
1732	653.203
1733	653.957
1734	654.712
1735	655.468
1736	656.223
1737	656.98
1738	657.736
1739	658.493
1740	659.251
1741	660.009
1742	660.767
1743	661.526
1744	662.285
1745	663.045
1746	663.805
1747	664.566
1748	665.327
1749	666.088
1750	666.85
1751	667.613
1752	668.375
1753	669.139
1754	669.902
1755	670.666
1756	671.431
1757	672.196
1758	672.961
1759	673.727
1760	674.493
1761	675.26
1762	676.027
1763	676.795
1764	677.563
1765	678.331
1766	679.1
1767	679.869
1768	680.639
1769	681.409
1770	682.18
1771	682.951
1772	683.722
1773	684.494
1774	685.266
1775	686.039
1776	686.812
1777	687.586
1778	688.36
1779	689.135
1780	689.91
1781	690.685
1782	691.461
1783	692.237
1784	693.014
1785	693.791
1786	694.569
1787	695.347
1788	696.125
1789	696.904
1790	697.683
1791	698.463
1792	699.243
1793	700.024
1794	700.805
1795	701.586
1796	702.368
1797	703.151
1798	703.933
1799	704.717
1800	705.5
1801	706.284
1802	707.069
1803	707.854
1804	708.639
1805	709.425
1806	710.212
1807	710.998
1808	711.785
1809	712.573
1810	713.361
1811	714.149
1812	714.938
1813	715.728
1814	716.517
1815	717.308
1816	718.098
1817	718.889
1818	719.681
1819	720.473
1820	721.265
1821	722.058
1822	722.851
1823	723.645
1824	724.439
1825	725.234
1826	726.029
1827	726.824
1828	727.62
1829	728.416
1830	729.213
1831	730.01
1832	730.808
1833	731.606
1834	732.404
1835	733.203
1836	734.003
1837	734.802
1838	735.603
1839	736.403
1840	737.204
1841	738.006
1842	738.808
1843	739.61
1844	740.413
1845	741.216
1846	742.02
1847	742.824
1848	743.629
1849	744.434
1850	745.239
1851	746.045
1852	746.851
1853	747.658
1854	748.465
1855	749.273
1856	750.081
1857	750.89
1858	751.698
1859	752.508
1860	753.318
1861	754.128
1862	754.939
1863	755.75
1864	756.561
1865	757.373
1866	758.186
1867	758.998
1868	759.812
1869	760.625
1870	761.44
1871	762.254
1872	763.069
1873	763.885
1874	764.701
1875	765.517
1876	766.334
1877	767.151
1878	767.969
1879	768.787
1880	769.605
1881	770.424
1882	771.243
1883	772.063
1884	772.883
1885	773.704
1886	774.525
1887	775.347
1888	776.169
1889	776.991
1890	777.814
1891	778.637
1892	779.461
1893	780.285
1894	781.11
1895	781.935
1896	782.76
1897	783.586
1898	784.413
1899	785.24
1900	786.067
1901	786.894
1902	787.723
1903	788.551
1904	789.38
1905	790.209
1906	791.039
1907	791.87
1908	792.7
1909	793.531
1910	794.363
1911	795.195
1912	796.027
1913	796.86
1914	797.694
1915	798.527
1916	799.362
1917	800.196
1918	801.031
1919	801.867
1920	802.703
1921	803.539
1922	804.376
1923	805.213
1924	806.051
1925	806.889
1926	807.727
1927	808.566
1928	809.406
1929	810.246
1930	811.086
1931	811.927
1932	812.768
1933	813.609
1934	814.451
1935	815.294
1936	816.137
1937	816.98
1938	817.824
1939	818.668
1940	819.513
1941	820.358
1942	821.203
1943	822.049
1944	822.896
1945	823.742
1946	824.59
1947	825.437
1948	826.286
1949	827.134
1950	827.983
1951	828.833
1952	829.682
1953	830.533
1954	831.383
1955	832.235
1956	833.086
1957	833.938
1958	834.791
1959	835.644
1960	836.497
1961	837.351
1962	838.205
1963	839.06
1964	839.915
1965	840.77
1966	841.626
1967	842.483
1968	843.339
1969	844.197
1970	845.054
1971	845.913
1972	846.771
1973	847.63
1974	848.49
1975	849.349
1976	850.21
1977	851.071
1978	851.932
1979	852.793
1980	853.655
1981	854.518
1982	855.381
1983	856.244
1984	857.108
1985	857.972
1986	858.837
1987	859.702
1988	860.568
1989	861.434
1990	862.3
1991	863.167
1992	864.034
1993	864.902
1994	865.77
1995	866.639
1996	867.508
1997	868.377
1998	869.247
1999	870.117
2000	870.988
2001	871.859
2002	872.731
2003	873.603
2004	874.476
2005	875.348
2006	876.222
2007	877.096
2008	877.97
2009	878.845
2010	879.72
2011	880.595
2012	881.471
2013	882.348
2014	883.225
2015	884.102
2016	884.98
2017	885.858
2018	886.736
2019	887.615
2020	888.495
2021	889.375
2022	890.255
2023	891.136
2024	892.017
2025	892.899
2026	893.781
2027	894.664
2028	895.546
2029	896.43
2030	897.314
2031	898.198
2032	899.083
2033	899.968
2034	900.853
2035	901.739
2036	902.626
2037	903.513
2038	904.4
2039	905.288
2040	906.176
2041	907.065
2042	907.954
2043	908.843
2044	909.733
2045	910.624
2046	911.514
2047	912.406
2048	913.297
2049	914.189
2050	915.082
2051	915.975
2052	916.868
2053	917.762
2054	918.656
2055	919.551
2056	920.446
2057	921.342
2058	922.238
2059	923.134
2060	924.031
2061	924.929
2062	925.826
2063	926.725
2064	927.623
2065	928.522
2066	929.422
2067	930.322
2068	931.222
2069	932.123
2070	933.024
2071	933.926
2072	934.828
2073	935.731
2074	936.634
2075	937.537
2076	938.441
2077	939.345
2078	940.25
2079	941.155
2080	942.061
2081	942.967
2082	943.873
2083	944.78
2084	945.688
2085	946.595
2086	947.504
2087	948.412
2088	949.321
2089	950.231
2090	951.141
2091	952.051
2092	952.962
2093	953.873
2094	954.785
2095	955.697
2096	956.61
2097	957.523
2098	958.436
2099	959.35
2100	960.264
2101	961.179
2102	962.094
2103	963.01
2104	963.926
2105	964.843
2106	965.759
2107	966.677
2108	967.595
2109	968.513
2110	969.432
2111	970.351
2112	971.27
2113	972.19
2114	973.111
2115	974.031
2116	974.953
2117	975.874
2118	976.797
2119	977.719
2120	978.642
2121	979.566
2122	980.49
2123	981.414
2124	982.339
2125	983.264
2126	984.19
2127	985.116
2128	986.042
2129	986.969
2130	987.896
2131	988.824
2132	989.753
2133	990.681
2134	991.61
2135	992.54
2136	993.47
2137	994.4
2138	995.331
2139	996.263
2140	997.194
2141	998.126
2142	999.059
2143	999.992
2144	1000.93
2145	1001.86
2146	1002.79
2147	1003.73
2148	1004.66
2149	1005.6
2150	1006.54
2151	1007.47
2152	1008.41
2153	1009.35
2154	1010.28
2155	1011.22
2156	1012.16
2157	1013.1
2158	1014.04
2159	1014.98
2160	1015.92
2161	1016.86
2162	1017.8
2163	1018.74
2164	1019.69
2165	1020.63
2166	1021.57
2167	1022.52
2168	1023.46
2169	1024.4
2170	1025.35
2171	1026.29
2172	1027.24
2173	1028.19
2174	1029.13
2175	1030.08
2176	1031.03
2177	1031.97
2178	1032.92
2179	1033.87
2180	1034.82
2181	1035.77
2182	1036.72
2183	1037.67
2184	1038.62
2185	1039.57
2186	1040.53
2187	1041.48
2188	1042.43
2189	1043.38
2190	1044.34
2191	1045.29
2192	1046.24
2193	1047.2
2194	1048.15
2195	1049.11
2196	1050.07
2197	1051.02
2198	1051.98
2199	1052.94
2200	1053.9
2201	1054.85
2202	1055.81
2203	1056.77
2204	1057.73
2205	1058.69
2206	1059.65
2207	1060.61
2208	1061.57
2209	1062.54
2210	1063.5
2211	1064.46
2212	1065.42
2213	1066.39
2214	1067.35
2215	1068.32
2216	1069.28
2217	1070.25
2218	1071.21
2219	1072.18
2220	1073.14
2221	1074.11
2222	1075.08
2223	1076.05
2224	1077.02
2225	1077.98
2226	1078.95
2227	1079.92
2228	1080.89
2229	1081.86
2230	1082.83
2231	1083.81
2232	1084.78
2233	1085.75
2234	1086.72
2235	1087.7
2236	1088.67
2237	1089.64
2238	1090.62
2239	1091.59
2240	1092.57
2241	1093.54
2242	1094.52
2243	1095.5
2244	1096.47
2245	1097.45
2246	1098.43
2247	1099.41
2248	1100.39
2249	1101.36
2250	1102.34
2251	1103.32
2252	1104.3
2253	1105.29
2254	1106.27
2255	1107.25
2256	1108.23
2257	1109.21
2258	1110.2
2259	1111.18
2260	1112.16
2261	1113.15
2262	1114.13
2263	1115.12
2264	1116.11
2265	1117.09
2266	1118.08
2267	1119.06
2268	1120.05
2269	1121.04
2270	1122.03
2271	1123.02
2272	1124.01
2273	1125
2274	1125.99
2275	1126.98
2276	1127.97
2277	1128.96
2278	1129.95
2279	1130.94
2280	1131.94
2281	1132.93
2282	1133.92
2283	1134.92
2284	1135.91
2285	1136.91
2286	1137.9
2287	1138.9
2288	1139.89
2289	1140.89
2290	1141.89
2291	1142.88
2292	1143.88
2293	1144.88
2294	1145.88
2295	1146.88
2296	1147.88
2297	1148.88
2298	1149.88
2299	1150.88
2300	1151.88
2301	1152.88
2302	1153.89
2303	1154.89
2304	1155.89
2305	1156.9
2306	1157.9
2307	1158.9
2308	1159.91
2309	1160.91
2310	1161.92
2311	1162.93
2312	1163.93
2313	1164.94
2314	1165.95
2315	1166.96
2316	1167.96
2317	1168.97
2318	1169.98
2319	1170.99
2320	1172
2321	1173.01
2322	1174.02
2323	1175.03
2324	1176.05
2325	1177.06
2326	1178.07
2327	1179.08
2328	1180.1
2329	1181.11
2330	1182.13
2331	1183.14
2332	1184.16
2333	1185.17
2334	1186.19
2335	1187.21
2336	1188.22
2337	1189.24
2338	1190.26
2339	1191.28
2340	1192.3
2341	1193.31
2342	1194.33
2343	1195.35
2344	1196.38
2345	1197.4
2346	1198.42
2347	1199.44
2348	1200.46
2349	1201.48
2350	1202.51
2351	1203.53
2352	1204.56
2353	1205.58
2354	1206.61
2355	1207.63
2356	1208.66
2357	1209.68
2358	1210.71
2359	1211.74
2360	1212.76
2361	1213.79
2362	1214.82
2363	1215.85
2364	1216.88
2365	1217.91
2366	1218.94
2367	1219.97
2368	1221
2369	1222.03
2370	1223.06
2371	1224.1
2372	1225.13
2373	1226.16
2374	1227.2
2375	1228.23
2376	1229.26
2377	1230.3
2378	1231.33
2379	1232.37
2380	1233.41
2381	1234.44
2382	1235.48
2383	1236.52
2384	1237.56
2385	1238.59
2386	1239.63
2387	1240.67
2388	1241.71
2389	1242.75
2390	1243.79
2391	1244.83
2392	1245.88
2393	1246.92
2394	1247.96
2395	1249
2396	1250.05
2397	1251.09
2398	1252.13
2399	1253.18
2400	1254.22
2401	1255.27
2402	1256.31
2403	1257.36
2404	1258.41
2405	1259.45
2406	1260.5
2407	1261.55
2408	1262.6
2409	1263.65
2410	1264.7
2411	1265.75
2412	1266.8
2413	1267.85
2414	1268.9
2415	1269.95
2416	1271
2417	1272.05
2418	1273.11
2419	1274.16
2420	1275.21
2421	1276.27
2422	1277.32
2423	1278.38
2424	1279.43
2425	1280.49
2426	1281.54
2427	1282.6
2428	1283.66
2429	1284.72
2430	1285.77
2431	1286.83
2432	1287.89
2433	1288.95
2434	1290.01
2435	1291.07
2436	1292.13
2437	1293.19
2438	1294.25
2439	1295.32
2440	1296.38
2441	1297.44
2442	1298.5
2443	1299.57
2444	1300.63
2445	1301.7
2446	1302.76
2447	1303.83
2448	1304.89
2449	1305.96
2450	1307.03
2451	1308.09
2452	1309.16
2453	1310.23
2454	1311.3
2455	1312.37
2456	1313.44
2457	1314.51
2458	1315.58
2459	1316.65
2460	1317.72
2461	1318.79
2462	1319.86
2463	1320.93
2464	1322.01
2465	1323.08
2466	1324.15
2467	1325.23
2468	1326.3
2469	1327.38
2470	1328.45
2471	1329.53
2472	1330.61
2473	1331.68
2474	1332.76
2475	1333.84
2476	1334.91
2477	1335.99
2478	1337.07
2479	1338.15
2480	1339.23
2481	1340.31
2482	1341.39
2483	1342.47
2484	1343.55
2485	1344.64
2486	1345.72
2487	1346.8
2488	1347.89
2489	1348.97
2490	1350.05
2491	1351.14
2492	1352.22
2493	1353.31
2494	1354.39
2495	1355.48
2496	1356.57
2497	1357.65
2498	1358.74
2499	1359.83
2500	1360.92
