Independent Variable - Plot	Dependent Variable - Plot
0	0
1	3.39E+06
2	6.79E+06
3	1.02E+07
4	1.36E+07
5	1.70E+07
6	2.04E+07
7	2.37E+07
8	2.71E+07
9	3.05E+07
10	3.39E+07
11	3.73E+07
12	4.07E+07
13	4.41E+07
14	4.75E+07
15	5.09E+07
16	5.43E+07
17	5.77E+07
18	6.11E+07
19	6.45E+07
20	6.79E+07
21	7.12E+07
22	7.46E+07
23	7.80E+07
24	8.14E+07
25	8.48E+07
26	8.82E+07
27	9.16E+07
28	9.50E+07
29	9.84E+07
30	1.02E+08
31	1.05E+08
32	1.09E+08
33	1.12E+08
34	1.15E+08
35	1.19E+08
36	1.22E+08
37	1.26E+08
38	1.29E+08
39	1.32E+08
40	1.36E+08
41	1.39E+08
42	1.42E+08
43	1.46E+08
44	1.49E+08
45	1.53E+08
46	1.56E+08
47	1.59E+08
48	1.63E+08
49	1.66E+08
50	1.70E+08
51	1.73E+08
52	1.76E+08
53	1.80E+08
54	1.83E+08
55	1.87E+08
56	1.90E+08
57	1.93E+08
58	1.97E+08
59	2.00E+08
60	2.04E+08
61	2.07E+08
62	2.10E+08
63	2.14E+08
64	2.17E+08
65	2.21E+08
66	2.24E+08
67	2.27E+08
68	2.31E+08
69	2.34E+08
70	2.37E+08
71	2.41E+08
72	2.44E+08
73	2.48E+08
74	2.51E+08
75	2.54E+08
76	2.58E+08
77	2.61E+08
78	2.65E+08
79	2.68E+08
80	2.71E+08
81	2.75E+08
82	2.78E+08
83	2.82E+08
84	2.85E+08
85	2.88E+08
86	2.92E+08
87	2.95E+08
88	2.99E+08
89	3.02E+08
90	3.05E+08
91	3.09E+08
92	3.12E+08
93	3.16E+08
94	3.19E+08
95	3.22E+08
96	3.26E+08
97	3.29E+08
98	3.32E+08
99	3.36E+08
100	3.39E+08
101	3.43E+08
102	3.46E+08
103	3.49E+08
104	3.53E+08
105	3.56E+08
106	3.60E+08
107	3.63E+08
108	3.66E+08
109	3.70E+08
110	3.73E+08
111	3.77E+08
112	3.80E+08
113	3.83E+08
114	3.87E+08
115	3.90E+08
116	3.94E+08
117	3.97E+08
118	4.00E+08
119	4.04E+08
120	4.07E+08
121	4.11E+08
122	4.14E+08
123	4.17E+08
124	4.21E+08
125	4.24E+08
126	4.27E+08
127	4.31E+08
128	4.34E+08
129	4.38E+08
130	4.41E+08
131	4.44E+08
132	4.48E+08
133	4.51E+08
134	4.55E+08
135	4.58E+08
136	4.61E+08
137	4.65E+08
138	4.68E+08
139	4.72E+08
140	4.75E+08
141	4.78E+08
142	4.82E+08
143	4.85E+08
144	4.89E+08
145	4.92E+08
146	4.95E+08
147	4.99E+08
148	5.02E+08
149	5.06E+08
150	5.09E+08
151	5.12E+08
152	5.16E+08
153	5.19E+08
154	5.22E+08
155	5.26E+08
156	5.29E+08
157	5.33E+08
158	5.36E+08
159	5.39E+08
160	5.43E+08
161	5.46E+08
162	5.50E+08
163	5.53E+08
164	5.56E+08
165	5.60E+08
166	5.63E+08
167	5.67E+08
168	5.70E+08
169	5.73E+08
170	5.77E+08
171	5.80E+08
172	5.84E+08
173	5.87E+08
174	5.90E+08
175	5.94E+08
176	5.97E+08
177	6.01E+08
178	6.04E+08
179	6.07E+08
180	6.11E+08
181	6.14E+08
182	6.17E+08
183	6.21E+08
184	6.24E+08
185	6.28E+08
186	6.31E+08
187	6.34E+08
188	6.38E+08
189	6.41E+08
190	6.45E+08
191	6.48E+08
192	6.51E+08
193	6.55E+08
194	6.58E+08
195	6.62E+08
196	6.65E+08
197	6.68E+08
198	6.72E+08
199	6.75E+08
200	6.79E+08
201	6.82E+08
202	6.85E+08
203	6.89E+08
204	6.92E+08
205	6.96E+08
206	6.99E+08
207	7.02E+08
208	7.06E+08
209	7.09E+08
210	7.12E+08
211	7.16E+08
212	7.19E+08
213	7.23E+08
214	7.26E+08
215	7.29E+08
216	7.33E+08
217	7.36E+08
218	7.40E+08
219	7.43E+08
220	7.46E+08
221	7.50E+08
222	7.53E+08
223	7.57E+08
224	7.60E+08
225	7.63E+08
226	7.67E+08
227	7.70E+08
228	7.74E+08
229	7.77E+08
230	7.80E+08
231	7.84E+08
232	7.87E+08
233	7.91E+08
234	7.94E+08
235	7.97E+08
236	8.01E+08
237	8.04E+08
238	8.07E+08
239	8.11E+08
240	8.14E+08
241	8.18E+08
242	8.21E+08
243	8.24E+08
244	8.28E+08
245	8.31E+08
246	8.35E+08
247	8.38E+08
248	8.41E+08
249	8.45E+08
250	8.48E+08
251	8.52E+08
252	8.55E+08
253	8.58E+08
254	8.62E+08
255	8.65E+08
256	8.69E+08
257	8.72E+08
258	8.75E+08
259	8.79E+08
260	8.82E+08
261	8.86E+08
262	8.89E+08
263	8.92E+08
264	8.96E+08
265	8.99E+08
266	9.02E+08
267	9.06E+08
268	9.09E+08
269	9.13E+08
270	9.16E+08
271	9.19E+08
272	9.23E+08
273	9.26E+08
274	9.30E+08
275	9.33E+08
276	9.36E+08
277	9.40E+08
278	9.43E+08
279	9.47E+08
280	9.50E+08
281	9.53E+08
282	9.57E+08
283	9.60E+08
284	9.64E+08
285	9.67E+08
286	9.70E+08
287	9.74E+08
288	9.77E+08
289	9.81E+08
290	9.84E+08
291	9.87E+08
292	9.91E+08
293	9.94E+08
294	9.97E+08
295	1.00E+09
296	1.00E+09
297	1.01E+09
298	1.01E+09
299	1.01E+09
300	1.02E+09
301	1.02E+09
302	1.02E+09
303	1.03E+09
304	1.03E+09
305	1.03E+09
306	1.04E+09
307	1.04E+09
308	1.04E+09
309	1.05E+09
310	1.05E+09
311	1.06E+09
312	1.06E+09
313	1.06E+09
314	1.07E+09
315	1.07E+09
316	1.07E+09
317	1.08E+09
318	1.08E+09
319	1.08E+09
320	1.09E+09
321	1.09E+09
322	1.09E+09
323	1.10E+09
324	1.10E+09
325	1.10E+09
326	1.11E+09
327	1.11E+09
328	1.11E+09
329	1.12E+09
330	1.12E+09
331	1.12E+09
332	1.13E+09
333	1.13E+09
334	1.13E+09
335	1.14E+09
336	1.14E+09
337	1.14E+09
338	1.15E+09
339	1.15E+09
340	1.15E+09
341	1.16E+09
342	1.16E+09
343	1.16E+09
344	1.17E+09
345	1.17E+09
346	1.17E+09
347	1.18E+09
348	1.18E+09
349	1.18E+09
350	1.19E+09
351	1.19E+09
352	1.19E+09
353	1.20E+09
354	1.20E+09
355	1.20E+09
356	1.21E+09
357	1.21E+09
358	1.21E+09
359	1.22E+09
360	1.22E+09
361	1.22E+09
362	1.23E+09
363	1.23E+09
364	1.23E+09
365	1.24E+09
366	1.24E+09
367	1.25E+09
368	1.25E+09
369	1.25E+09
370	1.26E+09
371	1.26E+09
372	1.26E+09
373	1.27E+09
374	1.27E+09
375	1.27E+09
376	1.28E+09
377	1.28E+09
378	1.28E+09
379	1.29E+09
380	1.29E+09
381	1.29E+09
382	1.30E+09
383	1.30E+09
384	1.30E+09
385	1.31E+09
386	1.31E+09
387	1.31E+09
388	1.32E+09
389	1.32E+09
390	1.32E+09
391	1.33E+09
392	1.33E+09
393	1.33E+09
394	1.34E+09
395	1.34E+09
396	1.34E+09
397	1.35E+09
398	1.35E+09
399	1.35E+09
400	1.36E+09
401	1.36E+09
402	1.36E+09
403	1.37E+09
404	1.37E+09
405	1.37E+09
406	1.38E+09
407	1.38E+09
408	1.38E+09
409	1.39E+09
410	1.39E+09
411	1.39E+09
412	1.40E+09
413	1.40E+09
414	1.40E+09
415	1.41E+09
416	1.41E+09
417	1.41E+09
418	1.42E+09
419	1.42E+09
420	1.42E+09
421	1.43E+09
422	1.43E+09
423	1.44E+09
424	1.44E+09
425	1.44E+09
426	1.45E+09
427	1.45E+09
428	1.45E+09
429	1.46E+09
430	1.46E+09
431	1.46E+09
432	1.47E+09
433	1.47E+09
434	1.47E+09
435	1.48E+09
436	1.48E+09
437	1.48E+09
438	1.49E+09
439	1.49E+09
440	1.49E+09
441	1.50E+09
442	1.50E+09
443	1.50E+09
444	1.51E+09
445	1.51E+09
446	1.51E+09
447	1.52E+09
448	1.52E+09
449	1.52E+09
450	1.53E+09
451	1.53E+09
452	1.53E+09
453	1.54E+09
454	1.54E+09
455	1.54E+09
456	1.55E+09
457	1.55E+09
458	1.55E+09
459	1.56E+09
460	1.56E+09
461	1.56E+09
462	1.57E+09
463	1.57E+09
464	1.57E+09
465	1.58E+09
466	1.58E+09
467	1.58E+09
468	1.59E+09
469	1.59E+09
470	1.59E+09
471	1.60E+09
472	1.60E+09
473	1.60E+09
474	1.61E+09
475	1.61E+09
476	1.61E+09
477	1.62E+09
478	1.62E+09
479	1.63E+09
480	1.63E+09
481	1.63E+09
482	1.64E+09
483	1.64E+09
484	1.64E+09
485	1.65E+09
486	1.65E+09
487	1.65E+09
488	1.66E+09
489	1.66E+09
490	1.66E+09
491	1.67E+09
492	1.67E+09
493	1.67E+09
494	1.68E+09
495	1.68E+09
496	1.68E+09
497	1.69E+09
498	1.69E+09
499	1.69E+09
500	1.70E+09
501	1.70E+09
502	1.70E+09
503	1.71E+09
504	1.71E+09
505	1.71E+09
506	1.72E+09
507	1.72E+09
508	1.72E+09
509	1.73E+09
510	1.73E+09
511	1.73E+09
512	1.74E+09
513	1.74E+09
514	1.74E+09
515	1.75E+09
516	1.75E+09
517	1.75E+09
518	1.76E+09
519	1.76E+09
520	1.76E+09
521	1.77E+09
522	1.77E+09
523	1.77E+09
524	1.78E+09
525	1.78E+09
526	1.78E+09
527	1.79E+09
528	1.79E+09
529	1.79E+09
530	1.80E+09
531	1.80E+09
532	1.80E+09
533	1.81E+09
534	1.81E+09
535	1.82E+09
536	1.82E+09
537	1.82E+09
538	1.83E+09
539	1.83E+09
540	1.83E+09
541	1.84E+09
542	1.84E+09
543	1.84E+09
544	1.85E+09
545	1.85E+09
546	1.85E+09
547	1.86E+09
548	1.86E+09
549	1.86E+09
550	1.87E+09
551	1.87E+09
552	1.87E+09
553	1.88E+09
554	1.88E+09
555	1.88E+09
556	1.89E+09
557	1.89E+09
558	1.89E+09
559	1.90E+09
560	1.90E+09
561	1.90E+09
562	1.91E+09
563	1.91E+09
564	1.91E+09
565	1.92E+09
566	1.92E+09
567	1.92E+09
568	1.93E+09
569	1.93E+09
570	1.93E+09
571	1.94E+09
572	1.94E+09
573	1.94E+09
574	1.95E+09
575	1.95E+09
576	1.95E+09
577	1.96E+09
578	1.96E+09
579	1.96E+09
580	1.97E+09
581	1.97E+09
582	1.97E+09
583	1.98E+09
584	1.98E+09
585	1.98E+09
586	1.99E+09
587	1.99E+09
588	1.99E+09
589	2.00E+09
590	2.00E+09
591	2.01E+09
592	2.01E+09
593	2.01E+09
594	2.02E+09
595	2.02E+09
596	2.02E+09
597	2.03E+09
598	2.03E+09
599	2.03E+09
600	2.04E+09
601	2.04E+09
602	2.04E+09
603	2.05E+09
604	2.05E+09
605	2.05E+09
606	2.06E+09
607	2.06E+09
608	2.06E+09
609	2.07E+09
610	2.07E+09
611	2.07E+09
612	2.08E+09
613	2.08E+09
614	2.08E+09
615	2.09E+09
616	2.09E+09
617	2.09E+09
618	2.10E+09
619	2.10E+09
620	2.10E+09
621	2.11E+09
622	2.11E+09
623	2.11E+09
624	2.12E+09
625	2.12E+09
626	2.12E+09
627	2.13E+09
628	2.13E+09
629	2.13E+09
630	2.14E+09
631	2.14E+09
632	2.14E+09
633	2.15E+09
634	2.15E+09
635	2.15E+09
636	2.16E+09
637	2.16E+09
638	2.16E+09
639	2.17E+09
640	2.17E+09
641	2.17E+09
642	2.18E+09
643	2.18E+09
644	2.18E+09
645	2.19E+09
646	2.19E+09
647	2.20E+09
648	2.20E+09
649	2.20E+09
650	2.21E+09
651	2.21E+09
652	2.21E+09
653	2.22E+09
654	2.22E+09
655	2.22E+09
656	2.23E+09
657	2.23E+09
658	2.23E+09
659	2.24E+09
660	2.24E+09
661	2.24E+09
662	2.25E+09
663	2.25E+09
664	2.25E+09
665	2.26E+09
666	2.26E+09
667	2.26E+09
668	2.27E+09
669	2.27E+09
670	2.27E+09
671	2.28E+09
672	2.28E+09
673	2.28E+09
674	2.29E+09
675	2.29E+09
676	2.29E+09
677	2.30E+09
678	2.30E+09
679	2.30E+09
680	2.31E+09
681	2.31E+09
682	2.31E+09
683	2.32E+09
684	2.32E+09
685	2.32E+09
686	2.33E+09
687	2.33E+09
688	2.33E+09
689	2.34E+09
690	2.34E+09
691	2.34E+09
692	2.35E+09
693	2.35E+09
694	2.35E+09
695	2.36E+09
696	2.36E+09
697	2.36E+09
698	2.37E+09
699	2.37E+09
700	2.37E+09
701	2.38E+09
702	2.38E+09
703	2.39E+09
704	2.39E+09
705	2.39E+09
706	2.40E+09
707	2.40E+09
708	2.40E+09
709	2.41E+09
710	2.41E+09
711	2.41E+09
712	2.42E+09
713	2.42E+09
714	2.42E+09
715	2.43E+09
716	2.43E+09
717	2.43E+09
718	2.44E+09
719	2.44E+09
720	2.44E+09
721	2.45E+09
722	2.45E+09
723	2.45E+09
724	2.46E+09
725	2.46E+09
726	2.46E+09
727	2.47E+09
728	2.47E+09
729	2.47E+09
730	2.48E+09
731	2.48E+09
732	2.48E+09
733	2.49E+09
734	2.49E+09
735	2.49E+09
736	2.50E+09
737	2.50E+09
738	2.50E+09
739	2.51E+09
740	2.51E+09
741	2.51E+09
742	2.52E+09
743	2.52E+09
744	2.52E+09
745	2.53E+09
746	2.53E+09
747	2.53E+09
748	2.54E+09
749	2.54E+09
750	2.54E+09
751	2.55E+09
752	2.55E+09
753	2.55E+09
754	2.56E+09
755	2.56E+09
756	2.56E+09
757	2.57E+09
758	2.57E+09
759	2.58E+09
760	2.58E+09
761	2.58E+09
762	2.59E+09
763	2.59E+09
764	2.59E+09
765	2.60E+09
766	2.60E+09
767	2.60E+09
768	2.61E+09
769	2.61E+09
770	2.61E+09
771	2.62E+09
772	2.62E+09
773	2.62E+09
774	2.63E+09
775	2.63E+09
776	2.63E+09
777	2.64E+09
778	2.64E+09
779	2.64E+09
780	2.65E+09
781	2.65E+09
782	2.65E+09
783	2.66E+09
784	2.66E+09
785	2.66E+09
786	2.67E+09
787	2.67E+09
788	2.67E+09
789	2.68E+09
790	2.68E+09
791	2.68E+09
792	2.69E+09
793	2.69E+09
794	2.69E+09
795	2.70E+09
796	2.70E+09
797	2.70E+09
798	2.71E+09
799	2.71E+09
800	2.71E+09
801	2.72E+09
802	2.72E+09
803	2.72E+09
804	2.73E+09
805	2.73E+09
806	2.73E+09
807	2.74E+09
808	2.74E+09
809	2.74E+09
810	2.75E+09
811	2.75E+09
812	2.75E+09
813	2.76E+09
814	2.76E+09
815	2.77E+09
816	2.77E+09
817	2.77E+09
818	2.78E+09
819	2.78E+09
820	2.78E+09
821	2.79E+09
822	2.79E+09
823	2.79E+09
824	2.80E+09
825	2.80E+09
826	2.80E+09
827	2.81E+09
828	2.81E+09
829	2.81E+09
830	2.82E+09
831	2.82E+09
832	2.82E+09
833	2.83E+09
834	2.83E+09
835	2.83E+09
836	2.84E+09
837	2.84E+09
838	2.84E+09
839	2.85E+09
840	2.85E+09
841	2.85E+09
842	2.86E+09
843	2.86E+09
844	2.86E+09
845	2.87E+09
846	2.87E+09
847	2.87E+09
848	2.88E+09
849	2.88E+09
850	2.88E+09
851	2.89E+09
852	2.89E+09
853	2.89E+09
854	2.90E+09
855	2.90E+09
856	2.90E+09
857	2.91E+09
858	2.91E+09
859	2.91E+09
860	2.92E+09
861	2.92E+09
862	2.92E+09
863	2.93E+09
864	2.93E+09
865	2.93E+09
866	2.94E+09
867	2.94E+09
868	2.94E+09
869	2.95E+09
870	2.95E+09
871	2.96E+09
872	2.96E+09
873	2.96E+09
874	2.97E+09
875	2.97E+09
876	2.97E+09
877	2.98E+09
878	2.98E+09
879	2.98E+09
880	2.99E+09
881	2.99E+09
882	2.99E+09
883	3.00E+09
884	3.00E+09
885	3.00E+09
886	3.01E+09
887	3.01E+09
888	3.01E+09
889	3.02E+09
890	3.02E+09
891	3.02E+09
892	3.03E+09
893	3.03E+09
894	3.03E+09
895	3.04E+09
896	3.04E+09
897	3.04E+09
898	3.05E+09
899	3.05E+09
900	3.05E+09
901	3.06E+09
902	3.06E+09
903	3.06E+09
904	3.07E+09
905	3.07E+09
906	3.07E+09
907	3.08E+09
908	3.08E+09
909	3.08E+09
910	3.09E+09
911	3.09E+09
912	3.09E+09
913	3.10E+09
914	3.10E+09
915	3.10E+09
916	3.11E+09
917	3.11E+09
918	3.11E+09
919	3.12E+09
920	3.12E+09
921	3.12E+09
922	3.13E+09
923	3.13E+09
924	3.13E+09
925	3.14E+09
926	3.14E+09
927	3.15E+09
928	3.15E+09
929	3.15E+09
930	3.16E+09
931	3.16E+09
932	3.16E+09
933	3.17E+09
934	3.17E+09
935	3.17E+09
936	3.18E+09
937	3.18E+09
938	3.18E+09
939	3.19E+09
940	3.19E+09
941	3.19E+09
942	3.20E+09
943	3.20E+09
944	3.20E+09
945	3.21E+09
946	3.21E+09
947	3.21E+09
948	3.22E+09
949	3.22E+09
950	3.22E+09
951	3.23E+09
952	3.23E+09
953	3.23E+09
954	3.24E+09
955	3.24E+09
956	3.24E+09
957	3.25E+09
958	3.25E+09
959	3.25E+09
960	3.26E+09
961	3.26E+09
962	3.26E+09
963	3.27E+09
964	3.27E+09
965	3.27E+09
966	3.28E+09
967	3.28E+09
968	3.28E+09
969	3.29E+09
970	3.29E+09
971	3.29E+09
972	3.30E+09
973	3.30E+09
974	3.30E+09
975	3.31E+09
976	3.31E+09
977	3.31E+09
978	3.32E+09
979	3.32E+09
980	3.32E+09
981	3.33E+09
982	3.33E+09
983	3.34E+09
984	3.34E+09
985	3.34E+09
986	3.35E+09
987	3.35E+09
988	3.35E+09
989	3.36E+09
990	3.36E+09
991	3.36E+09
992	3.37E+09
993	3.37E+09
994	3.37E+09
995	3.38E+09
996	3.38E+09
997	3.38E+09
998	3.39E+09
999	3.39E+09
1000	3.39E+09
1001	3.40E+09
1002	3.40E+09
1003	3.40E+09
1004	3.41E+09
1005	3.41E+09
1006	3.41E+09
1007	3.42E+09
1008	3.42E+09
1009	3.42E+09
1010	3.43E+09
1011	3.43E+09
1012	3.43E+09
1013	3.44E+09
1014	3.44E+09
1015	3.44E+09
1016	3.45E+09
1017	3.45E+09
1018	3.45E+09
1019	3.46E+09
1020	3.46E+09
1021	3.46E+09
1022	3.47E+09
1023	3.47E+09
1024	3.47E+09
1025	3.48E+09
1026	3.48E+09
1027	3.48E+09
1028	3.49E+09
1029	3.49E+09
1030	3.49E+09
1031	3.50E+09
1032	3.50E+09
1033	3.50E+09
1034	3.51E+09
1035	3.51E+09
1036	3.51E+09
1037	3.52E+09
1038	3.52E+09
1039	3.53E+09
1040	3.53E+09
1041	3.53E+09
1042	3.54E+09
1043	3.54E+09
1044	3.54E+09
1045	3.55E+09
1046	3.55E+09
1047	3.55E+09
1048	3.56E+09
1049	3.56E+09
1050	3.56E+09
1051	3.57E+09
1052	3.57E+09
1053	3.57E+09
1054	3.58E+09
1055	3.58E+09
1056	3.58E+09
1057	3.59E+09
1058	3.59E+09
1059	3.59E+09
1060	3.60E+09
1061	3.60E+09
1062	3.60E+09
1063	3.61E+09
1064	3.61E+09
1065	3.61E+09
1066	3.62E+09
1067	3.62E+09
1068	3.62E+09
1069	3.63E+09
1070	3.63E+09
1071	3.63E+09
1072	3.64E+09
1073	3.64E+09
1074	3.64E+09
1075	3.65E+09
1076	3.65E+09
1077	3.65E+09
1078	3.66E+09
1079	3.66E+09
1080	3.66E+09
1081	3.67E+09
1082	3.67E+09
1083	3.67E+09
1084	3.68E+09
1085	3.68E+09
1086	3.68E+09
1087	3.69E+09
1088	3.69E+09
1089	3.69E+09
1090	3.70E+09
1091	3.70E+09
1092	3.70E+09
1093	3.71E+09
1094	3.71E+09
1095	3.72E+09
1096	3.72E+09
1097	3.72E+09
1098	3.73E+09
1099	3.73E+09
1100	3.73E+09
1101	3.74E+09
1102	3.74E+09
1103	3.74E+09
1104	3.75E+09
1105	3.75E+09
1106	3.75E+09
1107	3.76E+09
1108	3.76E+09
1109	3.76E+09
1110	3.77E+09
1111	3.77E+09
1112	3.77E+09
1113	3.78E+09
1114	3.78E+09
1115	3.78E+09
1116	3.79E+09
1117	3.79E+09
1118	3.79E+09
1119	3.80E+09
1120	3.80E+09
1121	3.80E+09
1122	3.81E+09
1123	3.81E+09
1124	3.81E+09
1125	3.82E+09
1126	3.82E+09
1127	3.82E+09
1128	3.83E+09
1129	3.83E+09
1130	3.83E+09
1131	3.84E+09
1132	3.84E+09
1133	3.84E+09
1134	3.85E+09
1135	3.85E+09
1136	3.85E+09
1137	3.86E+09
1138	3.86E+09
1139	3.86E+09
1140	3.87E+09
1141	3.87E+09
1142	3.87E+09
1143	3.88E+09
1144	3.88E+09
1145	3.88E+09
1146	3.89E+09
1147	3.89E+09
1148	3.89E+09
1149	3.90E+09
1150	3.90E+09
1151	3.91E+09
1152	3.91E+09
1153	3.91E+09
1154	3.92E+09
1155	3.92E+09
1156	3.92E+09
1157	3.93E+09
1158	3.93E+09
1159	3.93E+09
1160	3.94E+09
1161	3.94E+09
1162	3.94E+09
1163	3.95E+09
1164	3.95E+09
1165	3.95E+09
1166	3.96E+09
1167	3.96E+09
1168	3.96E+09
1169	3.97E+09
1170	3.97E+09
1171	3.97E+09
1172	3.98E+09
1173	3.98E+09
1174	3.98E+09
1175	3.99E+09
1176	3.99E+09
1177	3.99E+09
1178	4.00E+09
1179	4.00E+09
1180	4.00E+09
1181	4.01E+09
1182	4.01E+09
1183	4.01E+09
1184	4.02E+09
1185	4.02E+09
1186	4.02E+09
1187	4.03E+09
1188	4.03E+09
1189	4.03E+09
1190	4.04E+09
1191	4.04E+09
1192	4.04E+09
1193	4.05E+09
1194	4.05E+09
1195	4.05E+09
1196	4.06E+09
1197	4.06E+09
1198	4.06E+09
1199	4.07E+09
1200	4.07E+09
1201	4.07E+09
1202	4.08E+09
1203	4.08E+09
1204	4.08E+09
1205	4.09E+09
1206	4.09E+09
1207	4.10E+09
1208	4.10E+09
1209	4.10E+09
1210	4.11E+09
1211	4.11E+09
1212	4.11E+09
1213	4.12E+09
1214	4.12E+09
1215	4.12E+09
1216	4.13E+09
1217	4.13E+09
1218	4.13E+09
1219	4.14E+09
1220	4.14E+09
1221	4.14E+09
1222	4.15E+09
1223	4.15E+09
1224	4.15E+09
1225	4.16E+09
1226	4.16E+09
1227	4.16E+09
1228	4.17E+09
1229	4.17E+09
1230	4.17E+09
1231	4.18E+09
1232	4.18E+09
1233	4.18E+09
1234	4.19E+09
1235	4.19E+09
1236	4.19E+09
1237	4.20E+09
1238	4.20E+09
1239	4.20E+09
1240	4.21E+09
1241	4.21E+09
1242	4.21E+09
1243	4.22E+09
1244	4.22E+09
1245	4.22E+09
1246	4.23E+09
1247	4.23E+09
1248	4.23E+09
1249	4.24E+09
1250	4.24E+09
1251	4.24E+09
1252	4.25E+09
1253	4.25E+09
1254	4.25E+09
1255	4.26E+09
1256	4.26E+09
1257	4.26E+09
1258	4.27E+09
1259	4.27E+09
1260	4.27E+09
1261	4.28E+09
1262	4.28E+09
1263	4.29E+09
1264	4.29E+09
1265	4.29E+09
1266	4.30E+09
1267	4.30E+09
1268	4.30E+09
1269	4.31E+09
1270	4.31E+09
1271	4.31E+09
1272	4.32E+09
1273	4.32E+09
1274	4.32E+09
1275	4.33E+09
1276	4.33E+09
1277	4.33E+09
1278	4.34E+09
1279	4.34E+09
1280	4.34E+09
1281	4.35E+09
1282	4.35E+09
1283	4.35E+09
1284	4.36E+09
1285	4.36E+09
1286	4.36E+09
1287	4.37E+09
1288	4.37E+09
1289	4.37E+09
1290	4.38E+09
1291	4.38E+09
1292	4.38E+09
1293	4.39E+09
1294	4.39E+09
1295	4.39E+09
1296	4.40E+09
1297	4.40E+09
1298	4.40E+09
1299	4.41E+09
1300	4.41E+09
1301	4.41E+09
1302	4.42E+09
1303	4.42E+09
1304	4.42E+09
1305	4.43E+09
1306	4.43E+09
1307	4.43E+09
1308	4.44E+09
1309	4.44E+09
1310	4.44E+09
1311	4.45E+09
1312	4.45E+09
1313	4.45E+09
1314	4.46E+09
1315	4.46E+09
1316	4.46E+09
1317	4.47E+09
1318	4.47E+09
1319	4.48E+09
1320	4.48E+09
1321	4.48E+09
1322	4.49E+09
1323	4.49E+09
1324	4.49E+09
1325	4.50E+09
1326	4.50E+09
1327	4.50E+09
1328	4.51E+09
1329	4.51E+09
1330	4.51E+09
1331	4.52E+09
1332	4.52E+09
1333	4.52E+09
1334	4.53E+09
1335	4.53E+09
1336	4.53E+09
1337	4.54E+09
1338	4.54E+09
1339	4.54E+09
1340	4.55E+09
1341	4.55E+09
1342	4.55E+09
1343	4.56E+09
1344	4.56E+09
1345	4.56E+09
1346	4.57E+09
1347	4.57E+09
1348	4.57E+09
1349	4.58E+09
1350	4.58E+09
1351	4.58E+09
1352	4.59E+09
1353	4.59E+09
1354	4.59E+09
1355	4.60E+09
1356	4.60E+09
1357	4.60E+09
1358	4.61E+09
1359	4.61E+09
1360	4.61E+09
1361	4.62E+09
1362	4.62E+09
1363	4.62E+09
1364	4.63E+09
1365	4.63E+09
1366	4.63E+09
1367	4.64E+09
1368	4.64E+09
1369	4.64E+09
1370	4.65E+09
1371	4.65E+09
1372	4.65E+09
1373	4.66E+09
1374	4.66E+09
1375	4.67E+09
1376	4.67E+09
1377	4.67E+09
1378	4.68E+09
1379	4.68E+09
1380	4.68E+09
1381	4.69E+09
1382	4.69E+09
1383	4.69E+09
1384	4.70E+09
1385	4.70E+09
1386	4.70E+09
1387	4.71E+09
1388	4.71E+09
1389	4.71E+09
1390	4.72E+09
1391	4.72E+09
1392	4.72E+09
1393	4.73E+09
1394	4.73E+09
1395	4.73E+09
1396	4.74E+09
1397	4.74E+09
1398	4.74E+09
1399	4.75E+09
1400	4.75E+09
1401	4.75E+09
1402	4.76E+09
1403	4.76E+09
1404	4.76E+09
1405	4.77E+09
1406	4.77E+09
1407	4.77E+09
1408	4.78E+09
1409	4.78E+09
1410	4.78E+09
1411	4.79E+09
1412	4.79E+09
1413	4.79E+09
1414	4.80E+09
1415	4.80E+09
1416	4.80E+09
1417	4.81E+09
1418	4.81E+09
1419	4.81E+09
1420	4.82E+09
1421	4.82E+09
1422	4.82E+09
1423	4.83E+09
1424	4.83E+09
1425	4.83E+09
1426	4.84E+09
1427	4.84E+09
1428	4.84E+09
1429	4.85E+09
1430	4.85E+09
1431	4.86E+09
1432	4.86E+09
1433	4.86E+09
1434	4.87E+09
1435	4.87E+09
1436	4.87E+09
1437	4.88E+09
1438	4.88E+09
1439	4.88E+09
1440	4.89E+09
1441	4.89E+09
1442	4.89E+09
1443	4.90E+09
1444	4.90E+09
1445	4.90E+09
1446	4.91E+09
1447	4.91E+09
1448	4.91E+09
1449	4.92E+09
1450	4.92E+09
1451	4.92E+09
1452	4.93E+09
1453	4.93E+09
1454	4.93E+09
1455	4.94E+09
1456	4.94E+09
1457	4.94E+09
1458	4.95E+09
1459	4.95E+09
1460	4.95E+09
1461	4.96E+09
1462	4.96E+09
1463	4.96E+09
1464	4.97E+09
1465	4.97E+09
1466	4.97E+09
1467	4.98E+09
1468	4.98E+09
1469	4.98E+09
1470	4.99E+09
1471	4.99E+09
1472	4.99E+09
1473	5.00E+09
1474	5.00E+09
1475	5.00E+09
1476	5.01E+09
1477	5.01E+09
1478	5.01E+09
1479	5.02E+09
1480	5.02E+09
1481	5.02E+09
1482	5.03E+09
1483	5.03E+09
1484	5.03E+09
1485	5.04E+09
1486	5.04E+09
1487	5.05E+09
1488	5.05E+09
1489	5.05E+09
1490	5.06E+09
1491	5.06E+09
1492	5.06E+09
1493	5.07E+09
1494	5.07E+09
1495	5.07E+09
1496	5.08E+09
1497	5.08E+09
1498	5.08E+09
1499	5.09E+09
1500	5.09E+09
1501	5.09E+09
1502	5.10E+09
1503	5.10E+09
1504	5.10E+09
1505	5.11E+09
1506	5.11E+09
1507	5.11E+09
1508	5.12E+09
1509	5.12E+09
1510	5.12E+09
1511	5.13E+09
1512	5.13E+09
1513	5.13E+09
1514	5.14E+09
1515	5.14E+09
1516	5.14E+09
1517	5.15E+09
1518	5.15E+09
1519	5.15E+09
1520	5.16E+09
1521	5.16E+09
1522	5.16E+09
1523	5.17E+09
1524	5.17E+09
1525	5.17E+09
1526	5.18E+09
1527	5.18E+09
1528	5.18E+09
1529	5.19E+09
1530	5.19E+09
1531	5.19E+09
1532	5.20E+09
1533	5.20E+09
1534	5.20E+09
1535	5.21E+09
1536	5.21E+09
1537	5.21E+09
1538	5.22E+09
1539	5.22E+09
1540	5.22E+09
1541	5.23E+09
1542	5.23E+09
1543	5.24E+09
1544	5.24E+09
1545	5.24E+09
1546	5.25E+09
1547	5.25E+09
1548	5.25E+09
1549	5.26E+09
1550	5.26E+09
1551	5.26E+09
1552	5.27E+09
1553	5.27E+09
1554	5.27E+09
1555	5.28E+09
1556	5.28E+09
1557	5.28E+09
1558	5.29E+09
1559	5.29E+09
1560	5.29E+09
1561	5.30E+09
1562	5.30E+09
1563	5.30E+09
1564	5.31E+09
1565	5.31E+09
1566	5.31E+09
1567	5.32E+09
1568	5.32E+09
1569	5.32E+09
1570	5.33E+09
1571	5.33E+09
1572	5.33E+09
1573	5.34E+09
1574	5.34E+09
1575	5.34E+09
1576	5.35E+09
1577	5.35E+09
1578	5.35E+09
1579	5.36E+09
1580	5.36E+09
1581	5.36E+09
1582	5.37E+09
1583	5.37E+09
1584	5.37E+09
1585	5.38E+09
1586	5.38E+09
1587	5.38E+09
1588	5.39E+09
1589	5.39E+09
1590	5.39E+09
1591	5.40E+09
1592	5.40E+09
1593	5.40E+09
1594	5.41E+09
1595	5.41E+09
1596	5.41E+09
1597	5.42E+09
1598	5.42E+09
1599	5.43E+09
1600	5.43E+09
1601	5.43E+09
1602	5.44E+09
1603	5.44E+09
1604	5.44E+09
1605	5.45E+09
1606	5.45E+09
1607	5.45E+09
1608	5.46E+09
1609	5.46E+09
1610	5.46E+09
1611	5.47E+09
1612	5.47E+09
1613	5.47E+09
1614	5.48E+09
1615	5.48E+09
1616	5.48E+09
1617	5.49E+09
1618	5.49E+09
1619	5.49E+09
1620	5.50E+09
1621	5.50E+09
1622	5.50E+09
1623	5.51E+09
1624	5.51E+09
1625	5.51E+09
1626	5.52E+09
1627	5.52E+09
1628	5.52E+09
1629	5.53E+09
1630	5.53E+09
1631	5.53E+09
1632	5.54E+09
1633	5.54E+09
1634	5.54E+09
1635	5.55E+09
1636	5.55E+09
1637	5.55E+09
1638	5.56E+09
1639	5.56E+09
1640	5.56E+09
1641	5.57E+09
1642	5.57E+09
1643	5.57E+09
1644	5.58E+09
1645	5.58E+09
1646	5.58E+09
1647	5.59E+09
1648	5.59E+09
1649	5.59E+09
1650	5.60E+09
1651	5.60E+09
1652	5.60E+09
1653	5.61E+09
1654	5.61E+09
1655	5.62E+09
1656	5.62E+09
1657	5.62E+09
1658	5.63E+09
1659	5.63E+09
1660	5.63E+09
1661	5.64E+09
1662	5.64E+09
1663	5.64E+09
1664	5.65E+09
1665	5.65E+09
1666	5.65E+09
1667	5.66E+09
1668	5.66E+09
1669	5.66E+09
1670	5.67E+09
1671	5.67E+09
1672	5.67E+09
1673	5.68E+09
1674	5.68E+09
1675	5.68E+09
1676	5.69E+09
1677	5.69E+09
1678	5.69E+09
1679	5.70E+09
1680	5.70E+09
1681	5.70E+09
1682	5.71E+09
1683	5.71E+09
1684	5.71E+09
1685	5.72E+09
1686	5.72E+09
1687	5.72E+09
1688	5.73E+09
1689	5.73E+09
1690	5.73E+09
1691	5.74E+09
1692	5.74E+09
1693	5.74E+09
1694	5.75E+09
1695	5.75E+09
1696	5.75E+09
1697	5.76E+09
1698	5.76E+09
1699	5.76E+09
1700	5.77E+09
1701	5.77E+09
1702	5.77E+09
1703	5.78E+09
1704	5.78E+09
1705	5.78E+09
1706	5.79E+09
1707	5.79E+09
1708	5.79E+09
1709	5.80E+09
1710	5.80E+09
1711	5.81E+09
1712	5.81E+09
1713	5.81E+09
1714	5.82E+09
1715	5.82E+09
1716	5.82E+09
1717	5.83E+09
1718	5.83E+09
1719	5.83E+09
1720	5.84E+09
1721	5.84E+09
1722	5.84E+09
1723	5.85E+09
1724	5.85E+09
1725	5.85E+09
1726	5.86E+09
1727	5.86E+09
1728	5.86E+09
1729	5.87E+09
1730	5.87E+09
1731	5.87E+09
1732	5.88E+09
1733	5.88E+09
1734	5.88E+09
1735	5.89E+09
1736	5.89E+09
1737	5.89E+09
1738	5.90E+09
1739	5.90E+09
1740	5.90E+09
1741	5.91E+09
1742	5.91E+09
1743	5.91E+09
1744	5.92E+09
1745	5.92E+09
1746	5.92E+09
1747	5.93E+09
1748	5.93E+09
1749	5.93E+09
1750	5.94E+09
1751	5.94E+09
1752	5.94E+09
1753	5.95E+09
1754	5.95E+09
1755	5.95E+09
1756	5.96E+09
1757	5.96E+09
1758	5.96E+09
1759	5.97E+09
1760	5.97E+09
1761	5.97E+09
1762	5.98E+09
1763	5.98E+09
1764	5.98E+09
1765	5.99E+09
1766	5.99E+09
1767	6.00E+09
1768	6.00E+09
1769	6.00E+09
1770	6.01E+09
1771	6.01E+09
1772	6.01E+09
1773	6.02E+09
1774	6.02E+09
1775	6.02E+09
1776	6.03E+09
1777	6.03E+09
1778	6.03E+09
1779	6.04E+09
1780	6.04E+09
1781	6.04E+09
1782	6.05E+09
1783	6.05E+09
1784	6.05E+09
1785	6.06E+09
1786	6.06E+09
1787	6.06E+09
1788	6.07E+09
1789	6.07E+09
1790	6.07E+09
1791	6.08E+09
1792	6.08E+09
1793	6.08E+09
1794	6.09E+09
1795	6.09E+09
1796	6.09E+09
1797	6.10E+09
1798	6.10E+09
1799	6.10E+09
1800	6.11E+09
1801	6.11E+09
1802	6.11E+09
1803	6.12E+09
1804	6.12E+09
1805	6.12E+09
1806	6.13E+09
1807	6.13E+09
1808	6.13E+09
1809	6.14E+09
1810	6.14E+09
1811	6.14E+09
1812	6.15E+09
1813	6.15E+09
1814	6.15E+09
1815	6.16E+09
1816	6.16E+09
1817	6.16E+09
1818	6.17E+09
1819	6.17E+09
1820	6.17E+09
1821	6.18E+09
1822	6.18E+09
1823	6.19E+09
1824	6.19E+09
1825	6.19E+09
1826	6.20E+09
1827	6.20E+09
1828	6.20E+09
1829	6.21E+09
1830	6.21E+09
1831	6.21E+09
1832	6.22E+09
1833	6.22E+09
1834	6.22E+09
1835	6.23E+09
1836	6.23E+09
1837	6.23E+09
1838	6.24E+09
1839	6.24E+09
1840	6.24E+09
1841	6.25E+09
1842	6.25E+09
1843	6.25E+09
1844	6.26E+09
1845	6.26E+09
1846	6.26E+09
1847	6.27E+09
1848	6.27E+09
1849	6.27E+09
1850	6.28E+09
1851	6.28E+09
1852	6.28E+09
1853	6.29E+09
1854	6.29E+09
1855	6.29E+09
1856	6.30E+09
1857	6.30E+09
1858	6.30E+09
1859	6.31E+09
1860	6.31E+09
1861	6.31E+09
1862	6.32E+09
1863	6.32E+09
1864	6.32E+09
1865	6.33E+09
1866	6.33E+09
1867	6.33E+09
1868	6.34E+09
1869	6.34E+09
1870	6.34E+09
1871	6.35E+09
1872	6.35E+09
1873	6.35E+09
1874	6.36E+09
1875	6.36E+09
1876	6.36E+09
1877	6.37E+09
1878	6.37E+09
1879	6.38E+09
1880	6.38E+09
1881	6.38E+09
1882	6.39E+09
1883	6.39E+09
1884	6.39E+09
1885	6.40E+09
1886	6.40E+09
1887	6.40E+09
1888	6.41E+09
1889	6.41E+09
1890	6.41E+09
1891	6.42E+09
1892	6.42E+09
1893	6.42E+09
1894	6.43E+09
1895	6.43E+09
1896	6.43E+09
1897	6.44E+09
1898	6.44E+09
1899	6.44E+09
1900	6.45E+09
1901	6.45E+09
1902	6.45E+09
1903	6.46E+09
1904	6.46E+09
1905	6.46E+09
1906	6.47E+09
1907	6.47E+09
1908	6.47E+09
1909	6.48E+09
1910	6.48E+09
1911	6.48E+09
1912	6.49E+09
1913	6.49E+09
1914	6.49E+09
1915	6.50E+09
1916	6.50E+09
1917	6.50E+09
1918	6.51E+09
1919	6.51E+09
1920	6.51E+09
1921	6.52E+09
1922	6.52E+09
1923	6.52E+09
1924	6.53E+09
1925	6.53E+09
1926	6.53E+09
1927	6.54E+09
1928	6.54E+09
1929	6.54E+09
1930	6.55E+09
1931	6.55E+09
1932	6.55E+09
1933	6.56E+09
1934	6.56E+09
1935	6.57E+09
1936	6.57E+09
1937	6.57E+09
1938	6.58E+09
1939	6.58E+09
1940	6.58E+09
1941	6.59E+09
1942	6.59E+09
1943	6.59E+09
1944	6.60E+09
1945	6.60E+09
1946	6.60E+09
1947	6.61E+09
1948	6.61E+09
1949	6.61E+09
1950	6.62E+09
1951	6.62E+09
1952	6.62E+09
1953	6.63E+09
1954	6.63E+09
1955	6.63E+09
1956	6.64E+09
1957	6.64E+09
1958	6.64E+09
1959	6.65E+09
1960	6.65E+09
1961	6.65E+09
1962	6.66E+09
1963	6.66E+09
1964	6.66E+09
1965	6.67E+09
1966	6.67E+09
1967	6.67E+09
1968	6.68E+09
1969	6.68E+09
1970	6.68E+09
1971	6.69E+09
1972	6.69E+09
1973	6.69E+09
1974	6.70E+09
1975	6.70E+09
1976	6.70E+09
1977	6.71E+09
1978	6.71E+09
1979	6.71E+09
1980	6.72E+09
1981	6.72E+09
1982	6.72E+09
1983	6.73E+09
1984	6.73E+09
1985	6.73E+09
1986	6.74E+09
1987	6.74E+09
1988	6.74E+09
1989	6.75E+09
1990	6.75E+09
1991	6.76E+09
1992	6.76E+09
1993	6.76E+09
1994	6.77E+09
1995	6.77E+09
1996	6.77E+09
1997	6.78E+09
1998	6.78E+09
1999	6.78E+09
2000	6.79E+09
2001	6.79E+09
2002	6.79E+09
2003	6.80E+09
2004	6.80E+09
2005	6.80E+09
2006	6.81E+09
2007	6.81E+09
2008	6.81E+09
2009	6.82E+09
2010	6.82E+09
2011	6.82E+09
2012	6.83E+09
2013	6.83E+09
2014	6.83E+09
2015	6.84E+09
2016	6.84E+09
2017	6.84E+09
2018	6.85E+09
2019	6.85E+09
2020	6.85E+09
2021	6.86E+09
2022	6.86E+09
2023	6.86E+09
2024	6.87E+09
2025	6.87E+09
2026	6.87E+09
2027	6.88E+09
2028	6.88E+09
2029	6.88E+09
2030	6.89E+09
2031	6.89E+09
2032	6.89E+09
2033	6.90E+09
2034	6.90E+09
2035	6.90E+09
2036	6.91E+09
2037	6.91E+09
2038	6.91E+09
2039	6.92E+09
2040	6.92E+09
2041	6.92E+09
2042	6.93E+09
2043	6.93E+09
2044	6.93E+09
2045	6.94E+09
2046	6.94E+09
2047	6.95E+09
2048	6.95E+09
2049	6.95E+09
2050	6.96E+09
2051	6.96E+09
2052	6.96E+09
2053	6.97E+09
2054	6.97E+09
2055	6.97E+09
2056	6.98E+09
2057	6.98E+09
2058	6.98E+09
2059	6.99E+09
2060	6.99E+09
2061	6.99E+09
2062	7.00E+09
2063	7.00E+09
2064	7.00E+09
2065	7.01E+09
2066	7.01E+09
2067	7.01E+09
2068	7.02E+09
2069	7.02E+09
2070	7.02E+09
2071	7.03E+09
2072	7.03E+09
2073	7.03E+09
2074	7.04E+09
2075	7.04E+09
2076	7.04E+09
2077	7.05E+09
2078	7.05E+09
2079	7.05E+09
2080	7.06E+09
2081	7.06E+09
2082	7.06E+09
2083	7.07E+09
2084	7.07E+09
2085	7.07E+09
2086	7.08E+09
2087	7.08E+09
2088	7.08E+09
2089	7.09E+09
2090	7.09E+09
2091	7.09E+09
2092	7.10E+09
2093	7.10E+09
2094	7.10E+09
2095	7.11E+09
2096	7.11E+09
2097	7.11E+09
2098	7.12E+09
2099	7.12E+09
2100	7.12E+09
2101	7.13E+09
2102	7.13E+09
2103	7.14E+09
2104	7.14E+09
2105	7.14E+09
2106	7.15E+09
2107	7.15E+09
2108	7.15E+09
2109	7.16E+09
2110	7.16E+09
2111	7.16E+09
2112	7.17E+09
2113	7.17E+09
2114	7.17E+09
2115	7.18E+09
2116	7.18E+09
2117	7.18E+09
2118	7.19E+09
2119	7.19E+09
2120	7.19E+09
2121	7.20E+09
2122	7.20E+09
2123	7.20E+09
2124	7.21E+09
2125	7.21E+09
2126	7.21E+09
2127	7.22E+09
2128	7.22E+09
2129	7.22E+09
2130	7.23E+09
2131	7.23E+09
2132	7.23E+09
2133	7.24E+09
2134	7.24E+09
2135	7.24E+09
2136	7.25E+09
2137	7.25E+09
2138	7.25E+09
2139	7.26E+09
2140	7.26E+09
2141	7.26E+09
2142	7.27E+09
2143	7.27E+09
2144	7.27E+09
2145	7.28E+09
2146	7.28E+09
2147	7.28E+09
2148	7.29E+09
2149	7.29E+09
2150	7.29E+09
2151	7.30E+09
2152	7.30E+09
2153	7.30E+09
2154	7.31E+09
2155	7.31E+09
2156	7.31E+09
2157	7.32E+09
2158	7.32E+09
2159	7.33E+09
2160	7.33E+09
2161	7.33E+09
2162	7.34E+09
2163	7.34E+09
2164	7.34E+09
2165	7.35E+09
2166	7.35E+09
2167	7.35E+09
2168	7.36E+09
2169	7.36E+09
2170	7.36E+09
2171	7.37E+09
2172	7.37E+09
2173	7.37E+09
2174	7.38E+09
2175	7.38E+09
2176	7.38E+09
2177	7.39E+09
2178	7.39E+09
2179	7.39E+09
2180	7.40E+09
2181	7.40E+09
2182	7.40E+09
2183	7.41E+09
2184	7.41E+09
2185	7.41E+09
2186	7.42E+09
2187	7.42E+09
2188	7.42E+09
2189	7.43E+09
2190	7.43E+09
2191	7.43E+09
2192	7.44E+09
2193	7.44E+09
2194	7.44E+09
2195	7.45E+09
2196	7.45E+09
2197	7.45E+09
2198	7.46E+09
2199	7.46E+09
2200	7.46E+09
2201	7.47E+09
2202	7.47E+09
2203	7.47E+09
2204	7.48E+09
2205	7.48E+09
2206	7.48E+09
2207	7.49E+09
2208	7.49E+09
2209	7.49E+09
2210	7.50E+09
2211	7.50E+09
2212	7.50E+09
2213	7.51E+09
2214	7.51E+09
2215	7.52E+09
2216	7.52E+09
2217	7.52E+09
2218	7.53E+09
2219	7.53E+09
2220	7.53E+09
2221	7.54E+09
2222	7.54E+09
2223	7.54E+09
2224	7.55E+09
2225	7.55E+09
2226	7.55E+09
2227	7.56E+09
2228	7.56E+09
2229	7.56E+09
2230	7.57E+09
2231	7.57E+09
2232	7.57E+09
2233	7.58E+09
2234	7.58E+09
2235	7.58E+09
2236	7.59E+09
2237	7.59E+09
2238	7.59E+09
2239	7.60E+09
2240	7.60E+09
2241	7.60E+09
2242	7.61E+09
2243	7.61E+09
2244	7.61E+09
2245	7.62E+09
2246	7.62E+09
2247	7.62E+09
2248	7.63E+09
2249	7.63E+09
2250	7.63E+09
2251	7.64E+09
2252	7.64E+09
2253	7.64E+09
2254	7.65E+09
2255	7.65E+09
2256	7.65E+09
2257	7.66E+09
2258	7.66E+09
2259	7.66E+09
2260	7.67E+09
2261	7.67E+09
2262	7.67E+09
2263	7.68E+09
2264	7.68E+09
2265	7.68E+09
2266	7.69E+09
2267	7.69E+09
2268	7.69E+09
2269	7.70E+09
2270	7.70E+09
2271	7.71E+09
2272	7.71E+09
2273	7.71E+09
2274	7.72E+09
2275	7.72E+09
2276	7.72E+09
2277	7.73E+09
2278	7.73E+09
2279	7.73E+09
2280	7.74E+09
2281	7.74E+09
2282	7.74E+09
2283	7.75E+09
2284	7.75E+09
2285	7.75E+09
2286	7.76E+09
2287	7.76E+09
2288	7.76E+09
2289	7.77E+09
2290	7.77E+09
2291	7.77E+09
2292	7.78E+09
2293	7.78E+09
2294	7.78E+09
2295	7.79E+09
2296	7.79E+09
2297	7.79E+09
2298	7.80E+09
2299	7.80E+09
2300	7.80E+09
2301	7.81E+09
2302	7.81E+09
2303	7.81E+09
2304	7.82E+09
2305	7.82E+09
2306	7.82E+09
2307	7.83E+09
2308	7.83E+09
2309	7.83E+09
2310	7.84E+09
2311	7.84E+09
2312	7.84E+09
2313	7.85E+09
2314	7.85E+09
2315	7.85E+09
2316	7.86E+09
2317	7.86E+09
2318	7.86E+09
2319	7.87E+09
2320	7.87E+09
2321	7.87E+09
2322	7.88E+09
2323	7.88E+09
2324	7.88E+09
2325	7.89E+09
2326	7.89E+09
2327	7.90E+09
2328	7.90E+09
2329	7.90E+09
2330	7.91E+09
2331	7.91E+09
2332	7.91E+09
2333	7.92E+09
2334	7.92E+09
2335	7.92E+09
2336	7.93E+09
2337	7.93E+09
2338	7.93E+09
2339	7.94E+09
2340	7.94E+09
2341	7.94E+09
2342	7.95E+09
2343	7.95E+09
2344	7.95E+09
2345	7.96E+09
2346	7.96E+09
2347	7.96E+09
2348	7.97E+09
2349	7.97E+09
2350	7.97E+09
2351	7.98E+09
2352	7.98E+09
2353	7.98E+09
2354	7.99E+09
2355	7.99E+09
2356	7.99E+09
2357	8.00E+09
2358	8.00E+09
2359	8.00E+09
2360	8.01E+09
2361	8.01E+09
2362	8.01E+09
2363	8.02E+09
2364	8.02E+09
2365	8.02E+09
2366	8.03E+09
2367	8.03E+09
2368	8.03E+09
2369	8.04E+09
2370	8.04E+09
2371	8.04E+09
2372	8.05E+09
2373	8.05E+09
2374	8.05E+09
2375	8.06E+09
2376	8.06E+09
2377	8.06E+09
2378	8.07E+09
2379	8.07E+09
2380	8.07E+09
2381	8.08E+09
2382	8.08E+09
2383	8.09E+09
2384	8.09E+09
2385	8.09E+09
2386	8.10E+09
2387	8.10E+09
2388	8.10E+09
2389	8.11E+09
2390	8.11E+09
2391	8.11E+09
2392	8.12E+09
2393	8.12E+09
2394	8.12E+09
2395	8.13E+09
2396	8.13E+09
2397	8.13E+09
2398	8.14E+09
2399	8.14E+09
2400	8.14E+09
2401	8.15E+09
2402	8.15E+09
2403	8.15E+09
2404	8.16E+09
2405	8.16E+09
2406	8.16E+09
2407	8.17E+09
2408	8.17E+09
2409	8.17E+09
2410	8.18E+09
2411	8.18E+09
2412	8.18E+09
2413	8.19E+09
2414	8.19E+09
2415	8.19E+09
2416	8.20E+09
2417	8.20E+09
2418	8.20E+09
2419	8.21E+09
2420	8.21E+09
2421	8.21E+09
2422	8.22E+09
2423	8.22E+09
2424	8.22E+09
2425	8.23E+09
2426	8.23E+09
2427	8.23E+09
2428	8.24E+09
2429	8.24E+09
2430	8.24E+09
2431	8.25E+09
2432	8.25E+09
2433	8.25E+09
2434	8.26E+09
2435	8.26E+09
2436	8.26E+09
2437	8.27E+09
2438	8.27E+09
2439	8.28E+09
2440	8.28E+09
2441	8.28E+09
2442	8.29E+09
2443	8.29E+09
2444	8.29E+09
2445	8.30E+09
2446	8.30E+09
2447	8.30E+09
2448	8.31E+09
2449	8.31E+09
2450	8.31E+09
2451	8.32E+09
2452	8.32E+09
2453	8.32E+09
2454	8.33E+09
2455	8.33E+09
2456	8.33E+09
2457	8.34E+09
2458	8.34E+09
2459	8.34E+09
2460	8.35E+09
2461	8.35E+09
2462	8.35E+09
2463	8.36E+09
2464	8.36E+09
2465	8.36E+09
2466	8.37E+09
2467	8.37E+09
2468	8.37E+09
2469	8.38E+09
2470	8.38E+09
2471	8.38E+09
2472	8.39E+09
2473	8.39E+09
2474	8.39E+09
2475	8.40E+09
2476	8.40E+09
2477	8.40E+09
2478	8.41E+09
2479	8.41E+09
2480	8.41E+09
2481	8.42E+09
2482	8.42E+09
2483	8.42E+09
2484	8.43E+09
2485	8.43E+09
2486	8.43E+09
2487	8.44E+09
2488	8.44E+09
2489	8.44E+09
2490	8.45E+09
2491	8.45E+09
2492	8.45E+09
2493	8.46E+09
2494	8.46E+09
2495	8.47E+09
2496	8.47E+09
2497	8.47E+09
2498	8.48E+09
2499	8.48E+09
2500	8.48E+09
