Independent Variable - Plot	Dependent Variable - Plot
0	0
1	1.74E+06
2	3.48E+06
3	5.22E+06
4	6.95E+06
5	8.69E+06
6	1.04E+07
7	1.22E+07
8	1.39E+07
9	1.56E+07
10	1.74E+07
11	1.91E+07
12	2.09E+07
13	2.26E+07
14	2.43E+07
15	2.61E+07
16	2.78E+07
17	2.96E+07
18	3.13E+07
19	3.30E+07
20	3.48E+07
21	3.65E+07
22	3.82E+07
23	4.00E+07
24	4.17E+07
25	4.35E+07
26	4.52E+07
27	4.69E+07
28	4.87E+07
29	5.04E+07
30	5.22E+07
31	5.39E+07
32	5.56E+07
33	5.74E+07
34	5.91E+07
35	6.08E+07
36	6.26E+07
37	6.43E+07
38	6.61E+07
39	6.78E+07
40	6.95E+07
41	7.13E+07
42	7.30E+07
43	7.47E+07
44	7.65E+07
45	7.82E+07
46	8.00E+07
47	8.17E+07
48	8.34E+07
49	8.52E+07
50	8.69E+07
51	8.87E+07
52	9.04E+07
53	9.21E+07
54	9.39E+07
55	9.56E+07
56	9.73E+07
57	9.91E+07
58	1.01E+08
59	1.03E+08
60	1.04E+08
61	1.06E+08
62	1.08E+08
63	1.10E+08
64	1.11E+08
65	1.13E+08
66	1.15E+08
67	1.16E+08
68	1.18E+08
69	1.20E+08
70	1.22E+08
71	1.23E+08
72	1.25E+08
73	1.27E+08
74	1.29E+08
75	1.30E+08
76	1.32E+08
77	1.34E+08
78	1.36E+08
79	1.37E+08
80	1.39E+08
81	1.41E+08
82	1.43E+08
83	1.44E+08
84	1.46E+08
85	1.48E+08
86	1.49E+08
87	1.51E+08
88	1.53E+08
89	1.55E+08
90	1.56E+08
91	1.58E+08
92	1.60E+08
93	1.62E+08
94	1.63E+08
95	1.65E+08
96	1.67E+08
97	1.69E+08
98	1.70E+08
99	1.72E+08
100	1.74E+08
101	1.76E+08
102	1.77E+08
103	1.79E+08
104	1.81E+08
105	1.83E+08
106	1.84E+08
107	1.86E+08
108	1.88E+08
109	1.89E+08
110	1.91E+08
111	1.93E+08
112	1.95E+08
113	1.96E+08
114	1.98E+08
115	2.00E+08
116	2.02E+08
117	2.03E+08
118	2.05E+08
119	2.07E+08
120	2.09E+08
121	2.10E+08
122	2.12E+08
123	2.14E+08
124	2.16E+08
125	2.17E+08
126	2.19E+08
127	2.21E+08
128	2.23E+08
129	2.24E+08
130	2.26E+08
131	2.28E+08
132	2.29E+08
133	2.31E+08
134	2.33E+08
135	2.35E+08
136	2.36E+08
137	2.38E+08
138	2.40E+08
139	2.42E+08
140	2.43E+08
141	2.45E+08
142	2.47E+08
143	2.49E+08
144	2.50E+08
145	2.52E+08
146	2.54E+08
147	2.56E+08
148	2.57E+08
149	2.59E+08
150	2.61E+08
151	2.62E+08
152	2.64E+08
153	2.66E+08
154	2.68E+08
155	2.69E+08
156	2.71E+08
157	2.73E+08
158	2.75E+08
159	2.76E+08
160	2.78E+08
161	2.80E+08
162	2.82E+08
163	2.83E+08
164	2.85E+08
165	2.87E+08
166	2.89E+08
167	2.90E+08
168	2.92E+08
169	2.94E+08
170	2.96E+08
171	2.97E+08
172	2.99E+08
173	3.01E+08
174	3.02E+08
175	3.04E+08
176	3.06E+08
177	3.08E+08
178	3.09E+08
179	3.11E+08
180	3.13E+08
181	3.15E+08
182	3.16E+08
183	3.18E+08
184	3.20E+08
185	3.22E+08
186	3.23E+08
187	3.25E+08
188	3.27E+08
189	3.29E+08
190	3.30E+08
191	3.32E+08
192	3.34E+08
193	3.36E+08
194	3.37E+08
195	3.39E+08
196	3.41E+08
197	3.42E+08
198	3.44E+08
199	3.46E+08
200	3.48E+08
201	3.49E+08
202	3.51E+08
203	3.53E+08
204	3.55E+08
205	3.56E+08
206	3.58E+08
207	3.60E+08
208	3.62E+08
209	3.63E+08
210	3.65E+08
211	3.67E+08
212	3.69E+08
213	3.70E+08
214	3.72E+08
215	3.74E+08
216	3.75E+08
217	3.77E+08
218	3.79E+08
219	3.81E+08
220	3.82E+08
221	3.84E+08
222	3.86E+08
223	3.88E+08
224	3.89E+08
225	3.91E+08
226	3.93E+08
227	3.95E+08
228	3.96E+08
229	3.98E+08
230	4.00E+08
231	4.02E+08
232	4.03E+08
233	4.05E+08
234	4.07E+08
235	4.09E+08
236	4.10E+08
237	4.12E+08
238	4.14E+08
239	4.15E+08
240	4.17E+08
241	4.19E+08
242	4.21E+08
243	4.22E+08
244	4.24E+08
245	4.26E+08
246	4.28E+08
247	4.29E+08
248	4.31E+08
249	4.33E+08
250	4.35E+08
251	4.36E+08
252	4.38E+08
253	4.40E+08
254	4.42E+08
255	4.43E+08
256	4.45E+08
257	4.47E+08
258	4.48E+08
259	4.50E+08
260	4.52E+08
261	4.54E+08
262	4.55E+08
263	4.57E+08
264	4.59E+08
265	4.61E+08
266	4.62E+08
267	4.64E+08
268	4.66E+08
269	4.68E+08
270	4.69E+08
271	4.71E+08
272	4.73E+08
273	4.75E+08
274	4.76E+08
275	4.78E+08
276	4.80E+08
277	4.82E+08
278	4.83E+08
279	4.85E+08
280	4.87E+08
281	4.88E+08
282	4.90E+08
283	4.92E+08
284	4.94E+08
285	4.95E+08
286	4.97E+08
287	4.99E+08
288	5.01E+08
289	5.02E+08
290	5.04E+08
291	5.06E+08
292	5.08E+08
293	5.09E+08
294	5.11E+08
295	5.13E+08
296	5.15E+08
297	5.16E+08
298	5.18E+08
299	5.20E+08
300	5.22E+08
301	5.23E+08
302	5.25E+08
303	5.27E+08
304	5.28E+08
305	5.30E+08
306	5.32E+08
307	5.34E+08
308	5.35E+08
309	5.37E+08
310	5.39E+08
311	5.41E+08
312	5.42E+08
313	5.44E+08
314	5.46E+08
315	5.48E+08
316	5.49E+08
317	5.51E+08
318	5.53E+08
319	5.55E+08
320	5.56E+08
321	5.58E+08
322	5.60E+08
323	5.61E+08
324	5.63E+08
325	5.65E+08
326	5.67E+08
327	5.68E+08
328	5.70E+08
329	5.72E+08
330	5.74E+08
331	5.75E+08
332	5.77E+08
333	5.79E+08
334	5.81E+08
335	5.82E+08
336	5.84E+08
337	5.86E+08
338	5.88E+08
339	5.89E+08
340	5.91E+08
341	5.93E+08
342	5.95E+08
343	5.96E+08
344	5.98E+08
345	6.00E+08
346	6.01E+08
347	6.03E+08
348	6.05E+08
349	6.07E+08
350	6.08E+08
351	6.10E+08
352	6.12E+08
353	6.14E+08
354	6.15E+08
355	6.17E+08
356	6.19E+08
357	6.21E+08
358	6.22E+08
359	6.24E+08
360	6.26E+08
361	6.28E+08
362	6.29E+08
363	6.31E+08
364	6.33E+08
365	6.34E+08
366	6.36E+08
367	6.38E+08
368	6.40E+08
369	6.41E+08
370	6.43E+08
371	6.45E+08
372	6.47E+08
373	6.48E+08
374	6.50E+08
375	6.52E+08
376	6.54E+08
377	6.55E+08
378	6.57E+08
379	6.59E+08
380	6.61E+08
381	6.62E+08
382	6.64E+08
383	6.66E+08
384	6.68E+08
385	6.69E+08
386	6.71E+08
387	6.73E+08
388	6.74E+08
389	6.76E+08
390	6.78E+08
391	6.80E+08
392	6.81E+08
393	6.83E+08
394	6.85E+08
395	6.87E+08
396	6.88E+08
397	6.90E+08
398	6.92E+08
399	6.94E+08
400	6.95E+08
401	6.97E+08
402	6.99E+08
403	7.01E+08
404	7.02E+08
405	7.04E+08
406	7.06E+08
407	7.08E+08
408	7.09E+08
409	7.11E+08
410	7.13E+08
411	7.14E+08
412	7.16E+08
413	7.18E+08
414	7.20E+08
415	7.21E+08
416	7.23E+08
417	7.25E+08
418	7.27E+08
419	7.28E+08
420	7.30E+08
421	7.32E+08
422	7.34E+08
423	7.35E+08
424	7.37E+08
425	7.39E+08
426	7.41E+08
427	7.42E+08
428	7.44E+08
429	7.46E+08
430	7.47E+08
431	7.49E+08
432	7.51E+08
433	7.53E+08
434	7.54E+08
435	7.56E+08
436	7.58E+08
437	7.60E+08
438	7.61E+08
439	7.63E+08
440	7.65E+08
441	7.67E+08
442	7.68E+08
443	7.70E+08
444	7.72E+08
445	7.74E+08
446	7.75E+08
447	7.77E+08
448	7.79E+08
449	7.81E+08
450	7.82E+08
451	7.84E+08
452	7.86E+08
453	7.87E+08
454	7.89E+08
455	7.91E+08
456	7.93E+08
457	7.94E+08
458	7.96E+08
459	7.98E+08
460	8.00E+08
461	8.01E+08
462	8.03E+08
463	8.05E+08
464	8.07E+08
465	8.08E+08
466	8.10E+08
467	8.12E+08
468	8.14E+08
469	8.15E+08
470	8.17E+08
471	8.19E+08
472	8.20E+08
473	8.22E+08
474	8.24E+08
475	8.26E+08
476	8.27E+08
477	8.29E+08
478	8.31E+08
479	8.33E+08
480	8.34E+08
481	8.36E+08
482	8.38E+08
483	8.40E+08
484	8.41E+08
485	8.43E+08
486	8.45E+08
487	8.47E+08
488	8.48E+08
489	8.50E+08
490	8.52E+08
491	8.54E+08
492	8.55E+08
493	8.57E+08
494	8.59E+08
495	8.60E+08
496	8.62E+08
497	8.64E+08
498	8.66E+08
499	8.67E+08
500	8.69E+08
501	8.71E+08
502	8.73E+08
503	8.74E+08
504	8.76E+08
505	8.78E+08
506	8.80E+08
507	8.81E+08
508	8.83E+08
509	8.85E+08
510	8.87E+08
511	8.88E+08
512	8.90E+08
513	8.92E+08
514	8.94E+08
515	8.95E+08
516	8.97E+08
517	8.99E+08
518	9.00E+08
519	9.02E+08
520	9.04E+08
521	9.06E+08
522	9.07E+08
523	9.09E+08
524	9.11E+08
525	9.13E+08
526	9.14E+08
527	9.16E+08
528	9.18E+08
529	9.20E+08
530	9.21E+08
531	9.23E+08
532	9.25E+08
533	9.27E+08
534	9.28E+08
535	9.30E+08
536	9.32E+08
537	9.33E+08
538	9.35E+08
539	9.37E+08
540	9.39E+08
541	9.40E+08
542	9.42E+08
543	9.44E+08
544	9.46E+08
545	9.47E+08
546	9.49E+08
547	9.51E+08
548	9.53E+08
549	9.54E+08
550	9.56E+08
551	9.58E+08
552	9.60E+08
553	9.61E+08
554	9.63E+08
555	9.65E+08
556	9.67E+08
557	9.68E+08
558	9.70E+08
559	9.72E+08
560	9.73E+08
561	9.75E+08
562	9.77E+08
563	9.79E+08
564	9.80E+08
565	9.82E+08
566	9.84E+08
567	9.86E+08
568	9.87E+08
569	9.89E+08
570	9.91E+08
571	9.93E+08
572	9.94E+08
573	9.96E+08
574	9.98E+08
575	1.00E+09
576	1.00E+09
577	1.00E+09
578	1.00E+09
579	1.01E+09
580	1.01E+09
581	1.01E+09
582	1.01E+09
583	1.01E+09
584	1.02E+09
585	1.02E+09
586	1.02E+09
587	1.02E+09
588	1.02E+09
589	1.02E+09
590	1.03E+09
591	1.03E+09
592	1.03E+09
593	1.03E+09
594	1.03E+09
595	1.03E+09
596	1.04E+09
597	1.04E+09
598	1.04E+09
599	1.04E+09
600	1.04E+09
601	1.04E+09
602	1.05E+09
603	1.05E+09
604	1.05E+09
605	1.05E+09
606	1.05E+09
607	1.06E+09
608	1.06E+09
609	1.06E+09
610	1.06E+09
611	1.06E+09
612	1.06E+09
613	1.07E+09
614	1.07E+09
615	1.07E+09
616	1.07E+09
617	1.07E+09
618	1.07E+09
619	1.08E+09
620	1.08E+09
621	1.08E+09
622	1.08E+09
623	1.08E+09
624	1.08E+09
625	1.09E+09
626	1.09E+09
627	1.09E+09
628	1.09E+09
629	1.09E+09
630	1.10E+09
631	1.10E+09
632	1.10E+09
633	1.10E+09
634	1.10E+09
635	1.10E+09
636	1.11E+09
637	1.11E+09
638	1.11E+09
639	1.11E+09
640	1.11E+09
641	1.11E+09
642	1.12E+09
643	1.12E+09
644	1.12E+09
645	1.12E+09
646	1.12E+09
647	1.12E+09
648	1.13E+09
649	1.13E+09
650	1.13E+09
651	1.13E+09
652	1.13E+09
653	1.14E+09
654	1.14E+09
655	1.14E+09
656	1.14E+09
657	1.14E+09
658	1.14E+09
659	1.15E+09
660	1.15E+09
661	1.15E+09
662	1.15E+09
663	1.15E+09
664	1.15E+09
665	1.16E+09
666	1.16E+09
667	1.16E+09
668	1.16E+09
669	1.16E+09
670	1.16E+09
671	1.17E+09
672	1.17E+09
673	1.17E+09
674	1.17E+09
675	1.17E+09
676	1.18E+09
677	1.18E+09
678	1.18E+09
679	1.18E+09
680	1.18E+09
681	1.18E+09
682	1.19E+09
683	1.19E+09
684	1.19E+09
685	1.19E+09
686	1.19E+09
687	1.19E+09
688	1.20E+09
689	1.20E+09
690	1.20E+09
691	1.20E+09
692	1.20E+09
693	1.20E+09
694	1.21E+09
695	1.21E+09
696	1.21E+09
697	1.21E+09
698	1.21E+09
699	1.22E+09
700	1.22E+09
701	1.22E+09
702	1.22E+09
703	1.22E+09
704	1.22E+09
705	1.23E+09
706	1.23E+09
707	1.23E+09
708	1.23E+09
709	1.23E+09
710	1.23E+09
711	1.24E+09
712	1.24E+09
713	1.24E+09
714	1.24E+09
715	1.24E+09
716	1.24E+09
717	1.25E+09
718	1.25E+09
719	1.25E+09
720	1.25E+09
721	1.25E+09
722	1.26E+09
723	1.26E+09
724	1.26E+09
725	1.26E+09
726	1.26E+09
727	1.26E+09
728	1.27E+09
729	1.27E+09
730	1.27E+09
731	1.27E+09
732	1.27E+09
733	1.27E+09
734	1.28E+09
735	1.28E+09
736	1.28E+09
737	1.28E+09
738	1.28E+09
739	1.28E+09
740	1.29E+09
741	1.29E+09
742	1.29E+09
743	1.29E+09
744	1.29E+09
745	1.30E+09
746	1.30E+09
747	1.30E+09
748	1.30E+09
749	1.30E+09
750	1.30E+09
751	1.31E+09
752	1.31E+09
753	1.31E+09
754	1.31E+09
755	1.31E+09
756	1.31E+09
757	1.32E+09
758	1.32E+09
759	1.32E+09
760	1.32E+09
761	1.32E+09
762	1.32E+09
763	1.33E+09
764	1.33E+09
765	1.33E+09
766	1.33E+09
767	1.33E+09
768	1.34E+09
769	1.34E+09
770	1.34E+09
771	1.34E+09
772	1.34E+09
773	1.34E+09
774	1.35E+09
775	1.35E+09
776	1.35E+09
777	1.35E+09
778	1.35E+09
779	1.35E+09
780	1.36E+09
781	1.36E+09
782	1.36E+09
783	1.36E+09
784	1.36E+09
785	1.36E+09
786	1.37E+09
787	1.37E+09
788	1.37E+09
789	1.37E+09
790	1.37E+09
791	1.38E+09
792	1.38E+09
793	1.38E+09
794	1.38E+09
795	1.38E+09
796	1.38E+09
797	1.39E+09
798	1.39E+09
799	1.39E+09
800	1.39E+09
801	1.39E+09
802	1.39E+09
803	1.40E+09
804	1.40E+09
805	1.40E+09
806	1.40E+09
807	1.40E+09
808	1.40E+09
809	1.41E+09
810	1.41E+09
811	1.41E+09
812	1.41E+09
813	1.41E+09
814	1.42E+09
815	1.42E+09
816	1.42E+09
817	1.42E+09
818	1.42E+09
819	1.42E+09
820	1.43E+09
821	1.43E+09
822	1.43E+09
823	1.43E+09
824	1.43E+09
825	1.43E+09
826	1.44E+09
827	1.44E+09
828	1.44E+09
829	1.44E+09
830	1.44E+09
831	1.44E+09
832	1.45E+09
833	1.45E+09
834	1.45E+09
835	1.45E+09
836	1.45E+09
837	1.45E+09
838	1.46E+09
839	1.46E+09
840	1.46E+09
841	1.46E+09
842	1.46E+09
843	1.47E+09
844	1.47E+09
845	1.47E+09
846	1.47E+09
847	1.47E+09
848	1.47E+09
849	1.48E+09
850	1.48E+09
851	1.48E+09
852	1.48E+09
853	1.48E+09
854	1.48E+09
855	1.49E+09
856	1.49E+09
857	1.49E+09
858	1.49E+09
859	1.49E+09
860	1.49E+09
861	1.50E+09
862	1.50E+09
863	1.50E+09
864	1.50E+09
865	1.50E+09
866	1.51E+09
867	1.51E+09
868	1.51E+09
869	1.51E+09
870	1.51E+09
871	1.51E+09
872	1.52E+09
873	1.52E+09
874	1.52E+09
875	1.52E+09
876	1.52E+09
877	1.52E+09
878	1.53E+09
879	1.53E+09
880	1.53E+09
881	1.53E+09
882	1.53E+09
883	1.53E+09
884	1.54E+09
885	1.54E+09
886	1.54E+09
887	1.54E+09
888	1.54E+09
889	1.55E+09
890	1.55E+09
891	1.55E+09
892	1.55E+09
893	1.55E+09
894	1.55E+09
895	1.56E+09
896	1.56E+09
897	1.56E+09
898	1.56E+09
899	1.56E+09
900	1.56E+09
901	1.57E+09
902	1.57E+09
903	1.57E+09
904	1.57E+09
905	1.57E+09
906	1.57E+09
907	1.58E+09
908	1.58E+09
909	1.58E+09
910	1.58E+09
911	1.58E+09
912	1.59E+09
913	1.59E+09
914	1.59E+09
915	1.59E+09
916	1.59E+09
917	1.59E+09
918	1.60E+09
919	1.60E+09
920	1.60E+09
921	1.60E+09
922	1.60E+09
923	1.60E+09
924	1.61E+09
925	1.61E+09
926	1.61E+09
927	1.61E+09
928	1.61E+09
929	1.61E+09
930	1.62E+09
931	1.62E+09
932	1.62E+09
933	1.62E+09
934	1.62E+09
935	1.63E+09
936	1.63E+09
937	1.63E+09
938	1.63E+09
939	1.63E+09
940	1.63E+09
941	1.64E+09
942	1.64E+09
943	1.64E+09
944	1.64E+09
945	1.64E+09
946	1.64E+09
947	1.65E+09
948	1.65E+09
949	1.65E+09
950	1.65E+09
951	1.65E+09
952	1.65E+09
953	1.66E+09
954	1.66E+09
955	1.66E+09
956	1.66E+09
957	1.66E+09
958	1.67E+09
959	1.67E+09
960	1.67E+09
961	1.67E+09
962	1.67E+09
963	1.67E+09
964	1.68E+09
965	1.68E+09
966	1.68E+09
967	1.68E+09
968	1.68E+09
969	1.68E+09
970	1.69E+09
971	1.69E+09
972	1.69E+09
973	1.69E+09
974	1.69E+09
975	1.69E+09
976	1.70E+09
977	1.70E+09
978	1.70E+09
979	1.70E+09
980	1.70E+09
981	1.71E+09
982	1.71E+09
983	1.71E+09
984	1.71E+09
985	1.71E+09
986	1.71E+09
987	1.72E+09
988	1.72E+09
989	1.72E+09
990	1.72E+09
991	1.72E+09
992	1.72E+09
993	1.73E+09
994	1.73E+09
995	1.73E+09
996	1.73E+09
997	1.73E+09
998	1.73E+09
999	1.74E+09
1000	1.74E+09
1001	1.74E+09
1002	1.74E+09
1003	1.74E+09
1004	1.75E+09
1005	1.75E+09
1006	1.75E+09
1007	1.75E+09
1008	1.75E+09
1009	1.75E+09
1010	1.76E+09
1011	1.76E+09
1012	1.76E+09
1013	1.76E+09
1014	1.76E+09
1015	1.76E+09
1016	1.77E+09
1017	1.77E+09
1018	1.77E+09
1019	1.77E+09
1020	1.77E+09
1021	1.77E+09
1022	1.78E+09
1023	1.78E+09
1024	1.78E+09
1025	1.78E+09
1026	1.78E+09
1027	1.79E+09
1028	1.79E+09
1029	1.79E+09
1030	1.79E+09
1031	1.79E+09
1032	1.79E+09
1033	1.80E+09
1034	1.80E+09
1035	1.80E+09
1036	1.80E+09
1037	1.80E+09
1038	1.80E+09
1039	1.81E+09
1040	1.81E+09
1041	1.81E+09
1042	1.81E+09
1043	1.81E+09
1044	1.81E+09
1045	1.82E+09
1046	1.82E+09
1047	1.82E+09
1048	1.82E+09
1049	1.82E+09
1050	1.83E+09
1051	1.83E+09
1052	1.83E+09
1053	1.83E+09
1054	1.83E+09
1055	1.83E+09
1056	1.84E+09
1057	1.84E+09
1058	1.84E+09
1059	1.84E+09
1060	1.84E+09
1061	1.84E+09
1062	1.85E+09
1063	1.85E+09
1064	1.85E+09
1065	1.85E+09
1066	1.85E+09
1067	1.85E+09
1068	1.86E+09
1069	1.86E+09
1070	1.86E+09
1071	1.86E+09
1072	1.86E+09
1073	1.87E+09
1074	1.87E+09
1075	1.87E+09
1076	1.87E+09
1077	1.87E+09
1078	1.87E+09
1079	1.88E+09
1080	1.88E+09
1081	1.88E+09
1082	1.88E+09
1083	1.88E+09
1084	1.88E+09
1085	1.89E+09
1086	1.89E+09
1087	1.89E+09
1088	1.89E+09
1089	1.89E+09
1090	1.89E+09
1091	1.90E+09
1092	1.90E+09
1093	1.90E+09
1094	1.90E+09
1095	1.90E+09
1096	1.91E+09
1097	1.91E+09
1098	1.91E+09
1099	1.91E+09
1100	1.91E+09
1101	1.91E+09
1102	1.92E+09
1103	1.92E+09
1104	1.92E+09
1105	1.92E+09
1106	1.92E+09
1107	1.92E+09
1108	1.93E+09
1109	1.93E+09
1110	1.93E+09
1111	1.93E+09
1112	1.93E+09
1113	1.93E+09
1114	1.94E+09
1115	1.94E+09
1116	1.94E+09
1117	1.94E+09
1118	1.94E+09
1119	1.95E+09
1120	1.95E+09
1121	1.95E+09
1122	1.95E+09
1123	1.95E+09
1124	1.95E+09
1125	1.96E+09
1126	1.96E+09
1127	1.96E+09
1128	1.96E+09
1129	1.96E+09
1130	1.96E+09
1131	1.97E+09
1132	1.97E+09
1133	1.97E+09
1134	1.97E+09
1135	1.97E+09
1136	1.97E+09
1137	1.98E+09
1138	1.98E+09
1139	1.98E+09
1140	1.98E+09
1141	1.98E+09
1142	1.99E+09
1143	1.99E+09
1144	1.99E+09
1145	1.99E+09
1146	1.99E+09
1147	1.99E+09
1148	2.00E+09
1149	2.00E+09
1150	2.00E+09
1151	2.00E+09
1152	2.00E+09
1153	2.00E+09
1154	2.01E+09
1155	2.01E+09
1156	2.01E+09
1157	2.01E+09
1158	2.01E+09
1159	2.01E+09
1160	2.02E+09
1161	2.02E+09
1162	2.02E+09
1163	2.02E+09
1164	2.02E+09
1165	2.03E+09
1166	2.03E+09
1167	2.03E+09
1168	2.03E+09
1169	2.03E+09
1170	2.03E+09
1171	2.04E+09
1172	2.04E+09
1173	2.04E+09
1174	2.04E+09
1175	2.04E+09
1176	2.04E+09
1177	2.05E+09
1178	2.05E+09
1179	2.05E+09
1180	2.05E+09
1181	2.05E+09
1182	2.05E+09
1183	2.06E+09
1184	2.06E+09
1185	2.06E+09
1186	2.06E+09
1187	2.06E+09
1188	2.07E+09
1189	2.07E+09
1190	2.07E+09
1191	2.07E+09
1192	2.07E+09
1193	2.07E+09
1194	2.08E+09
1195	2.08E+09
1196	2.08E+09
1197	2.08E+09
1198	2.08E+09
1199	2.08E+09
1200	2.09E+09
1201	2.09E+09
1202	2.09E+09
1203	2.09E+09
1204	2.09E+09
1205	2.09E+09
1206	2.10E+09
1207	2.10E+09
1208	2.10E+09
1209	2.10E+09
1210	2.10E+09
1211	2.11E+09
1212	2.11E+09
1213	2.11E+09
1214	2.11E+09
1215	2.11E+09
1216	2.11E+09
1217	2.12E+09
1218	2.12E+09
1219	2.12E+09
1220	2.12E+09
1221	2.12E+09
1222	2.12E+09
1223	2.13E+09
1224	2.13E+09
1225	2.13E+09
1226	2.13E+09
1227	2.13E+09
1228	2.13E+09
1229	2.14E+09
1230	2.14E+09
1231	2.14E+09
1232	2.14E+09
1233	2.14E+09
1234	2.15E+09
1235	2.15E+09
1236	2.15E+09
1237	2.15E+09
1238	2.15E+09
1239	2.15E+09
1240	2.16E+09
1241	2.16E+09
1242	2.16E+09
1243	2.16E+09
1244	2.16E+09
1245	2.16E+09
1246	2.17E+09
1247	2.17E+09
1248	2.17E+09
1249	2.17E+09
1250	2.17E+09
1251	2.17E+09
1252	2.18E+09
1253	2.18E+09
1254	2.18E+09
1255	2.18E+09
1256	2.18E+09
1257	2.19E+09
1258	2.19E+09
1259	2.19E+09
1260	2.19E+09
1261	2.19E+09
1262	2.19E+09
1263	2.20E+09
1264	2.20E+09
1265	2.20E+09
1266	2.20E+09
1267	2.20E+09
1268	2.20E+09
1269	2.21E+09
1270	2.21E+09
1271	2.21E+09
1272	2.21E+09
1273	2.21E+09
1274	2.21E+09
1275	2.22E+09
1276	2.22E+09
1277	2.22E+09
1278	2.22E+09
1279	2.22E+09
1280	2.23E+09
1281	2.23E+09
1282	2.23E+09
1283	2.23E+09
1284	2.23E+09
1285	2.23E+09
1286	2.24E+09
1287	2.24E+09
1288	2.24E+09
1289	2.24E+09
1290	2.24E+09
1291	2.24E+09
1292	2.25E+09
1293	2.25E+09
1294	2.25E+09
1295	2.25E+09
1296	2.25E+09
1297	2.25E+09
1298	2.26E+09
1299	2.26E+09
1300	2.26E+09
1301	2.26E+09
1302	2.26E+09
1303	2.27E+09
1304	2.27E+09
1305	2.27E+09
1306	2.27E+09
1307	2.27E+09
1308	2.27E+09
1309	2.28E+09
1310	2.28E+09
1311	2.28E+09
1312	2.28E+09
1313	2.28E+09
1314	2.28E+09
1315	2.29E+09
1316	2.29E+09
1317	2.29E+09
1318	2.29E+09
1319	2.29E+09
1320	2.29E+09
1321	2.30E+09
1322	2.30E+09
1323	2.30E+09
1324	2.30E+09
1325	2.30E+09
1326	2.31E+09
1327	2.31E+09
1328	2.31E+09
1329	2.31E+09
1330	2.31E+09
1331	2.31E+09
1332	2.32E+09
1333	2.32E+09
1334	2.32E+09
1335	2.32E+09
1336	2.32E+09
1337	2.32E+09
1338	2.33E+09
1339	2.33E+09
1340	2.33E+09
1341	2.33E+09
1342	2.33E+09
1343	2.33E+09
1344	2.34E+09
1345	2.34E+09
1346	2.34E+09
1347	2.34E+09
1348	2.34E+09
1349	2.35E+09
1350	2.35E+09
1351	2.35E+09
1352	2.35E+09
1353	2.35E+09
1354	2.35E+09
1355	2.36E+09
1356	2.36E+09
1357	2.36E+09
1358	2.36E+09
1359	2.36E+09
1360	2.36E+09
1361	2.37E+09
1362	2.37E+09
1363	2.37E+09
1364	2.37E+09
1365	2.37E+09
1366	2.37E+09
1367	2.38E+09
1368	2.38E+09
1369	2.38E+09
1370	2.38E+09
1371	2.38E+09
1372	2.39E+09
1373	2.39E+09
1374	2.39E+09
1375	2.39E+09
1376	2.39E+09
1377	2.39E+09
1378	2.40E+09
1379	2.40E+09
1380	2.40E+09
1381	2.40E+09
1382	2.40E+09
1383	2.40E+09
1384	2.41E+09
1385	2.41E+09
1386	2.41E+09
1387	2.41E+09
1388	2.41E+09
1389	2.41E+09
1390	2.42E+09
1391	2.42E+09
1392	2.42E+09
1393	2.42E+09
1394	2.42E+09
1395	2.42E+09
1396	2.43E+09
1397	2.43E+09
1398	2.43E+09
1399	2.43E+09
1400	2.43E+09
1401	2.44E+09
1402	2.44E+09
1403	2.44E+09
1404	2.44E+09
1405	2.44E+09
1406	2.44E+09
1407	2.45E+09
1408	2.45E+09
1409	2.45E+09
1410	2.45E+09
1411	2.45E+09
1412	2.45E+09
1413	2.46E+09
1414	2.46E+09
1415	2.46E+09
1416	2.46E+09
1417	2.46E+09
1418	2.46E+09
1419	2.47E+09
1420	2.47E+09
1421	2.47E+09
1422	2.47E+09
1423	2.47E+09
1424	2.48E+09
1425	2.48E+09
1426	2.48E+09
1427	2.48E+09
1428	2.48E+09
1429	2.48E+09
1430	2.49E+09
1431	2.49E+09
1432	2.49E+09
1433	2.49E+09
1434	2.49E+09
1435	2.49E+09
1436	2.50E+09
1437	2.50E+09
1438	2.50E+09
1439	2.50E+09
1440	2.50E+09
1441	2.50E+09
1442	2.51E+09
1443	2.51E+09
1444	2.51E+09
1445	2.51E+09
1446	2.51E+09
1447	2.52E+09
1448	2.52E+09
1449	2.52E+09
1450	2.52E+09
1451	2.52E+09
1452	2.52E+09
1453	2.53E+09
1454	2.53E+09
1455	2.53E+09
1456	2.53E+09
1457	2.53E+09
1458	2.53E+09
1459	2.54E+09
1460	2.54E+09
1461	2.54E+09
1462	2.54E+09
1463	2.54E+09
1464	2.54E+09
1465	2.55E+09
1466	2.55E+09
1467	2.55E+09
1468	2.55E+09
1469	2.55E+09
1470	2.56E+09
1471	2.56E+09
1472	2.56E+09
1473	2.56E+09
1474	2.56E+09
1475	2.56E+09
1476	2.57E+09
1477	2.57E+09
1478	2.57E+09
1479	2.57E+09
1480	2.57E+09
1481	2.57E+09
1482	2.58E+09
1483	2.58E+09
1484	2.58E+09
1485	2.58E+09
1486	2.58E+09
1487	2.58E+09
1488	2.59E+09
1489	2.59E+09
1490	2.59E+09
1491	2.59E+09
1492	2.59E+09
1493	2.60E+09
1494	2.60E+09
1495	2.60E+09
1496	2.60E+09
1497	2.60E+09
1498	2.60E+09
1499	2.61E+09
1500	2.61E+09
1501	2.61E+09
1502	2.61E+09
1503	2.61E+09
1504	2.61E+09
1505	2.62E+09
1506	2.62E+09
1507	2.62E+09
1508	2.62E+09
1509	2.62E+09
1510	2.62E+09
1511	2.63E+09
1512	2.63E+09
1513	2.63E+09
1514	2.63E+09
1515	2.63E+09
1516	2.64E+09
1517	2.64E+09
1518	2.64E+09
1519	2.64E+09
1520	2.64E+09
1521	2.64E+09
1522	2.65E+09
1523	2.65E+09
1524	2.65E+09
1525	2.65E+09
1526	2.65E+09
1527	2.65E+09
1528	2.66E+09
1529	2.66E+09
1530	2.66E+09
1531	2.66E+09
1532	2.66E+09
1533	2.66E+09
1534	2.67E+09
1535	2.67E+09
1536	2.67E+09
1537	2.67E+09
1538	2.67E+09
1539	2.68E+09
1540	2.68E+09
1541	2.68E+09
1542	2.68E+09
1543	2.68E+09
1544	2.68E+09
1545	2.69E+09
1546	2.69E+09
1547	2.69E+09
1548	2.69E+09
1549	2.69E+09
1550	2.69E+09
1551	2.70E+09
1552	2.70E+09
1553	2.70E+09
1554	2.70E+09
1555	2.70E+09
1556	2.70E+09
1557	2.71E+09
1558	2.71E+09
1559	2.71E+09
1560	2.71E+09
1561	2.71E+09
1562	2.72E+09
1563	2.72E+09
1564	2.72E+09
1565	2.72E+09
1566	2.72E+09
1567	2.72E+09
1568	2.73E+09
1569	2.73E+09
1570	2.73E+09
1571	2.73E+09
1572	2.73E+09
1573	2.73E+09
1574	2.74E+09
1575	2.74E+09
1576	2.74E+09
1577	2.74E+09
1578	2.74E+09
1579	2.74E+09
1580	2.75E+09
1581	2.75E+09
1582	2.75E+09
1583	2.75E+09
1584	2.75E+09
1585	2.76E+09
1586	2.76E+09
1587	2.76E+09
1588	2.76E+09
1589	2.76E+09
1590	2.76E+09
1591	2.77E+09
1592	2.77E+09
1593	2.77E+09
1594	2.77E+09
1595	2.77E+09
1596	2.77E+09
1597	2.78E+09
1598	2.78E+09
1599	2.78E+09
1600	2.78E+09
1601	2.78E+09
1602	2.78E+09
1603	2.79E+09
1604	2.79E+09
1605	2.79E+09
1606	2.79E+09
1607	2.79E+09
1608	2.80E+09
1609	2.80E+09
1610	2.80E+09
1611	2.80E+09
1612	2.80E+09
1613	2.80E+09
1614	2.81E+09
1615	2.81E+09
1616	2.81E+09
1617	2.81E+09
1618	2.81E+09
1619	2.81E+09
1620	2.82E+09
1621	2.82E+09
1622	2.82E+09
1623	2.82E+09
1624	2.82E+09
1625	2.82E+09
1626	2.83E+09
1627	2.83E+09
1628	2.83E+09
1629	2.83E+09
1630	2.83E+09
1631	2.84E+09
1632	2.84E+09
1633	2.84E+09
1634	2.84E+09
1635	2.84E+09
1636	2.84E+09
1637	2.85E+09
1638	2.85E+09
1639	2.85E+09
1640	2.85E+09
1641	2.85E+09
1642	2.85E+09
1643	2.86E+09
1644	2.86E+09
1645	2.86E+09
1646	2.86E+09
1647	2.86E+09
1648	2.86E+09
1649	2.87E+09
1650	2.87E+09
1651	2.87E+09
1652	2.87E+09
1653	2.87E+09
1654	2.88E+09
1655	2.88E+09
1656	2.88E+09
1657	2.88E+09
1658	2.88E+09
1659	2.88E+09
1660	2.89E+09
1661	2.89E+09
1662	2.89E+09
1663	2.89E+09
1664	2.89E+09
1665	2.89E+09
1666	2.90E+09
1667	2.90E+09
1668	2.90E+09
1669	2.90E+09
1670	2.90E+09
1671	2.90E+09
1672	2.91E+09
1673	2.91E+09
1674	2.91E+09
1675	2.91E+09
1676	2.91E+09
1677	2.92E+09
1678	2.92E+09
1679	2.92E+09
1680	2.92E+09
1681	2.92E+09
1682	2.92E+09
1683	2.93E+09
1684	2.93E+09
1685	2.93E+09
1686	2.93E+09
1687	2.93E+09
1688	2.93E+09
1689	2.94E+09
1690	2.94E+09
1691	2.94E+09
1692	2.94E+09
1693	2.94E+09
1694	2.94E+09
1695	2.95E+09
1696	2.95E+09
1697	2.95E+09
1698	2.95E+09
1699	2.95E+09
1700	2.96E+09
1701	2.96E+09
1702	2.96E+09
1703	2.96E+09
1704	2.96E+09
1705	2.96E+09
1706	2.97E+09
1707	2.97E+09
1708	2.97E+09
1709	2.97E+09
1710	2.97E+09
1711	2.97E+09
1712	2.98E+09
1713	2.98E+09
1714	2.98E+09
1715	2.98E+09
1716	2.98E+09
1717	2.98E+09
1718	2.99E+09
1719	2.99E+09
1720	2.99E+09
1721	2.99E+09
1722	2.99E+09
1723	3.00E+09
1724	3.00E+09
1725	3.00E+09
1726	3.00E+09
1727	3.00E+09
1728	3.00E+09
1729	3.01E+09
1730	3.01E+09
1731	3.01E+09
1732	3.01E+09
1733	3.01E+09
1734	3.01E+09
1735	3.02E+09
1736	3.02E+09
1737	3.02E+09
1738	3.02E+09
1739	3.02E+09
1740	3.02E+09
1741	3.03E+09
1742	3.03E+09
1743	3.03E+09
1744	3.03E+09
1745	3.03E+09
1746	3.04E+09
1747	3.04E+09
1748	3.04E+09
1749	3.04E+09
1750	3.04E+09
1751	3.04E+09
1752	3.05E+09
1753	3.05E+09
1754	3.05E+09
1755	3.05E+09
1756	3.05E+09
1757	3.05E+09
1758	3.06E+09
1759	3.06E+09
1760	3.06E+09
1761	3.06E+09
1762	3.06E+09
1763	3.06E+09
1764	3.07E+09
1765	3.07E+09
1766	3.07E+09
1767	3.07E+09
1768	3.07E+09
1769	3.08E+09
1770	3.08E+09
1771	3.08E+09
1772	3.08E+09
1773	3.08E+09
1774	3.08E+09
1775	3.09E+09
1776	3.09E+09
1777	3.09E+09
1778	3.09E+09
1779	3.09E+09
1780	3.09E+09
1781	3.10E+09
1782	3.10E+09
1783	3.10E+09
1784	3.10E+09
1785	3.10E+09
1786	3.10E+09
1787	3.11E+09
1788	3.11E+09
1789	3.11E+09
1790	3.11E+09
1791	3.11E+09
1792	3.12E+09
1793	3.12E+09
1794	3.12E+09
1795	3.12E+09
1796	3.12E+09
1797	3.12E+09
1798	3.13E+09
1799	3.13E+09
1800	3.13E+09
1801	3.13E+09
1802	3.13E+09
1803	3.13E+09
1804	3.14E+09
1805	3.14E+09
1806	3.14E+09
1807	3.14E+09
1808	3.14E+09
1809	3.14E+09
1810	3.15E+09
1811	3.15E+09
1812	3.15E+09
1813	3.15E+09
1814	3.15E+09
1815	3.16E+09
1816	3.16E+09
1817	3.16E+09
1818	3.16E+09
1819	3.16E+09
1820	3.16E+09
1821	3.17E+09
1822	3.17E+09
1823	3.17E+09
1824	3.17E+09
1825	3.17E+09
1826	3.17E+09
1827	3.18E+09
1828	3.18E+09
1829	3.18E+09
1830	3.18E+09
1831	3.18E+09
1832	3.18E+09
1833	3.19E+09
1834	3.19E+09
1835	3.19E+09
1836	3.19E+09
1837	3.19E+09
1838	3.20E+09
1839	3.20E+09
1840	3.20E+09
1841	3.20E+09
1842	3.20E+09
1843	3.20E+09
1844	3.21E+09
1845	3.21E+09
1846	3.21E+09
1847	3.21E+09
1848	3.21E+09
1849	3.21E+09
1850	3.22E+09
1851	3.22E+09
1852	3.22E+09
1853	3.22E+09
1854	3.22E+09
1855	3.22E+09
1856	3.23E+09
1857	3.23E+09
1858	3.23E+09
1859	3.23E+09
1860	3.23E+09
1861	3.24E+09
1862	3.24E+09
1863	3.24E+09
1864	3.24E+09
1865	3.24E+09
1866	3.24E+09
1867	3.25E+09
1868	3.25E+09
1869	3.25E+09
1870	3.25E+09
1871	3.25E+09
1872	3.25E+09
1873	3.26E+09
1874	3.26E+09
1875	3.26E+09
1876	3.26E+09
1877	3.26E+09
1878	3.26E+09
1879	3.27E+09
1880	3.27E+09
1881	3.27E+09
1882	3.27E+09
1883	3.27E+09
1884	3.28E+09
1885	3.28E+09
1886	3.28E+09
1887	3.28E+09
1888	3.28E+09
1889	3.28E+09
1890	3.29E+09
1891	3.29E+09
1892	3.29E+09
1893	3.29E+09
1894	3.29E+09
1895	3.29E+09
1896	3.30E+09
1897	3.30E+09
1898	3.30E+09
1899	3.30E+09
1900	3.30E+09
1901	3.30E+09
1902	3.31E+09
1903	3.31E+09
1904	3.31E+09
1905	3.31E+09
1906	3.31E+09
1907	3.32E+09
1908	3.32E+09
1909	3.32E+09
1910	3.32E+09
1911	3.32E+09
1912	3.32E+09
1913	3.33E+09
1914	3.33E+09
1915	3.33E+09
1916	3.33E+09
1917	3.33E+09
1918	3.33E+09
1919	3.34E+09
1920	3.34E+09
1921	3.34E+09
1922	3.34E+09
1923	3.34E+09
1924	3.34E+09
1925	3.35E+09
1926	3.35E+09
1927	3.35E+09
1928	3.35E+09
1929	3.35E+09
1930	3.36E+09
1931	3.36E+09
1932	3.36E+09
1933	3.36E+09
1934	3.36E+09
1935	3.36E+09
1936	3.37E+09
1937	3.37E+09
1938	3.37E+09
1939	3.37E+09
1940	3.37E+09
1941	3.37E+09
1942	3.38E+09
1943	3.38E+09
1944	3.38E+09
1945	3.38E+09
1946	3.38E+09
1947	3.38E+09
1948	3.39E+09
1949	3.39E+09
1950	3.39E+09
1951	3.39E+09
1952	3.39E+09
1953	3.39E+09
1954	3.40E+09
1955	3.40E+09
1956	3.40E+09
1957	3.40E+09
1958	3.40E+09
1959	3.41E+09
1960	3.41E+09
1961	3.41E+09
1962	3.41E+09
1963	3.41E+09
1964	3.41E+09
1965	3.42E+09
1966	3.42E+09
1967	3.42E+09
1968	3.42E+09
1969	3.42E+09
1970	3.42E+09
1971	3.43E+09
1972	3.43E+09
1973	3.43E+09
1974	3.43E+09
1975	3.43E+09
1976	3.43E+09
1977	3.44E+09
1978	3.44E+09
1979	3.44E+09
1980	3.44E+09
1981	3.44E+09
1982	3.45E+09
1983	3.45E+09
1984	3.45E+09
1985	3.45E+09
1986	3.45E+09
1987	3.45E+09
1988	3.46E+09
1989	3.46E+09
1990	3.46E+09
1991	3.46E+09
1992	3.46E+09
1993	3.46E+09
1994	3.47E+09
1995	3.47E+09
1996	3.47E+09
1997	3.47E+09
1998	3.47E+09
1999	3.47E+09
2000	3.48E+09
2001	3.48E+09
2002	3.48E+09
2003	3.48E+09
2004	3.48E+09
2005	3.49E+09
2006	3.49E+09
2007	3.49E+09
2008	3.49E+09
2009	3.49E+09
2010	3.49E+09
2011	3.50E+09
2012	3.50E+09
2013	3.50E+09
2014	3.50E+09
2015	3.50E+09
2016	3.50E+09
2017	3.51E+09
2018	3.51E+09
2019	3.51E+09
2020	3.51E+09
2021	3.51E+09
2022	3.51E+09
2023	3.52E+09
2024	3.52E+09
2025	3.52E+09
2026	3.52E+09
2027	3.52E+09
2028	3.53E+09
2029	3.53E+09
2030	3.53E+09
2031	3.53E+09
2032	3.53E+09
2033	3.53E+09
2034	3.54E+09
2035	3.54E+09
2036	3.54E+09
2037	3.54E+09
2038	3.54E+09
2039	3.54E+09
2040	3.55E+09
2041	3.55E+09
2042	3.55E+09
2043	3.55E+09
2044	3.55E+09
2045	3.55E+09
2046	3.56E+09
2047	3.56E+09
2048	3.56E+09
2049	3.56E+09
2050	3.56E+09
2051	3.57E+09
2052	3.57E+09
2053	3.57E+09
2054	3.57E+09
2055	3.57E+09
2056	3.57E+09
2057	3.58E+09
2058	3.58E+09
2059	3.58E+09
2060	3.58E+09
2061	3.58E+09
2062	3.58E+09
2063	3.59E+09
2064	3.59E+09
2065	3.59E+09
2066	3.59E+09
2067	3.59E+09
2068	3.59E+09
2069	3.60E+09
2070	3.60E+09
2071	3.60E+09
2072	3.60E+09
2073	3.60E+09
2074	3.61E+09
2075	3.61E+09
2076	3.61E+09
2077	3.61E+09
2078	3.61E+09
2079	3.61E+09
2080	3.62E+09
2081	3.62E+09
2082	3.62E+09
2083	3.62E+09
2084	3.62E+09
2085	3.62E+09
2086	3.63E+09
2087	3.63E+09
2088	3.63E+09
2089	3.63E+09
2090	3.63E+09
2091	3.63E+09
2092	3.64E+09
2093	3.64E+09
2094	3.64E+09
2095	3.64E+09
2096	3.64E+09
2097	3.65E+09
2098	3.65E+09
2099	3.65E+09
2100	3.65E+09
2101	3.65E+09
2102	3.65E+09
2103	3.66E+09
2104	3.66E+09
2105	3.66E+09
2106	3.66E+09
2107	3.66E+09
2108	3.66E+09
2109	3.67E+09
2110	3.67E+09
2111	3.67E+09
2112	3.67E+09
2113	3.67E+09
2114	3.67E+09
2115	3.68E+09
2116	3.68E+09
2117	3.68E+09
2118	3.68E+09
2119	3.68E+09
2120	3.69E+09
2121	3.69E+09
2122	3.69E+09
2123	3.69E+09
2124	3.69E+09
2125	3.69E+09
2126	3.70E+09
2127	3.70E+09
2128	3.70E+09
2129	3.70E+09
2130	3.70E+09
2131	3.70E+09
2132	3.71E+09
2133	3.71E+09
2134	3.71E+09
2135	3.71E+09
2136	3.71E+09
2137	3.71E+09
2138	3.72E+09
2139	3.72E+09
2140	3.72E+09
2141	3.72E+09
2142	3.72E+09
2143	3.73E+09
2144	3.73E+09
2145	3.73E+09
2146	3.73E+09
2147	3.73E+09
2148	3.73E+09
2149	3.74E+09
2150	3.74E+09
2151	3.74E+09
2152	3.74E+09
2153	3.74E+09
2154	3.74E+09
2155	3.75E+09
2156	3.75E+09
2157	3.75E+09
2158	3.75E+09
2159	3.75E+09
2160	3.75E+09
2161	3.76E+09
2162	3.76E+09
2163	3.76E+09
2164	3.76E+09
2165	3.76E+09
2166	3.77E+09
2167	3.77E+09
2168	3.77E+09
2169	3.77E+09
2170	3.77E+09
2171	3.77E+09
2172	3.78E+09
2173	3.78E+09
2174	3.78E+09
2175	3.78E+09
2176	3.78E+09
2177	3.78E+09
2178	3.79E+09
2179	3.79E+09
2180	3.79E+09
2181	3.79E+09
2182	3.79E+09
2183	3.79E+09
2184	3.80E+09
2185	3.80E+09
2186	3.80E+09
2187	3.80E+09
2188	3.80E+09
2189	3.81E+09
2190	3.81E+09
2191	3.81E+09
2192	3.81E+09
2193	3.81E+09
2194	3.81E+09
2195	3.82E+09
2196	3.82E+09
2197	3.82E+09
2198	3.82E+09
2199	3.82E+09
2200	3.82E+09
2201	3.83E+09
2202	3.83E+09
2203	3.83E+09
2204	3.83E+09
2205	3.83E+09
2206	3.83E+09
2207	3.84E+09
2208	3.84E+09
2209	3.84E+09
2210	3.84E+09
2211	3.84E+09
2212	3.85E+09
2213	3.85E+09
2214	3.85E+09
2215	3.85E+09
2216	3.85E+09
2217	3.85E+09
2218	3.86E+09
2219	3.86E+09
2220	3.86E+09
2221	3.86E+09
2222	3.86E+09
2223	3.86E+09
2224	3.87E+09
2225	3.87E+09
2226	3.87E+09
2227	3.87E+09
2228	3.87E+09
2229	3.87E+09
2230	3.88E+09
2231	3.88E+09
2232	3.88E+09
2233	3.88E+09
2234	3.88E+09
2235	3.89E+09
2236	3.89E+09
2237	3.89E+09
2238	3.89E+09
2239	3.89E+09
2240	3.89E+09
2241	3.90E+09
2242	3.90E+09
2243	3.90E+09
2244	3.90E+09
2245	3.90E+09
2246	3.90E+09
2247	3.91E+09
2248	3.91E+09
2249	3.91E+09
2250	3.91E+09
2251	3.91E+09
2252	3.91E+09
2253	3.92E+09
2254	3.92E+09
2255	3.92E+09
2256	3.92E+09
2257	3.92E+09
2258	3.93E+09
2259	3.93E+09
2260	3.93E+09
2261	3.93E+09
2262	3.93E+09
2263	3.93E+09
2264	3.94E+09
2265	3.94E+09
2266	3.94E+09
2267	3.94E+09
2268	3.94E+09
2269	3.94E+09
2270	3.95E+09
2271	3.95E+09
2272	3.95E+09
2273	3.95E+09
2274	3.95E+09
2275	3.95E+09
2276	3.96E+09
2277	3.96E+09
2278	3.96E+09
2279	3.96E+09
2280	3.96E+09
2281	3.97E+09
2282	3.97E+09
2283	3.97E+09
2284	3.97E+09
2285	3.97E+09
2286	3.97E+09
2287	3.98E+09
2288	3.98E+09
2289	3.98E+09
2290	3.98E+09
2291	3.98E+09
2292	3.98E+09
2293	3.99E+09
2294	3.99E+09
2295	3.99E+09
2296	3.99E+09
2297	3.99E+09
2298	3.99E+09
2299	4.00E+09
2300	4.00E+09
2301	4.00E+09
2302	4.00E+09
2303	4.00E+09
2304	4.01E+09
2305	4.01E+09
2306	4.01E+09
2307	4.01E+09
2308	4.01E+09
2309	4.01E+09
2310	4.02E+09
2311	4.02E+09
2312	4.02E+09
2313	4.02E+09
2314	4.02E+09
2315	4.02E+09
2316	4.03E+09
2317	4.03E+09
2318	4.03E+09
2319	4.03E+09
2320	4.03E+09
2321	4.03E+09
2322	4.04E+09
2323	4.04E+09
2324	4.04E+09
2325	4.04E+09
2326	4.04E+09
2327	4.05E+09
2328	4.05E+09
2329	4.05E+09
2330	4.05E+09
2331	4.05E+09
2332	4.05E+09
2333	4.06E+09
2334	4.06E+09
2335	4.06E+09
2336	4.06E+09
2337	4.06E+09
2338	4.06E+09
2339	4.07E+09
2340	4.07E+09
2341	4.07E+09
2342	4.07E+09
2343	4.07E+09
2344	4.07E+09
2345	4.08E+09
2346	4.08E+09
2347	4.08E+09
2348	4.08E+09
2349	4.08E+09
2350	4.09E+09
2351	4.09E+09
2352	4.09E+09
2353	4.09E+09
2354	4.09E+09
2355	4.09E+09
2356	4.10E+09
2357	4.10E+09
2358	4.10E+09
2359	4.10E+09
2360	4.10E+09
2361	4.10E+09
2362	4.11E+09
2363	4.11E+09
2364	4.11E+09
2365	4.11E+09
2366	4.11E+09
2367	4.11E+09
2368	4.12E+09
2369	4.12E+09
2370	4.12E+09
2371	4.12E+09
2372	4.12E+09
2373	4.13E+09
2374	4.13E+09
2375	4.13E+09
2376	4.13E+09
2377	4.13E+09
2378	4.13E+09
2379	4.14E+09
2380	4.14E+09
2381	4.14E+09
2382	4.14E+09
2383	4.14E+09
2384	4.14E+09
2385	4.15E+09
2386	4.15E+09
2387	4.15E+09
2388	4.15E+09
2389	4.15E+09
2390	4.15E+09
2391	4.16E+09
2392	4.16E+09
2393	4.16E+09
2394	4.16E+09
2395	4.16E+09
2396	4.17E+09
2397	4.17E+09
2398	4.17E+09
2399	4.17E+09
2400	4.17E+09
2401	4.17E+09
2402	4.18E+09
2403	4.18E+09
2404	4.18E+09
2405	4.18E+09
2406	4.18E+09
2407	4.18E+09
2408	4.19E+09
2409	4.19E+09
2410	4.19E+09
2411	4.19E+09
2412	4.19E+09
2413	4.19E+09
2414	4.20E+09
2415	4.20E+09
2416	4.20E+09
2417	4.20E+09
2418	4.20E+09
2419	4.21E+09
2420	4.21E+09
2421	4.21E+09
2422	4.21E+09
2423	4.21E+09
2424	4.21E+09
2425	4.22E+09
2426	4.22E+09
2427	4.22E+09
2428	4.22E+09
2429	4.22E+09
2430	4.22E+09
2431	4.23E+09
2432	4.23E+09
2433	4.23E+09
2434	4.23E+09
2435	4.23E+09
2436	4.23E+09
2437	4.24E+09
2438	4.24E+09
2439	4.24E+09
2440	4.24E+09
2441	4.24E+09
2442	4.25E+09
2443	4.25E+09
2444	4.25E+09
2445	4.25E+09
2446	4.25E+09
2447	4.25E+09
2448	4.26E+09
2449	4.26E+09
2450	4.26E+09
2451	4.26E+09
2452	4.26E+09
2453	4.26E+09
2454	4.27E+09
2455	4.27E+09
2456	4.27E+09
2457	4.27E+09
2458	4.27E+09
2459	4.27E+09
2460	4.28E+09
2461	4.28E+09
2462	4.28E+09
2463	4.28E+09
2464	4.28E+09
2465	4.29E+09
2466	4.29E+09
2467	4.29E+09
2468	4.29E+09
2469	4.29E+09
2470	4.29E+09
2471	4.30E+09
2472	4.30E+09
2473	4.30E+09
2474	4.30E+09
2475	4.30E+09
2476	4.30E+09
2477	4.31E+09
2478	4.31E+09
2479	4.31E+09
2480	4.31E+09
2481	4.31E+09
2482	4.31E+09
2483	4.32E+09
2484	4.32E+09
2485	4.32E+09
2486	4.32E+09
2487	4.32E+09
2488	4.33E+09
2489	4.33E+09
2490	4.33E+09
2491	4.33E+09
2492	4.33E+09
2493	4.33E+09
2494	4.34E+09
2495	4.34E+09
2496	4.34E+09
2497	4.34E+09
2498	4.34E+09
2499	4.34E+09
2500	4.35E+09
