Independent Variable - Plot	Dependent Variable - Plot
0	0
1	2.50E+06
2	5.00E+06
3	7.50E+06
4	1.00E+07
5	1.25E+07
6	1.50E+07
7	1.75E+07
8	2.00E+07
9	2.25E+07
10	2.50E+07
11	2.75E+07
12	3.00E+07
13	3.25E+07
14	3.50E+07
15	3.75E+07
16	4.00E+07
17	4.25E+07
18	4.50E+07
19	4.75E+07
20	5.00E+07
21	5.25E+07
22	5.50E+07
23	5.75E+07
24	6.00E+07
25	6.25E+07
26	6.50E+07
27	6.75E+07
28	7.00E+07
29	7.25E+07
30	7.50E+07
31	7.75E+07
32	8.00E+07
33	8.25E+07
34	8.50E+07
35	8.75E+07
36	9.00E+07
37	9.25E+07
38	9.50E+07
39	9.75E+07
40	1.00E+08
41	1.03E+08
42	1.05E+08
43	1.08E+08
44	1.10E+08
45	1.13E+08
46	1.15E+08
47	1.18E+08
48	1.20E+08
49	1.23E+08
50	1.25E+08
51	1.28E+08
52	1.30E+08
53	1.33E+08
54	1.35E+08
55	1.38E+08
56	1.40E+08
57	1.43E+08
58	1.45E+08
59	1.48E+08
60	1.50E+08
61	1.53E+08
62	1.55E+08
63	1.58E+08
64	1.60E+08
65	1.63E+08
66	1.65E+08
67	1.68E+08
68	1.70E+08
69	1.73E+08
70	1.75E+08
71	1.78E+08
72	1.80E+08
73	1.83E+08
74	1.85E+08
75	1.88E+08
76	1.90E+08
77	1.93E+08
78	1.95E+08
79	1.98E+08
80	2.00E+08
81	2.03E+08
82	2.05E+08
83	2.08E+08
84	2.10E+08
85	2.13E+08
86	2.15E+08
87	2.18E+08
88	2.20E+08
89	2.23E+08
90	2.25E+08
91	2.28E+08
92	2.30E+08
93	2.33E+08
94	2.35E+08
95	2.38E+08
96	2.40E+08
97	2.43E+08
98	2.45E+08
99	2.48E+08
100	2.50E+08
101	2.53E+08
102	2.55E+08
103	2.58E+08
104	2.60E+08
105	2.63E+08
106	2.65E+08
107	2.68E+08
108	2.70E+08
109	2.73E+08
110	2.75E+08
111	2.78E+08
112	2.80E+08
113	2.83E+08
114	2.85E+08
115	2.88E+08
116	2.90E+08
117	2.93E+08
118	2.95E+08
119	2.98E+08
120	3.00E+08
121	3.03E+08
122	3.05E+08
123	3.08E+08
124	3.10E+08
125	3.13E+08
126	3.15E+08
127	3.18E+08
128	3.20E+08
129	3.23E+08
130	3.25E+08
131	3.28E+08
132	3.30E+08
133	3.33E+08
134	3.35E+08
135	3.38E+08
136	3.40E+08
137	3.43E+08
138	3.45E+08
139	3.48E+08
140	3.50E+08
141	3.53E+08
142	3.55E+08
143	3.58E+08
144	3.60E+08
145	3.63E+08
146	3.65E+08
147	3.68E+08
148	3.70E+08
149	3.73E+08
150	3.75E+08
151	3.78E+08
152	3.80E+08
153	3.83E+08
154	3.85E+08
155	3.88E+08
156	3.90E+08
157	3.93E+08
158	3.95E+08
159	3.98E+08
160	4.00E+08
161	4.03E+08
162	4.05E+08
163	4.08E+08
164	4.10E+08
165	4.13E+08
166	4.15E+08
167	4.18E+08
168	4.20E+08
169	4.23E+08
170	4.25E+08
171	4.28E+08
172	4.30E+08
173	4.33E+08
174	4.35E+08
175	4.38E+08
176	4.40E+08
177	4.43E+08
178	4.45E+08
179	4.48E+08
180	4.50E+08
181	4.53E+08
182	4.55E+08
183	4.58E+08
184	4.60E+08
185	4.63E+08
186	4.65E+08
187	4.68E+08
188	4.70E+08
189	4.73E+08
190	4.75E+08
191	4.78E+08
192	4.80E+08
193	4.83E+08
194	4.85E+08
195	4.88E+08
196	4.90E+08
197	4.93E+08
198	4.95E+08
199	4.98E+08
200	5.00E+08
201	5.03E+08
202	5.05E+08
203	5.08E+08
204	5.10E+08
205	5.13E+08
206	5.15E+08
207	5.18E+08
208	5.20E+08
209	5.23E+08
210	5.25E+08
211	5.28E+08
212	5.30E+08
213	5.33E+08
214	5.35E+08
215	5.38E+08
216	5.40E+08
217	5.43E+08
218	5.45E+08
219	5.48E+08
220	5.50E+08
221	5.53E+08
222	5.55E+08
223	5.58E+08
224	5.60E+08
225	5.63E+08
226	5.65E+08
227	5.68E+08
228	5.70E+08
229	5.73E+08
230	5.75E+08
231	5.78E+08
232	5.80E+08
233	5.83E+08
234	5.85E+08
235	5.88E+08
236	5.90E+08
237	5.93E+08
238	5.95E+08
239	5.98E+08
240	6.00E+08
241	6.03E+08
242	6.05E+08
243	6.08E+08
244	6.10E+08
245	6.13E+08
246	6.15E+08
247	6.18E+08
248	6.20E+08
249	6.23E+08
250	6.25E+08
251	6.28E+08
252	6.30E+08
253	6.33E+08
254	6.35E+08
255	6.38E+08
256	6.40E+08
257	6.43E+08
258	6.45E+08
259	6.48E+08
260	6.50E+08
261	6.53E+08
262	6.55E+08
263	6.58E+08
264	6.60E+08
265	6.63E+08
266	6.65E+08
267	6.68E+08
268	6.70E+08
269	6.73E+08
270	6.75E+08
271	6.78E+08
272	6.80E+08
273	6.83E+08
274	6.85E+08
275	6.88E+08
276	6.90E+08
277	6.93E+08
278	6.95E+08
279	6.98E+08
280	7.00E+08
281	7.03E+08
282	7.05E+08
283	7.08E+08
284	7.10E+08
285	7.13E+08
286	7.15E+08
287	7.18E+08
288	7.20E+08
289	7.23E+08
290	7.25E+08
291	7.28E+08
292	7.30E+08
293	7.33E+08
294	7.35E+08
295	7.38E+08
296	7.40E+08
297	7.43E+08
298	7.45E+08
299	7.48E+08
300	7.50E+08
301	7.53E+08
302	7.55E+08
303	7.58E+08
304	7.60E+08
305	7.63E+08
306	7.65E+08
307	7.68E+08
308	7.70E+08
309	7.73E+08
310	7.75E+08
311	7.78E+08
312	7.80E+08
313	7.83E+08
314	7.85E+08
315	7.88E+08
316	7.90E+08
317	7.93E+08
318	7.95E+08
319	7.98E+08
320	8.00E+08
321	8.03E+08
322	8.05E+08
323	8.08E+08
324	8.10E+08
325	8.13E+08
326	8.15E+08
327	8.18E+08
328	8.20E+08
329	8.23E+08
330	8.25E+08
331	8.28E+08
332	8.30E+08
333	8.33E+08
334	8.35E+08
335	8.38E+08
336	8.40E+08
337	8.43E+08
338	8.45E+08
339	8.48E+08
340	8.50E+08
341	8.53E+08
342	8.55E+08
343	8.58E+08
344	8.60E+08
345	8.63E+08
346	8.65E+08
347	8.68E+08
348	8.70E+08
349	8.73E+08
350	8.75E+08
351	8.78E+08
352	8.80E+08
353	8.83E+08
354	8.85E+08
355	8.88E+08
356	8.90E+08
357	8.93E+08
358	8.95E+08
359	8.98E+08
360	9.00E+08
361	9.03E+08
362	9.05E+08
363	9.08E+08
364	9.10E+08
365	9.13E+08
366	9.15E+08
367	9.18E+08
368	9.20E+08
369	9.23E+08
370	9.25E+08
371	9.28E+08
372	9.30E+08
373	9.33E+08
374	9.35E+08
375	9.38E+08
376	9.40E+08
377	9.43E+08
378	9.45E+08
379	9.48E+08
380	9.50E+08
381	9.53E+08
382	9.55E+08
383	9.58E+08
384	9.60E+08
385	9.63E+08
386	9.65E+08
387	9.68E+08
388	9.70E+08
389	9.73E+08
390	9.75E+08
391	9.78E+08
392	9.80E+08
393	9.83E+08
394	9.85E+08
395	9.88E+08
396	9.90E+08
397	9.93E+08
398	9.95E+08
399	9.98E+08
400	1.00E+09
401	1.00E+09
402	1.01E+09
403	1.01E+09
404	1.01E+09
405	1.01E+09
406	1.02E+09
407	1.02E+09
408	1.02E+09
409	1.02E+09
410	1.03E+09
411	1.03E+09
412	1.03E+09
413	1.03E+09
414	1.04E+09
415	1.04E+09
416	1.04E+09
417	1.04E+09
418	1.05E+09
419	1.05E+09
420	1.05E+09
421	1.05E+09
422	1.06E+09
423	1.06E+09
424	1.06E+09
425	1.06E+09
426	1.07E+09
427	1.07E+09
428	1.07E+09
429	1.07E+09
430	1.08E+09
431	1.08E+09
432	1.08E+09
433	1.08E+09
434	1.09E+09
435	1.09E+09
436	1.09E+09
437	1.09E+09
438	1.10E+09
439	1.10E+09
440	1.10E+09
441	1.10E+09
442	1.11E+09
443	1.11E+09
444	1.11E+09
445	1.11E+09
446	1.12E+09
447	1.12E+09
448	1.12E+09
449	1.12E+09
450	1.13E+09
451	1.13E+09
452	1.13E+09
453	1.13E+09
454	1.14E+09
455	1.14E+09
456	1.14E+09
457	1.14E+09
458	1.15E+09
459	1.15E+09
460	1.15E+09
461	1.15E+09
462	1.16E+09
463	1.16E+09
464	1.16E+09
465	1.16E+09
466	1.17E+09
467	1.17E+09
468	1.17E+09
469	1.17E+09
470	1.18E+09
471	1.18E+09
472	1.18E+09
473	1.18E+09
474	1.19E+09
475	1.19E+09
476	1.19E+09
477	1.19E+09
478	1.20E+09
479	1.20E+09
480	1.20E+09
481	1.20E+09
482	1.21E+09
483	1.21E+09
484	1.21E+09
485	1.21E+09
486	1.22E+09
487	1.22E+09
488	1.22E+09
489	1.22E+09
490	1.23E+09
491	1.23E+09
492	1.23E+09
493	1.23E+09
494	1.24E+09
495	1.24E+09
496	1.24E+09
497	1.24E+09
498	1.25E+09
499	1.25E+09
500	1.25E+09
501	1.25E+09
502	1.26E+09
503	1.26E+09
504	1.26E+09
505	1.26E+09
506	1.27E+09
507	1.27E+09
508	1.27E+09
509	1.27E+09
510	1.28E+09
511	1.28E+09
512	1.28E+09
513	1.28E+09
514	1.29E+09
515	1.29E+09
516	1.29E+09
517	1.29E+09
518	1.30E+09
519	1.30E+09
520	1.30E+09
521	1.30E+09
522	1.31E+09
523	1.31E+09
524	1.31E+09
525	1.31E+09
526	1.32E+09
527	1.32E+09
528	1.32E+09
529	1.32E+09
530	1.33E+09
531	1.33E+09
532	1.33E+09
533	1.33E+09
534	1.34E+09
535	1.34E+09
536	1.34E+09
537	1.34E+09
538	1.35E+09
539	1.35E+09
540	1.35E+09
541	1.35E+09
542	1.36E+09
543	1.36E+09
544	1.36E+09
545	1.36E+09
546	1.37E+09
547	1.37E+09
548	1.37E+09
549	1.37E+09
550	1.38E+09
551	1.38E+09
552	1.38E+09
553	1.38E+09
554	1.39E+09
555	1.39E+09
556	1.39E+09
557	1.39E+09
558	1.40E+09
559	1.40E+09
560	1.40E+09
561	1.40E+09
562	1.41E+09
563	1.41E+09
564	1.41E+09
565	1.41E+09
566	1.42E+09
567	1.42E+09
568	1.42E+09
569	1.42E+09
570	1.43E+09
571	1.43E+09
572	1.43E+09
573	1.43E+09
574	1.44E+09
575	1.44E+09
576	1.44E+09
577	1.44E+09
578	1.45E+09
579	1.45E+09
580	1.45E+09
581	1.45E+09
582	1.46E+09
583	1.46E+09
584	1.46E+09
585	1.46E+09
586	1.47E+09
587	1.47E+09
588	1.47E+09
589	1.47E+09
590	1.48E+09
591	1.48E+09
592	1.48E+09
593	1.48E+09
594	1.49E+09
595	1.49E+09
596	1.49E+09
597	1.49E+09
598	1.50E+09
599	1.50E+09
600	1.50E+09
601	1.50E+09
602	1.51E+09
603	1.51E+09
604	1.51E+09
605	1.51E+09
606	1.52E+09
607	1.52E+09
608	1.52E+09
609	1.52E+09
610	1.53E+09
611	1.53E+09
612	1.53E+09
613	1.53E+09
614	1.54E+09
615	1.54E+09
616	1.54E+09
617	1.54E+09
618	1.55E+09
619	1.55E+09
620	1.55E+09
621	1.55E+09
622	1.56E+09
623	1.56E+09
624	1.56E+09
625	1.56E+09
626	1.57E+09
627	1.57E+09
628	1.57E+09
629	1.57E+09
630	1.58E+09
631	1.58E+09
632	1.58E+09
633	1.58E+09
634	1.59E+09
635	1.59E+09
636	1.59E+09
637	1.59E+09
638	1.60E+09
639	1.60E+09
640	1.60E+09
641	1.60E+09
642	1.61E+09
643	1.61E+09
644	1.61E+09
645	1.61E+09
646	1.62E+09
647	1.62E+09
648	1.62E+09
649	1.62E+09
650	1.63E+09
651	1.63E+09
652	1.63E+09
653	1.63E+09
654	1.64E+09
655	1.64E+09
656	1.64E+09
657	1.64E+09
658	1.65E+09
659	1.65E+09
660	1.65E+09
661	1.65E+09
662	1.66E+09
663	1.66E+09
664	1.66E+09
665	1.66E+09
666	1.67E+09
667	1.67E+09
668	1.67E+09
669	1.67E+09
670	1.68E+09
671	1.68E+09
672	1.68E+09
673	1.68E+09
674	1.69E+09
675	1.69E+09
676	1.69E+09
677	1.69E+09
678	1.70E+09
679	1.70E+09
680	1.70E+09
681	1.70E+09
682	1.71E+09
683	1.71E+09
684	1.71E+09
685	1.71E+09
686	1.72E+09
687	1.72E+09
688	1.72E+09
689	1.72E+09
690	1.73E+09
691	1.73E+09
692	1.73E+09
693	1.73E+09
694	1.74E+09
695	1.74E+09
696	1.74E+09
697	1.74E+09
698	1.75E+09
699	1.75E+09
700	1.75E+09
701	1.75E+09
702	1.76E+09
703	1.76E+09
704	1.76E+09
705	1.76E+09
706	1.77E+09
707	1.77E+09
708	1.77E+09
709	1.77E+09
710	1.78E+09
711	1.78E+09
712	1.78E+09
713	1.78E+09
714	1.79E+09
715	1.79E+09
716	1.79E+09
717	1.79E+09
718	1.80E+09
719	1.80E+09
720	1.80E+09
721	1.80E+09
722	1.81E+09
723	1.81E+09
724	1.81E+09
725	1.81E+09
726	1.82E+09
727	1.82E+09
728	1.82E+09
729	1.82E+09
730	1.83E+09
731	1.83E+09
732	1.83E+09
733	1.83E+09
734	1.84E+09
735	1.84E+09
736	1.84E+09
737	1.84E+09
738	1.85E+09
739	1.85E+09
740	1.85E+09
741	1.85E+09
742	1.86E+09
743	1.86E+09
744	1.86E+09
745	1.86E+09
746	1.87E+09
747	1.87E+09
748	1.87E+09
749	1.87E+09
750	1.88E+09
751	1.88E+09
752	1.88E+09
753	1.88E+09
754	1.89E+09
755	1.89E+09
756	1.89E+09
757	1.89E+09
758	1.90E+09
759	1.90E+09
760	1.90E+09
761	1.90E+09
762	1.91E+09
763	1.91E+09
764	1.91E+09
765	1.91E+09
766	1.92E+09
767	1.92E+09
768	1.92E+09
769	1.92E+09
770	1.93E+09
771	1.93E+09
772	1.93E+09
773	1.93E+09
774	1.94E+09
775	1.94E+09
776	1.94E+09
777	1.94E+09
778	1.95E+09
779	1.95E+09
780	1.95E+09
781	1.95E+09
782	1.96E+09
783	1.96E+09
784	1.96E+09
785	1.96E+09
786	1.97E+09
787	1.97E+09
788	1.97E+09
789	1.97E+09
790	1.98E+09
791	1.98E+09
792	1.98E+09
793	1.98E+09
794	1.99E+09
795	1.99E+09
796	1.99E+09
797	1.99E+09
798	2.00E+09
799	2.00E+09
800	2.00E+09
801	2.00E+09
802	2.01E+09
803	2.01E+09
804	2.01E+09
805	2.01E+09
806	2.02E+09
807	2.02E+09
808	2.02E+09
809	2.02E+09
810	2.03E+09
811	2.03E+09
812	2.03E+09
813	2.03E+09
814	2.04E+09
815	2.04E+09
816	2.04E+09
817	2.04E+09
818	2.05E+09
819	2.05E+09
820	2.05E+09
821	2.05E+09
822	2.06E+09
823	2.06E+09
824	2.06E+09
825	2.06E+09
826	2.07E+09
827	2.07E+09
828	2.07E+09
829	2.07E+09
830	2.08E+09
831	2.08E+09
832	2.08E+09
833	2.08E+09
834	2.09E+09
835	2.09E+09
836	2.09E+09
837	2.09E+09
838	2.10E+09
839	2.10E+09
840	2.10E+09
841	2.10E+09
842	2.11E+09
843	2.11E+09
844	2.11E+09
845	2.11E+09
846	2.12E+09
847	2.12E+09
848	2.12E+09
849	2.12E+09
850	2.13E+09
851	2.13E+09
852	2.13E+09
853	2.13E+09
854	2.14E+09
855	2.14E+09
856	2.14E+09
857	2.14E+09
858	2.15E+09
859	2.15E+09
860	2.15E+09
861	2.15E+09
862	2.16E+09
863	2.16E+09
864	2.16E+09
865	2.16E+09
866	2.17E+09
867	2.17E+09
868	2.17E+09
869	2.17E+09
870	2.18E+09
871	2.18E+09
872	2.18E+09
873	2.18E+09
874	2.19E+09
875	2.19E+09
876	2.19E+09
877	2.19E+09
878	2.20E+09
879	2.20E+09
880	2.20E+09
881	2.20E+09
882	2.21E+09
883	2.21E+09
884	2.21E+09
885	2.21E+09
886	2.22E+09
887	2.22E+09
888	2.22E+09
889	2.22E+09
890	2.23E+09
891	2.23E+09
892	2.23E+09
893	2.23E+09
894	2.24E+09
895	2.24E+09
896	2.24E+09
897	2.24E+09
898	2.25E+09
899	2.25E+09
900	2.25E+09
901	2.25E+09
902	2.26E+09
903	2.26E+09
904	2.26E+09
905	2.26E+09
906	2.27E+09
907	2.27E+09
908	2.27E+09
909	2.27E+09
910	2.28E+09
911	2.28E+09
912	2.28E+09
913	2.28E+09
914	2.29E+09
915	2.29E+09
916	2.29E+09
917	2.29E+09
918	2.30E+09
919	2.30E+09
920	2.30E+09
921	2.30E+09
922	2.31E+09
923	2.31E+09
924	2.31E+09
925	2.31E+09
926	2.32E+09
927	2.32E+09
928	2.32E+09
929	2.32E+09
930	2.33E+09
931	2.33E+09
932	2.33E+09
933	2.33E+09
934	2.34E+09
935	2.34E+09
936	2.34E+09
937	2.34E+09
938	2.35E+09
939	2.35E+09
940	2.35E+09
941	2.35E+09
942	2.36E+09
943	2.36E+09
944	2.36E+09
945	2.36E+09
946	2.37E+09
947	2.37E+09
948	2.37E+09
949	2.37E+09
950	2.38E+09
951	2.38E+09
952	2.38E+09
953	2.38E+09
954	2.39E+09
955	2.39E+09
956	2.39E+09
957	2.39E+09
958	2.40E+09
959	2.40E+09
960	2.40E+09
961	2.40E+09
962	2.41E+09
963	2.41E+09
964	2.41E+09
965	2.41E+09
966	2.42E+09
967	2.42E+09
968	2.42E+09
969	2.42E+09
970	2.43E+09
971	2.43E+09
972	2.43E+09
973	2.43E+09
974	2.44E+09
975	2.44E+09
976	2.44E+09
977	2.44E+09
978	2.45E+09
979	2.45E+09
980	2.45E+09
981	2.45E+09
982	2.46E+09
983	2.46E+09
984	2.46E+09
985	2.46E+09
986	2.47E+09
987	2.47E+09
988	2.47E+09
989	2.47E+09
990	2.48E+09
991	2.48E+09
992	2.48E+09
993	2.48E+09
994	2.49E+09
995	2.49E+09
996	2.49E+09
997	2.49E+09
998	2.50E+09
999	2.50E+09
1000	2.50E+09
1001	2.50E+09
1002	2.51E+09
1003	2.51E+09
1004	2.51E+09
1005	2.51E+09
1006	2.52E+09
1007	2.52E+09
1008	2.52E+09
1009	2.52E+09
1010	2.53E+09
1011	2.53E+09
1012	2.53E+09
1013	2.53E+09
1014	2.54E+09
1015	2.54E+09
1016	2.54E+09
1017	2.54E+09
1018	2.55E+09
1019	2.55E+09
1020	2.55E+09
1021	2.55E+09
1022	2.56E+09
1023	2.56E+09
1024	2.56E+09
1025	2.56E+09
1026	2.57E+09
1027	2.57E+09
1028	2.57E+09
1029	2.57E+09
1030	2.58E+09
1031	2.58E+09
1032	2.58E+09
1033	2.58E+09
1034	2.59E+09
1035	2.59E+09
1036	2.59E+09
1037	2.59E+09
1038	2.60E+09
1039	2.60E+09
1040	2.60E+09
1041	2.60E+09
1042	2.61E+09
1043	2.61E+09
1044	2.61E+09
1045	2.61E+09
1046	2.62E+09
1047	2.62E+09
1048	2.62E+09
1049	2.62E+09
1050	2.63E+09
1051	2.63E+09
1052	2.63E+09
1053	2.63E+09
1054	2.64E+09
1055	2.64E+09
1056	2.64E+09
1057	2.64E+09
1058	2.65E+09
1059	2.65E+09
1060	2.65E+09
1061	2.65E+09
1062	2.66E+09
1063	2.66E+09
1064	2.66E+09
1065	2.66E+09
1066	2.67E+09
1067	2.67E+09
1068	2.67E+09
1069	2.67E+09
1070	2.68E+09
1071	2.68E+09
1072	2.68E+09
1073	2.68E+09
1074	2.69E+09
1075	2.69E+09
1076	2.69E+09
1077	2.69E+09
1078	2.70E+09
1079	2.70E+09
1080	2.70E+09
1081	2.70E+09
1082	2.71E+09
1083	2.71E+09
1084	2.71E+09
1085	2.71E+09
1086	2.72E+09
1087	2.72E+09
1088	2.72E+09
1089	2.72E+09
1090	2.73E+09
1091	2.73E+09
1092	2.73E+09
1093	2.73E+09
1094	2.74E+09
1095	2.74E+09
1096	2.74E+09
1097	2.74E+09
1098	2.75E+09
1099	2.75E+09
1100	2.75E+09
1101	2.75E+09
1102	2.76E+09
1103	2.76E+09
1104	2.76E+09
1105	2.76E+09
1106	2.77E+09
1107	2.77E+09
1108	2.77E+09
1109	2.77E+09
1110	2.78E+09
1111	2.78E+09
1112	2.78E+09
1113	2.78E+09
1114	2.79E+09
1115	2.79E+09
1116	2.79E+09
1117	2.79E+09
1118	2.80E+09
1119	2.80E+09
1120	2.80E+09
1121	2.80E+09
1122	2.81E+09
1123	2.81E+09
1124	2.81E+09
1125	2.81E+09
1126	2.82E+09
1127	2.82E+09
1128	2.82E+09
1129	2.82E+09
1130	2.83E+09
1131	2.83E+09
1132	2.83E+09
1133	2.83E+09
1134	2.84E+09
1135	2.84E+09
1136	2.84E+09
1137	2.84E+09
1138	2.85E+09
1139	2.85E+09
1140	2.85E+09
1141	2.85E+09
1142	2.86E+09
1143	2.86E+09
1144	2.86E+09
1145	2.86E+09
1146	2.87E+09
1147	2.87E+09
1148	2.87E+09
1149	2.87E+09
1150	2.88E+09
1151	2.88E+09
1152	2.88E+09
1153	2.88E+09
1154	2.89E+09
1155	2.89E+09
1156	2.89E+09
1157	2.89E+09
1158	2.90E+09
1159	2.90E+09
1160	2.90E+09
1161	2.90E+09
1162	2.91E+09
1163	2.91E+09
1164	2.91E+09
1165	2.91E+09
1166	2.92E+09
1167	2.92E+09
1168	2.92E+09
1169	2.92E+09
1170	2.93E+09
1171	2.93E+09
1172	2.93E+09
1173	2.93E+09
1174	2.94E+09
1175	2.94E+09
1176	2.94E+09
1177	2.94E+09
1178	2.95E+09
1179	2.95E+09
1180	2.95E+09
1181	2.95E+09
1182	2.96E+09
1183	2.96E+09
1184	2.96E+09
1185	2.96E+09
1186	2.97E+09
1187	2.97E+09
1188	2.97E+09
1189	2.97E+09
1190	2.98E+09
1191	2.98E+09
1192	2.98E+09
1193	2.98E+09
1194	2.99E+09
1195	2.99E+09
1196	2.99E+09
1197	2.99E+09
1198	3.00E+09
1199	3.00E+09
1200	3.00E+09
1201	3.00E+09
1202	3.01E+09
1203	3.01E+09
1204	3.01E+09
1205	3.01E+09
1206	3.02E+09
1207	3.02E+09
1208	3.02E+09
1209	3.02E+09
1210	3.03E+09
1211	3.03E+09
1212	3.03E+09
1213	3.03E+09
1214	3.04E+09
1215	3.04E+09
1216	3.04E+09
1217	3.04E+09
1218	3.05E+09
1219	3.05E+09
1220	3.05E+09
1221	3.05E+09
1222	3.06E+09
1223	3.06E+09
1224	3.06E+09
1225	3.06E+09
1226	3.07E+09
1227	3.07E+09
1228	3.07E+09
1229	3.07E+09
1230	3.08E+09
1231	3.08E+09
1232	3.08E+09
1233	3.08E+09
1234	3.09E+09
1235	3.09E+09
1236	3.09E+09
1237	3.09E+09
1238	3.10E+09
1239	3.10E+09
1240	3.10E+09
1241	3.10E+09
1242	3.11E+09
1243	3.11E+09
1244	3.11E+09
1245	3.11E+09
1246	3.12E+09
1247	3.12E+09
1248	3.12E+09
1249	3.12E+09
1250	3.13E+09
1251	3.13E+09
1252	3.13E+09
1253	3.13E+09
1254	3.14E+09
1255	3.14E+09
1256	3.14E+09
1257	3.14E+09
1258	3.15E+09
1259	3.15E+09
1260	3.15E+09
1261	3.15E+09
1262	3.16E+09
1263	3.16E+09
1264	3.16E+09
1265	3.16E+09
1266	3.17E+09
1267	3.17E+09
1268	3.17E+09
1269	3.17E+09
1270	3.18E+09
1271	3.18E+09
1272	3.18E+09
1273	3.18E+09
1274	3.19E+09
1275	3.19E+09
1276	3.19E+09
1277	3.19E+09
1278	3.20E+09
1279	3.20E+09
1280	3.20E+09
1281	3.20E+09
1282	3.21E+09
1283	3.21E+09
1284	3.21E+09
1285	3.21E+09
1286	3.22E+09
1287	3.22E+09
1288	3.22E+09
1289	3.22E+09
1290	3.23E+09
1291	3.23E+09
1292	3.23E+09
1293	3.23E+09
1294	3.24E+09
1295	3.24E+09
1296	3.24E+09
1297	3.24E+09
1298	3.25E+09
1299	3.25E+09
1300	3.25E+09
1301	3.25E+09
1302	3.26E+09
1303	3.26E+09
1304	3.26E+09
1305	3.26E+09
1306	3.27E+09
1307	3.27E+09
1308	3.27E+09
1309	3.27E+09
1310	3.28E+09
1311	3.28E+09
1312	3.28E+09
1313	3.28E+09
1314	3.29E+09
1315	3.29E+09
1316	3.29E+09
1317	3.29E+09
1318	3.30E+09
1319	3.30E+09
1320	3.30E+09
1321	3.30E+09
1322	3.31E+09
1323	3.31E+09
1324	3.31E+09
1325	3.31E+09
1326	3.32E+09
1327	3.32E+09
1328	3.32E+09
1329	3.32E+09
1330	3.33E+09
1331	3.33E+09
1332	3.33E+09
1333	3.33E+09
1334	3.34E+09
1335	3.34E+09
1336	3.34E+09
1337	3.34E+09
1338	3.35E+09
1339	3.35E+09
1340	3.35E+09
1341	3.35E+09
1342	3.36E+09
1343	3.36E+09
1344	3.36E+09
1345	3.36E+09
1346	3.37E+09
1347	3.37E+09
1348	3.37E+09
1349	3.37E+09
1350	3.38E+09
1351	3.38E+09
1352	3.38E+09
1353	3.38E+09
1354	3.39E+09
1355	3.39E+09
1356	3.39E+09
1357	3.39E+09
1358	3.40E+09
1359	3.40E+09
1360	3.40E+09
1361	3.40E+09
1362	3.41E+09
1363	3.41E+09
1364	3.41E+09
1365	3.41E+09
1366	3.42E+09
1367	3.42E+09
1368	3.42E+09
1369	3.42E+09
1370	3.43E+09
1371	3.43E+09
1372	3.43E+09
1373	3.43E+09
1374	3.44E+09
1375	3.44E+09
1376	3.44E+09
1377	3.44E+09
1378	3.45E+09
1379	3.45E+09
1380	3.45E+09
1381	3.45E+09
1382	3.46E+09
1383	3.46E+09
1384	3.46E+09
1385	3.46E+09
1386	3.47E+09
1387	3.47E+09
1388	3.47E+09
1389	3.47E+09
1390	3.48E+09
1391	3.48E+09
1392	3.48E+09
1393	3.48E+09
1394	3.49E+09
1395	3.49E+09
1396	3.49E+09
1397	3.49E+09
1398	3.50E+09
1399	3.50E+09
1400	3.50E+09
1401	3.50E+09
1402	3.51E+09
1403	3.51E+09
1404	3.51E+09
1405	3.51E+09
1406	3.52E+09
1407	3.52E+09
1408	3.52E+09
1409	3.52E+09
1410	3.53E+09
1411	3.53E+09
1412	3.53E+09
1413	3.53E+09
1414	3.54E+09
1415	3.54E+09
1416	3.54E+09
1417	3.54E+09
1418	3.55E+09
1419	3.55E+09
1420	3.55E+09
1421	3.55E+09
1422	3.56E+09
1423	3.56E+09
1424	3.56E+09
1425	3.56E+09
1426	3.57E+09
1427	3.57E+09
1428	3.57E+09
1429	3.57E+09
1430	3.58E+09
1431	3.58E+09
1432	3.58E+09
1433	3.58E+09
1434	3.59E+09
1435	3.59E+09
1436	3.59E+09
1437	3.59E+09
1438	3.60E+09
1439	3.60E+09
1440	3.60E+09
1441	3.60E+09
1442	3.61E+09
1443	3.61E+09
1444	3.61E+09
1445	3.61E+09
1446	3.62E+09
1447	3.62E+09
1448	3.62E+09
1449	3.62E+09
1450	3.63E+09
1451	3.63E+09
1452	3.63E+09
1453	3.63E+09
1454	3.64E+09
1455	3.64E+09
1456	3.64E+09
1457	3.64E+09
1458	3.65E+09
1459	3.65E+09
1460	3.65E+09
1461	3.65E+09
1462	3.66E+09
1463	3.66E+09
1464	3.66E+09
1465	3.66E+09
1466	3.67E+09
1467	3.67E+09
1468	3.67E+09
1469	3.67E+09
1470	3.68E+09
1471	3.68E+09
1472	3.68E+09
1473	3.68E+09
1474	3.69E+09
1475	3.69E+09
1476	3.69E+09
1477	3.69E+09
1478	3.70E+09
1479	3.70E+09
1480	3.70E+09
1481	3.70E+09
1482	3.71E+09
1483	3.71E+09
1484	3.71E+09
1485	3.71E+09
1486	3.72E+09
1487	3.72E+09
1488	3.72E+09
1489	3.72E+09
1490	3.73E+09
1491	3.73E+09
1492	3.73E+09
1493	3.73E+09
1494	3.74E+09
1495	3.74E+09
1496	3.74E+09
1497	3.74E+09
1498	3.75E+09
1499	3.75E+09
1500	3.75E+09
1501	3.75E+09
1502	3.76E+09
1503	3.76E+09
1504	3.76E+09
1505	3.76E+09
1506	3.77E+09
1507	3.77E+09
1508	3.77E+09
1509	3.77E+09
1510	3.78E+09
1511	3.78E+09
1512	3.78E+09
1513	3.78E+09
1514	3.79E+09
1515	3.79E+09
1516	3.79E+09
1517	3.79E+09
1518	3.80E+09
1519	3.80E+09
1520	3.80E+09
1521	3.80E+09
1522	3.81E+09
1523	3.81E+09
1524	3.81E+09
1525	3.81E+09
1526	3.82E+09
1527	3.82E+09
1528	3.82E+09
1529	3.82E+09
1530	3.83E+09
1531	3.83E+09
1532	3.83E+09
1533	3.83E+09
1534	3.84E+09
1535	3.84E+09
1536	3.84E+09
1537	3.84E+09
1538	3.85E+09
1539	3.85E+09
1540	3.85E+09
1541	3.85E+09
1542	3.86E+09
1543	3.86E+09
1544	3.86E+09
1545	3.86E+09
1546	3.87E+09
1547	3.87E+09
1548	3.87E+09
1549	3.87E+09
1550	3.88E+09
1551	3.88E+09
1552	3.88E+09
1553	3.88E+09
1554	3.89E+09
1555	3.89E+09
1556	3.89E+09
1557	3.89E+09
1558	3.90E+09
1559	3.90E+09
1560	3.90E+09
1561	3.90E+09
1562	3.91E+09
1563	3.91E+09
1564	3.91E+09
1565	3.91E+09
1566	3.92E+09
1567	3.92E+09
1568	3.92E+09
1569	3.92E+09
1570	3.93E+09
1571	3.93E+09
1572	3.93E+09
1573	3.93E+09
1574	3.94E+09
1575	3.94E+09
1576	3.94E+09
1577	3.94E+09
1578	3.95E+09
1579	3.95E+09
1580	3.95E+09
1581	3.95E+09
1582	3.96E+09
1583	3.96E+09
1584	3.96E+09
1585	3.96E+09
1586	3.97E+09
1587	3.97E+09
1588	3.97E+09
1589	3.97E+09
1590	3.98E+09
1591	3.98E+09
1592	3.98E+09
1593	3.98E+09
1594	3.99E+09
1595	3.99E+09
1596	3.99E+09
1597	3.99E+09
1598	4.00E+09
1599	4.00E+09
1600	4.00E+09
1601	4.00E+09
1602	4.01E+09
1603	4.01E+09
1604	4.01E+09
1605	4.01E+09
1606	4.02E+09
1607	4.02E+09
1608	4.02E+09
1609	4.02E+09
1610	4.03E+09
1611	4.03E+09
1612	4.03E+09
1613	4.03E+09
1614	4.04E+09
1615	4.04E+09
1616	4.04E+09
1617	4.04E+09
1618	4.05E+09
1619	4.05E+09
1620	4.05E+09
1621	4.05E+09
1622	4.06E+09
1623	4.06E+09
1624	4.06E+09
1625	4.06E+09
1626	4.07E+09
1627	4.07E+09
1628	4.07E+09
1629	4.07E+09
1630	4.08E+09
1631	4.08E+09
1632	4.08E+09
1633	4.08E+09
1634	4.09E+09
1635	4.09E+09
1636	4.09E+09
1637	4.09E+09
1638	4.10E+09
1639	4.10E+09
1640	4.10E+09
1641	4.10E+09
1642	4.11E+09
1643	4.11E+09
1644	4.11E+09
1645	4.11E+09
1646	4.12E+09
1647	4.12E+09
1648	4.12E+09
1649	4.12E+09
1650	4.13E+09
1651	4.13E+09
1652	4.13E+09
1653	4.13E+09
1654	4.14E+09
1655	4.14E+09
1656	4.14E+09
1657	4.14E+09
1658	4.15E+09
1659	4.15E+09
1660	4.15E+09
1661	4.15E+09
1662	4.16E+09
1663	4.16E+09
1664	4.16E+09
1665	4.16E+09
1666	4.17E+09
1667	4.17E+09
1668	4.17E+09
1669	4.17E+09
1670	4.18E+09
1671	4.18E+09
1672	4.18E+09
1673	4.18E+09
1674	4.19E+09
1675	4.19E+09
1676	4.19E+09
1677	4.19E+09
1678	4.20E+09
1679	4.20E+09
1680	4.20E+09
1681	4.20E+09
1682	4.21E+09
1683	4.21E+09
1684	4.21E+09
1685	4.21E+09
1686	4.22E+09
1687	4.22E+09
1688	4.22E+09
1689	4.22E+09
1690	4.23E+09
1691	4.23E+09
1692	4.23E+09
1693	4.23E+09
1694	4.24E+09
1695	4.24E+09
1696	4.24E+09
1697	4.24E+09
1698	4.25E+09
1699	4.25E+09
1700	4.25E+09
1701	4.25E+09
1702	4.26E+09
1703	4.26E+09
1704	4.26E+09
1705	4.26E+09
1706	4.27E+09
1707	4.27E+09
1708	4.27E+09
1709	4.27E+09
1710	4.28E+09
1711	4.28E+09
1712	4.28E+09
1713	4.28E+09
1714	4.29E+09
1715	4.29E+09
1716	4.29E+09
1717	4.29E+09
1718	4.30E+09
1719	4.30E+09
1720	4.30E+09
1721	4.30E+09
1722	4.31E+09
1723	4.31E+09
1724	4.31E+09
1725	4.31E+09
1726	4.32E+09
1727	4.32E+09
1728	4.32E+09
1729	4.32E+09
1730	4.33E+09
1731	4.33E+09
1732	4.33E+09
1733	4.33E+09
1734	4.34E+09
1735	4.34E+09
1736	4.34E+09
1737	4.34E+09
1738	4.35E+09
1739	4.35E+09
1740	4.35E+09
1741	4.35E+09
1742	4.36E+09
1743	4.36E+09
1744	4.36E+09
1745	4.36E+09
1746	4.37E+09
1747	4.37E+09
1748	4.37E+09
1749	4.37E+09
1750	4.38E+09
1751	4.38E+09
1752	4.38E+09
1753	4.38E+09
1754	4.39E+09
1755	4.39E+09
1756	4.39E+09
1757	4.39E+09
1758	4.40E+09
1759	4.40E+09
1760	4.40E+09
1761	4.40E+09
1762	4.41E+09
1763	4.41E+09
1764	4.41E+09
1765	4.41E+09
1766	4.42E+09
1767	4.42E+09
1768	4.42E+09
1769	4.42E+09
1770	4.43E+09
1771	4.43E+09
1772	4.43E+09
1773	4.43E+09
1774	4.44E+09
1775	4.44E+09
1776	4.44E+09
1777	4.44E+09
1778	4.45E+09
1779	4.45E+09
1780	4.45E+09
1781	4.45E+09
1782	4.46E+09
1783	4.46E+09
1784	4.46E+09
1785	4.46E+09
1786	4.47E+09
1787	4.47E+09
1788	4.47E+09
1789	4.47E+09
1790	4.48E+09
1791	4.48E+09
1792	4.48E+09
1793	4.48E+09
1794	4.49E+09
1795	4.49E+09
1796	4.49E+09
1797	4.49E+09
1798	4.50E+09
1799	4.50E+09
1800	4.50E+09
1801	4.50E+09
1802	4.51E+09
1803	4.51E+09
1804	4.51E+09
1805	4.51E+09
1806	4.52E+09
1807	4.52E+09
1808	4.52E+09
1809	4.52E+09
1810	4.53E+09
1811	4.53E+09
1812	4.53E+09
1813	4.53E+09
1814	4.54E+09
1815	4.54E+09
1816	4.54E+09
1817	4.54E+09
1818	4.55E+09
1819	4.55E+09
1820	4.55E+09
1821	4.55E+09
1822	4.56E+09
1823	4.56E+09
1824	4.56E+09
1825	4.56E+09
1826	4.57E+09
1827	4.57E+09
1828	4.57E+09
1829	4.57E+09
1830	4.58E+09
1831	4.58E+09
1832	4.58E+09
1833	4.58E+09
1834	4.59E+09
1835	4.59E+09
1836	4.59E+09
1837	4.59E+09
1838	4.60E+09
1839	4.60E+09
1840	4.60E+09
1841	4.60E+09
1842	4.61E+09
1843	4.61E+09
1844	4.61E+09
1845	4.61E+09
1846	4.62E+09
1847	4.62E+09
1848	4.62E+09
1849	4.62E+09
1850	4.63E+09
1851	4.63E+09
1852	4.63E+09
1853	4.63E+09
1854	4.64E+09
1855	4.64E+09
1856	4.64E+09
1857	4.64E+09
1858	4.65E+09
1859	4.65E+09
1860	4.65E+09
1861	4.65E+09
1862	4.66E+09
1863	4.66E+09
1864	4.66E+09
1865	4.66E+09
1866	4.67E+09
1867	4.67E+09
1868	4.67E+09
1869	4.67E+09
1870	4.68E+09
1871	4.68E+09
1872	4.68E+09
1873	4.68E+09
1874	4.69E+09
1875	4.69E+09
1876	4.69E+09
1877	4.69E+09
1878	4.70E+09
1879	4.70E+09
1880	4.70E+09
1881	4.70E+09
1882	4.71E+09
1883	4.71E+09
1884	4.71E+09
1885	4.71E+09
1886	4.72E+09
1887	4.72E+09
1888	4.72E+09
1889	4.72E+09
1890	4.73E+09
1891	4.73E+09
1892	4.73E+09
1893	4.73E+09
1894	4.74E+09
1895	4.74E+09
1896	4.74E+09
1897	4.74E+09
1898	4.75E+09
1899	4.75E+09
1900	4.75E+09
1901	4.75E+09
1902	4.76E+09
1903	4.76E+09
1904	4.76E+09
1905	4.76E+09
1906	4.77E+09
1907	4.77E+09
1908	4.77E+09
1909	4.77E+09
1910	4.78E+09
1911	4.78E+09
1912	4.78E+09
1913	4.78E+09
1914	4.79E+09
1915	4.79E+09
1916	4.79E+09
1917	4.79E+09
1918	4.80E+09
1919	4.80E+09
1920	4.80E+09
1921	4.80E+09
1922	4.81E+09
1923	4.81E+09
1924	4.81E+09
1925	4.81E+09
1926	4.82E+09
1927	4.82E+09
1928	4.82E+09
1929	4.82E+09
1930	4.83E+09
1931	4.83E+09
1932	4.83E+09
1933	4.83E+09
1934	4.84E+09
1935	4.84E+09
1936	4.84E+09
1937	4.84E+09
1938	4.85E+09
1939	4.85E+09
1940	4.85E+09
1941	4.85E+09
1942	4.86E+09
1943	4.86E+09
1944	4.86E+09
1945	4.86E+09
1946	4.87E+09
1947	4.87E+09
1948	4.87E+09
1949	4.87E+09
1950	4.88E+09
1951	4.88E+09
1952	4.88E+09
1953	4.88E+09
1954	4.89E+09
1955	4.89E+09
1956	4.89E+09
1957	4.89E+09
1958	4.90E+09
1959	4.90E+09
1960	4.90E+09
1961	4.90E+09
1962	4.91E+09
1963	4.91E+09
1964	4.91E+09
1965	4.91E+09
1966	4.92E+09
1967	4.92E+09
1968	4.92E+09
1969	4.92E+09
1970	4.93E+09
1971	4.93E+09
1972	4.93E+09
1973	4.93E+09
1974	4.94E+09
1975	4.94E+09
1976	4.94E+09
1977	4.94E+09
1978	4.95E+09
1979	4.95E+09
1980	4.95E+09
1981	4.95E+09
1982	4.96E+09
1983	4.96E+09
1984	4.96E+09
1985	4.96E+09
1986	4.97E+09
1987	4.97E+09
1988	4.97E+09
1989	4.97E+09
1990	4.98E+09
1991	4.98E+09
1992	4.98E+09
1993	4.98E+09
1994	4.99E+09
1995	4.99E+09
1996	4.99E+09
1997	4.99E+09
1998	5.00E+09
1999	5.00E+09
2000	5.00E+09
2001	5.00E+09
2002	5.01E+09
2003	5.01E+09
2004	5.01E+09
2005	5.01E+09
2006	5.02E+09
2007	5.02E+09
2008	5.02E+09
2009	5.02E+09
2010	5.03E+09
2011	5.03E+09
2012	5.03E+09
2013	5.03E+09
2014	5.04E+09
2015	5.04E+09
2016	5.04E+09
2017	5.04E+09
2018	5.05E+09
2019	5.05E+09
2020	5.05E+09
2021	5.05E+09
2022	5.06E+09
2023	5.06E+09
2024	5.06E+09
2025	5.06E+09
2026	5.07E+09
2027	5.07E+09
2028	5.07E+09
2029	5.07E+09
2030	5.08E+09
2031	5.08E+09
2032	5.08E+09
2033	5.08E+09
2034	5.09E+09
2035	5.09E+09
2036	5.09E+09
2037	5.09E+09
2038	5.10E+09
2039	5.10E+09
2040	5.10E+09
2041	5.10E+09
2042	5.11E+09
2043	5.11E+09
2044	5.11E+09
2045	5.11E+09
2046	5.12E+09
2047	5.12E+09
2048	5.12E+09
2049	5.12E+09
2050	5.13E+09
2051	5.13E+09
2052	5.13E+09
2053	5.13E+09
2054	5.14E+09
2055	5.14E+09
2056	5.14E+09
2057	5.14E+09
2058	5.15E+09
2059	5.15E+09
2060	5.15E+09
2061	5.15E+09
2062	5.16E+09
2063	5.16E+09
2064	5.16E+09
2065	5.16E+09
2066	5.17E+09
2067	5.17E+09
2068	5.17E+09
2069	5.17E+09
2070	5.18E+09
2071	5.18E+09
2072	5.18E+09
2073	5.18E+09
2074	5.19E+09
2075	5.19E+09
2076	5.19E+09
2077	5.19E+09
2078	5.20E+09
2079	5.20E+09
2080	5.20E+09
2081	5.20E+09
2082	5.21E+09
2083	5.21E+09
2084	5.21E+09
2085	5.21E+09
2086	5.22E+09
2087	5.22E+09
2088	5.22E+09
2089	5.22E+09
2090	5.23E+09
2091	5.23E+09
2092	5.23E+09
2093	5.23E+09
2094	5.24E+09
2095	5.24E+09
2096	5.24E+09
2097	5.24E+09
2098	5.25E+09
2099	5.25E+09
2100	5.25E+09
2101	5.25E+09
2102	5.26E+09
2103	5.26E+09
2104	5.26E+09
2105	5.26E+09
2106	5.27E+09
2107	5.27E+09
2108	5.27E+09
2109	5.27E+09
2110	5.28E+09
2111	5.28E+09
2112	5.28E+09
2113	5.28E+09
2114	5.29E+09
2115	5.29E+09
2116	5.29E+09
2117	5.29E+09
2118	5.30E+09
2119	5.30E+09
2120	5.30E+09
2121	5.30E+09
2122	5.31E+09
2123	5.31E+09
2124	5.31E+09
2125	5.31E+09
2126	5.32E+09
2127	5.32E+09
2128	5.32E+09
2129	5.32E+09
2130	5.33E+09
2131	5.33E+09
2132	5.33E+09
2133	5.33E+09
2134	5.34E+09
2135	5.34E+09
2136	5.34E+09
2137	5.34E+09
2138	5.35E+09
2139	5.35E+09
2140	5.35E+09
2141	5.35E+09
2142	5.36E+09
2143	5.36E+09
2144	5.36E+09
2145	5.36E+09
2146	5.37E+09
2147	5.37E+09
2148	5.37E+09
2149	5.37E+09
2150	5.38E+09
2151	5.38E+09
2152	5.38E+09
2153	5.38E+09
2154	5.39E+09
2155	5.39E+09
2156	5.39E+09
2157	5.39E+09
2158	5.40E+09
2159	5.40E+09
2160	5.40E+09
2161	5.40E+09
2162	5.41E+09
2163	5.41E+09
2164	5.41E+09
2165	5.41E+09
2166	5.42E+09
2167	5.42E+09
2168	5.42E+09
2169	5.42E+09
2170	5.43E+09
2171	5.43E+09
2172	5.43E+09
2173	5.43E+09
2174	5.44E+09
2175	5.44E+09
2176	5.44E+09
2177	5.44E+09
2178	5.45E+09
2179	5.45E+09
2180	5.45E+09
2181	5.45E+09
2182	5.46E+09
2183	5.46E+09
2184	5.46E+09
2185	5.46E+09
2186	5.47E+09
2187	5.47E+09
2188	5.47E+09
2189	5.47E+09
2190	5.48E+09
2191	5.48E+09
2192	5.48E+09
2193	5.48E+09
2194	5.49E+09
2195	5.49E+09
2196	5.49E+09
2197	5.49E+09
2198	5.50E+09
2199	5.50E+09
2200	5.50E+09
2201	5.50E+09
2202	5.51E+09
2203	5.51E+09
2204	5.51E+09
2205	5.51E+09
2206	5.52E+09
2207	5.52E+09
2208	5.52E+09
2209	5.52E+09
2210	5.53E+09
2211	5.53E+09
2212	5.53E+09
2213	5.53E+09
2214	5.54E+09
2215	5.54E+09
2216	5.54E+09
2217	5.54E+09
2218	5.55E+09
2219	5.55E+09
2220	5.55E+09
2221	5.55E+09
2222	5.56E+09
2223	5.56E+09
2224	5.56E+09
2225	5.56E+09
2226	5.57E+09
2227	5.57E+09
2228	5.57E+09
2229	5.57E+09
2230	5.58E+09
2231	5.58E+09
2232	5.58E+09
2233	5.58E+09
2234	5.59E+09
2235	5.59E+09
2236	5.59E+09
2237	5.59E+09
2238	5.60E+09
2239	5.60E+09
2240	5.60E+09
2241	5.60E+09
2242	5.61E+09
2243	5.61E+09
2244	5.61E+09
2245	5.61E+09
2246	5.62E+09
2247	5.62E+09
2248	5.62E+09
2249	5.62E+09
2250	5.63E+09
2251	5.63E+09
2252	5.63E+09
2253	5.63E+09
2254	5.64E+09
2255	5.64E+09
2256	5.64E+09
2257	5.64E+09
2258	5.65E+09
2259	5.65E+09
2260	5.65E+09
2261	5.65E+09
2262	5.66E+09
2263	5.66E+09
2264	5.66E+09
2265	5.66E+09
2266	5.67E+09
2267	5.67E+09
2268	5.67E+09
2269	5.67E+09
2270	5.68E+09
2271	5.68E+09
2272	5.68E+09
2273	5.68E+09
2274	5.69E+09
2275	5.69E+09
2276	5.69E+09
2277	5.69E+09
2278	5.70E+09
2279	5.70E+09
2280	5.70E+09
2281	5.70E+09
2282	5.71E+09
2283	5.71E+09
2284	5.71E+09
2285	5.71E+09
2286	5.72E+09
2287	5.72E+09
2288	5.72E+09
2289	5.72E+09
2290	5.73E+09
2291	5.73E+09
2292	5.73E+09
2293	5.73E+09
2294	5.74E+09
2295	5.74E+09
2296	5.74E+09
2297	5.74E+09
2298	5.75E+09
2299	5.75E+09
2300	5.75E+09
2301	5.75E+09
2302	5.76E+09
2303	5.76E+09
2304	5.76E+09
2305	5.76E+09
2306	5.77E+09
2307	5.77E+09
2308	5.77E+09
2309	5.77E+09
2310	5.78E+09
2311	5.78E+09
2312	5.78E+09
2313	5.78E+09
2314	5.79E+09
2315	5.79E+09
2316	5.79E+09
2317	5.79E+09
2318	5.80E+09
2319	5.80E+09
2320	5.80E+09
2321	5.80E+09
2322	5.81E+09
2323	5.81E+09
2324	5.81E+09
2325	5.81E+09
2326	5.82E+09
2327	5.82E+09
2328	5.82E+09
2329	5.82E+09
2330	5.83E+09
2331	5.83E+09
2332	5.83E+09
2333	5.83E+09
2334	5.84E+09
2335	5.84E+09
2336	5.84E+09
2337	5.84E+09
2338	5.85E+09
2339	5.85E+09
2340	5.85E+09
2341	5.85E+09
2342	5.86E+09
2343	5.86E+09
2344	5.86E+09
2345	5.86E+09
2346	5.87E+09
2347	5.87E+09
2348	5.87E+09
2349	5.87E+09
2350	5.88E+09
2351	5.88E+09
2352	5.88E+09
2353	5.88E+09
2354	5.89E+09
2355	5.89E+09
2356	5.89E+09
2357	5.89E+09
2358	5.90E+09
2359	5.90E+09
2360	5.90E+09
2361	5.90E+09
2362	5.91E+09
2363	5.91E+09
2364	5.91E+09
2365	5.91E+09
2366	5.92E+09
2367	5.92E+09
2368	5.92E+09
2369	5.92E+09
2370	5.93E+09
2371	5.93E+09
2372	5.93E+09
2373	5.93E+09
2374	5.94E+09
2375	5.94E+09
2376	5.94E+09
2377	5.94E+09
2378	5.95E+09
2379	5.95E+09
2380	5.95E+09
2381	5.95E+09
2382	5.96E+09
2383	5.96E+09
2384	5.96E+09
2385	5.96E+09
2386	5.97E+09
2387	5.97E+09
2388	5.97E+09
2389	5.97E+09
2390	5.98E+09
2391	5.98E+09
2392	5.98E+09
2393	5.98E+09
2394	5.99E+09
2395	5.99E+09
2396	5.99E+09
2397	5.99E+09
2398	6.00E+09
2399	6.00E+09
2400	6.00E+09
2401	6.00E+09
2402	6.01E+09
2403	6.01E+09
2404	6.01E+09
2405	6.01E+09
2406	6.02E+09
2407	6.02E+09
2408	6.02E+09
2409	6.02E+09
2410	6.03E+09
2411	6.03E+09
2412	6.03E+09
2413	6.03E+09
2414	6.04E+09
2415	6.04E+09
2416	6.04E+09
2417	6.04E+09
2418	6.05E+09
2419	6.05E+09
2420	6.05E+09
2421	6.05E+09
2422	6.06E+09
2423	6.06E+09
2424	6.06E+09
2425	6.06E+09
2426	6.07E+09
2427	6.07E+09
2428	6.07E+09
2429	6.07E+09
2430	6.08E+09
2431	6.08E+09
2432	6.08E+09
2433	6.08E+09
2434	6.09E+09
2435	6.09E+09
2436	6.09E+09
2437	6.09E+09
2438	6.10E+09
2439	6.10E+09
2440	6.10E+09
2441	6.10E+09
2442	6.11E+09
2443	6.11E+09
2444	6.11E+09
2445	6.11E+09
2446	6.12E+09
2447	6.12E+09
2448	6.12E+09
2449	6.12E+09
2450	6.13E+09
2451	6.13E+09
2452	6.13E+09
2453	6.13E+09
2454	6.14E+09
2455	6.14E+09
2456	6.14E+09
2457	6.14E+09
2458	6.15E+09
2459	6.15E+09
2460	6.15E+09
2461	6.15E+09
2462	6.16E+09
2463	6.16E+09
2464	6.16E+09
2465	6.16E+09
2466	6.17E+09
2467	6.17E+09
2468	6.17E+09
2469	6.17E+09
2470	6.18E+09
2471	6.18E+09
2472	6.18E+09
2473	6.18E+09
2474	6.19E+09
2475	6.19E+09
2476	6.19E+09
2477	6.19E+09
2478	6.20E+09
2479	6.20E+09
2480	6.20E+09
2481	6.20E+09
2482	6.21E+09
2483	6.21E+09
2484	6.21E+09
2485	6.21E+09
2486	6.22E+09
2487	6.22E+09
2488	6.22E+09
2489	6.22E+09
2490	6.23E+09
2491	6.23E+09
2492	6.23E+09
2493	6.23E+09
2494	6.24E+09
2495	6.24E+09
2496	6.24E+09
2497	6.24E+09
2498	6.25E+09
2499	6.25E+09
2500	6.25E+09
