Independent Variable - Plot	Dependent Variable - Plot
0	0
1	3.82E+06
2	7.64E+06
3	1.15E+07
4	1.53E+07
5	1.91E+07
6	2.29E+07
7	2.67E+07
8	3.06E+07
9	3.44E+07
10	3.82E+07
11	4.20E+07
12	4.58E+07
13	4.97E+07
14	5.35E+07
15	5.73E+07
16	6.11E+07
17	6.49E+07
18	6.87E+07
19	7.26E+07
20	7.64E+07
21	8.02E+07
22	8.40E+07
23	8.78E+07
24	9.17E+07
25	9.55E+07
26	9.93E+07
27	1.03E+08
28	1.07E+08
29	1.11E+08
30	1.15E+08
31	1.18E+08
32	1.22E+08
33	1.26E+08
34	1.30E+08
35	1.34E+08
36	1.37E+08
37	1.41E+08
38	1.45E+08
39	1.49E+08
40	1.53E+08
41	1.57E+08
42	1.60E+08
43	1.64E+08
44	1.68E+08
45	1.72E+08
46	1.76E+08
47	1.80E+08
48	1.83E+08
49	1.87E+08
50	1.91E+08
51	1.95E+08
52	1.99E+08
53	2.02E+08
54	2.06E+08
55	2.10E+08
56	2.14E+08
57	2.18E+08
58	2.22E+08
59	2.25E+08
60	2.29E+08
61	2.33E+08
62	2.37E+08
63	2.41E+08
64	2.44E+08
65	2.48E+08
66	2.52E+08
67	2.56E+08
68	2.60E+08
69	2.64E+08
70	2.67E+08
71	2.71E+08
72	2.75E+08
73	2.79E+08
74	2.83E+08
75	2.86E+08
76	2.90E+08
77	2.94E+08
78	2.98E+08
79	3.02E+08
80	3.06E+08
81	3.09E+08
82	3.13E+08
83	3.17E+08
84	3.21E+08
85	3.25E+08
86	3.28E+08
87	3.32E+08
88	3.36E+08
89	3.40E+08
90	3.44E+08
91	3.48E+08
92	3.51E+08
93	3.55E+08
94	3.59E+08
95	3.63E+08
96	3.67E+08
97	3.70E+08
98	3.74E+08
99	3.78E+08
100	3.82E+08
101	3.86E+08
102	3.90E+08
103	3.93E+08
104	3.97E+08
105	4.01E+08
106	4.05E+08
107	4.09E+08
108	4.12E+08
109	4.16E+08
110	4.20E+08
111	4.24E+08
112	4.28E+08
113	4.32E+08
114	4.35E+08
115	4.39E+08
116	4.43E+08
117	4.47E+08
118	4.51E+08
119	4.55E+08
120	4.58E+08
121	4.62E+08
122	4.66E+08
123	4.70E+08
124	4.74E+08
125	4.77E+08
126	4.81E+08
127	4.85E+08
128	4.89E+08
129	4.93E+08
130	4.97E+08
131	5.00E+08
132	5.04E+08
133	5.08E+08
134	5.12E+08
135	5.16E+08
136	5.19E+08
137	5.23E+08
138	5.27E+08
139	5.31E+08
140	5.35E+08
141	5.39E+08
142	5.42E+08
143	5.46E+08
144	5.50E+08
145	5.54E+08
146	5.58E+08
147	5.61E+08
148	5.65E+08
149	5.69E+08
150	5.73E+08
151	5.77E+08
152	5.81E+08
153	5.84E+08
154	5.88E+08
155	5.92E+08
156	5.96E+08
157	6.00E+08
158	6.03E+08
159	6.07E+08
160	6.11E+08
161	6.15E+08
162	6.19E+08
163	6.23E+08
164	6.26E+08
165	6.30E+08
166	6.34E+08
167	6.38E+08
168	6.42E+08
169	6.45E+08
170	6.49E+08
171	6.53E+08
172	6.57E+08
173	6.61E+08
174	6.65E+08
175	6.68E+08
176	6.72E+08
177	6.76E+08
178	6.80E+08
179	6.84E+08
180	6.87E+08
181	6.91E+08
182	6.95E+08
183	6.99E+08
184	7.03E+08
185	7.07E+08
186	7.10E+08
187	7.14E+08
188	7.18E+08
189	7.22E+08
190	7.26E+08
191	7.29E+08
192	7.33E+08
193	7.37E+08
194	7.41E+08
195	7.45E+08
196	7.49E+08
197	7.52E+08
198	7.56E+08
199	7.60E+08
200	7.64E+08
201	7.68E+08
202	7.72E+08
203	7.75E+08
204	7.79E+08
205	7.83E+08
206	7.87E+08
207	7.91E+08
208	7.94E+08
209	7.98E+08
210	8.02E+08
211	8.06E+08
212	8.10E+08
213	8.14E+08
214	8.17E+08
215	8.21E+08
216	8.25E+08
217	8.29E+08
218	8.33E+08
219	8.36E+08
220	8.40E+08
221	8.44E+08
222	8.48E+08
223	8.52E+08
224	8.56E+08
225	8.59E+08
226	8.63E+08
227	8.67E+08
228	8.71E+08
229	8.75E+08
230	8.78E+08
231	8.82E+08
232	8.86E+08
233	8.90E+08
234	8.94E+08
235	8.98E+08
236	9.01E+08
237	9.05E+08
238	9.09E+08
239	9.13E+08
240	9.17E+08
241	9.20E+08
242	9.24E+08
243	9.28E+08
244	9.32E+08
245	9.36E+08
246	9.40E+08
247	9.43E+08
248	9.47E+08
249	9.51E+08
250	9.55E+08
251	9.59E+08
252	9.62E+08
253	9.66E+08
254	9.70E+08
255	9.74E+08
256	9.78E+08
257	9.82E+08
258	9.85E+08
259	9.89E+08
260	9.93E+08
261	9.97E+08
262	1.00E+09
263	1.00E+09
264	1.01E+09
265	1.01E+09
266	1.02E+09
267	1.02E+09
268	1.02E+09
269	1.03E+09
270	1.03E+09
271	1.04E+09
272	1.04E+09
273	1.04E+09
274	1.05E+09
275	1.05E+09
276	1.05E+09
277	1.06E+09
278	1.06E+09
279	1.07E+09
280	1.07E+09
281	1.07E+09
282	1.08E+09
283	1.08E+09
284	1.08E+09
285	1.09E+09
286	1.09E+09
287	1.10E+09
288	1.10E+09
289	1.10E+09
290	1.11E+09
291	1.11E+09
292	1.12E+09
293	1.12E+09
294	1.12E+09
295	1.13E+09
296	1.13E+09
297	1.13E+09
298	1.14E+09
299	1.14E+09
300	1.15E+09
301	1.15E+09
302	1.15E+09
303	1.16E+09
304	1.16E+09
305	1.16E+09
306	1.17E+09
307	1.17E+09
308	1.18E+09
309	1.18E+09
310	1.18E+09
311	1.19E+09
312	1.19E+09
313	1.20E+09
314	1.20E+09
315	1.20E+09
316	1.21E+09
317	1.21E+09
318	1.21E+09
319	1.22E+09
320	1.22E+09
321	1.23E+09
322	1.23E+09
323	1.23E+09
324	1.24E+09
325	1.24E+09
326	1.25E+09
327	1.25E+09
328	1.25E+09
329	1.26E+09
330	1.26E+09
331	1.26E+09
332	1.27E+09
333	1.27E+09
334	1.28E+09
335	1.28E+09
336	1.28E+09
337	1.29E+09
338	1.29E+09
339	1.29E+09
340	1.30E+09
341	1.30E+09
342	1.31E+09
343	1.31E+09
344	1.31E+09
345	1.32E+09
346	1.32E+09
347	1.33E+09
348	1.33E+09
349	1.33E+09
350	1.34E+09
351	1.34E+09
352	1.34E+09
353	1.35E+09
354	1.35E+09
355	1.36E+09
356	1.36E+09
357	1.36E+09
358	1.37E+09
359	1.37E+09
360	1.37E+09
361	1.38E+09
362	1.38E+09
363	1.39E+09
364	1.39E+09
365	1.39E+09
366	1.40E+09
367	1.40E+09
368	1.41E+09
369	1.41E+09
370	1.41E+09
371	1.42E+09
372	1.42E+09
373	1.42E+09
374	1.43E+09
375	1.43E+09
376	1.44E+09
377	1.44E+09
378	1.44E+09
379	1.45E+09
380	1.45E+09
381	1.46E+09
382	1.46E+09
383	1.46E+09
384	1.47E+09
385	1.47E+09
386	1.47E+09
387	1.48E+09
388	1.48E+09
389	1.49E+09
390	1.49E+09
391	1.49E+09
392	1.50E+09
393	1.50E+09
394	1.50E+09
395	1.51E+09
396	1.51E+09
397	1.52E+09
398	1.52E+09
399	1.52E+09
400	1.53E+09
401	1.53E+09
402	1.54E+09
403	1.54E+09
404	1.54E+09
405	1.55E+09
406	1.55E+09
407	1.55E+09
408	1.56E+09
409	1.56E+09
410	1.57E+09
411	1.57E+09
412	1.57E+09
413	1.58E+09
414	1.58E+09
415	1.59E+09
416	1.59E+09
417	1.59E+09
418	1.60E+09
419	1.60E+09
420	1.60E+09
421	1.61E+09
422	1.61E+09
423	1.62E+09
424	1.62E+09
425	1.62E+09
426	1.63E+09
427	1.63E+09
428	1.63E+09
429	1.64E+09
430	1.64E+09
431	1.65E+09
432	1.65E+09
433	1.65E+09
434	1.66E+09
435	1.66E+09
436	1.67E+09
437	1.67E+09
438	1.67E+09
439	1.68E+09
440	1.68E+09
441	1.68E+09
442	1.69E+09
443	1.69E+09
444	1.70E+09
445	1.70E+09
446	1.70E+09
447	1.71E+09
448	1.71E+09
449	1.71E+09
450	1.72E+09
451	1.72E+09
452	1.73E+09
453	1.73E+09
454	1.73E+09
455	1.74E+09
456	1.74E+09
457	1.75E+09
458	1.75E+09
459	1.75E+09
460	1.76E+09
461	1.76E+09
462	1.76E+09
463	1.77E+09
464	1.77E+09
465	1.78E+09
466	1.78E+09
467	1.78E+09
468	1.79E+09
469	1.79E+09
470	1.80E+09
471	1.80E+09
472	1.80E+09
473	1.81E+09
474	1.81E+09
475	1.81E+09
476	1.82E+09
477	1.82E+09
478	1.83E+09
479	1.83E+09
480	1.83E+09
481	1.84E+09
482	1.84E+09
483	1.84E+09
484	1.85E+09
485	1.85E+09
486	1.86E+09
487	1.86E+09
488	1.86E+09
489	1.87E+09
490	1.87E+09
491	1.88E+09
492	1.88E+09
493	1.88E+09
494	1.89E+09
495	1.89E+09
496	1.89E+09
497	1.90E+09
498	1.90E+09
499	1.91E+09
500	1.91E+09
501	1.91E+09
502	1.92E+09
503	1.92E+09
504	1.92E+09
505	1.93E+09
506	1.93E+09
507	1.94E+09
508	1.94E+09
509	1.94E+09
510	1.95E+09
511	1.95E+09
512	1.96E+09
513	1.96E+09
514	1.96E+09
515	1.97E+09
516	1.97E+09
517	1.97E+09
518	1.98E+09
519	1.98E+09
520	1.99E+09
521	1.99E+09
522	1.99E+09
523	2.00E+09
524	2.00E+09
525	2.01E+09
526	2.01E+09
527	2.01E+09
528	2.02E+09
529	2.02E+09
530	2.02E+09
531	2.03E+09
532	2.03E+09
533	2.04E+09
534	2.04E+09
535	2.04E+09
536	2.05E+09
537	2.05E+09
538	2.05E+09
539	2.06E+09
540	2.06E+09
541	2.07E+09
542	2.07E+09
543	2.07E+09
544	2.08E+09
545	2.08E+09
546	2.09E+09
547	2.09E+09
548	2.09E+09
549	2.10E+09
550	2.10E+09
551	2.10E+09
552	2.11E+09
553	2.11E+09
554	2.12E+09
555	2.12E+09
556	2.12E+09
557	2.13E+09
558	2.13E+09
559	2.14E+09
560	2.14E+09
561	2.14E+09
562	2.15E+09
563	2.15E+09
564	2.15E+09
565	2.16E+09
566	2.16E+09
567	2.17E+09
568	2.17E+09
569	2.17E+09
570	2.18E+09
571	2.18E+09
572	2.18E+09
573	2.19E+09
574	2.19E+09
575	2.20E+09
576	2.20E+09
577	2.20E+09
578	2.21E+09
579	2.21E+09
580	2.22E+09
581	2.22E+09
582	2.22E+09
583	2.23E+09
584	2.23E+09
585	2.23E+09
586	2.24E+09
587	2.24E+09
588	2.25E+09
589	2.25E+09
590	2.25E+09
591	2.26E+09
592	2.26E+09
593	2.26E+09
594	2.27E+09
595	2.27E+09
596	2.28E+09
597	2.28E+09
598	2.28E+09
599	2.29E+09
600	2.29E+09
601	2.30E+09
602	2.30E+09
603	2.30E+09
604	2.31E+09
605	2.31E+09
606	2.31E+09
607	2.32E+09
608	2.32E+09
609	2.33E+09
610	2.33E+09
611	2.33E+09
612	2.34E+09
613	2.34E+09
614	2.35E+09
615	2.35E+09
616	2.35E+09
617	2.36E+09
618	2.36E+09
619	2.36E+09
620	2.37E+09
621	2.37E+09
622	2.38E+09
623	2.38E+09
624	2.38E+09
625	2.39E+09
626	2.39E+09
627	2.39E+09
628	2.40E+09
629	2.40E+09
630	2.41E+09
631	2.41E+09
632	2.41E+09
633	2.42E+09
634	2.42E+09
635	2.43E+09
636	2.43E+09
637	2.43E+09
638	2.44E+09
639	2.44E+09
640	2.44E+09
641	2.45E+09
642	2.45E+09
643	2.46E+09
644	2.46E+09
645	2.46E+09
646	2.47E+09
647	2.47E+09
648	2.47E+09
649	2.48E+09
650	2.48E+09
651	2.49E+09
652	2.49E+09
653	2.49E+09
654	2.50E+09
655	2.50E+09
656	2.51E+09
657	2.51E+09
658	2.51E+09
659	2.52E+09
660	2.52E+09
661	2.52E+09
662	2.53E+09
663	2.53E+09
664	2.54E+09
665	2.54E+09
666	2.54E+09
667	2.55E+09
668	2.55E+09
669	2.56E+09
670	2.56E+09
671	2.56E+09
672	2.57E+09
673	2.57E+09
674	2.57E+09
675	2.58E+09
676	2.58E+09
677	2.59E+09
678	2.59E+09
679	2.59E+09
680	2.60E+09
681	2.60E+09
682	2.60E+09
683	2.61E+09
684	2.61E+09
685	2.62E+09
686	2.62E+09
687	2.62E+09
688	2.63E+09
689	2.63E+09
690	2.64E+09
691	2.64E+09
692	2.64E+09
693	2.65E+09
694	2.65E+09
695	2.65E+09
696	2.66E+09
697	2.66E+09
698	2.67E+09
699	2.67E+09
700	2.67E+09
701	2.68E+09
702	2.68E+09
703	2.69E+09
704	2.69E+09
705	2.69E+09
706	2.70E+09
707	2.70E+09
708	2.70E+09
709	2.71E+09
710	2.71E+09
711	2.72E+09
712	2.72E+09
713	2.72E+09
714	2.73E+09
715	2.73E+09
716	2.73E+09
717	2.74E+09
718	2.74E+09
719	2.75E+09
720	2.75E+09
721	2.75E+09
722	2.76E+09
723	2.76E+09
724	2.77E+09
725	2.77E+09
726	2.77E+09
727	2.78E+09
728	2.78E+09
729	2.78E+09
730	2.79E+09
731	2.79E+09
732	2.80E+09
733	2.80E+09
734	2.80E+09
735	2.81E+09
736	2.81E+09
737	2.81E+09
738	2.82E+09
739	2.82E+09
740	2.83E+09
741	2.83E+09
742	2.83E+09
743	2.84E+09
744	2.84E+09
745	2.85E+09
746	2.85E+09
747	2.85E+09
748	2.86E+09
749	2.86E+09
750	2.86E+09
751	2.87E+09
752	2.87E+09
753	2.88E+09
754	2.88E+09
755	2.88E+09
756	2.89E+09
757	2.89E+09
758	2.90E+09
759	2.90E+09
760	2.90E+09
761	2.91E+09
762	2.91E+09
763	2.91E+09
764	2.92E+09
765	2.92E+09
766	2.93E+09
767	2.93E+09
768	2.93E+09
769	2.94E+09
770	2.94E+09
771	2.94E+09
772	2.95E+09
773	2.95E+09
774	2.96E+09
775	2.96E+09
776	2.96E+09
777	2.97E+09
778	2.97E+09
779	2.98E+09
780	2.98E+09
781	2.98E+09
782	2.99E+09
783	2.99E+09
784	2.99E+09
785	3.00E+09
786	3.00E+09
787	3.01E+09
788	3.01E+09
789	3.01E+09
790	3.02E+09
791	3.02E+09
792	3.02E+09
793	3.03E+09
794	3.03E+09
795	3.04E+09
796	3.04E+09
797	3.04E+09
798	3.05E+09
799	3.05E+09
800	3.06E+09
801	3.06E+09
802	3.06E+09
803	3.07E+09
804	3.07E+09
805	3.07E+09
806	3.08E+09
807	3.08E+09
808	3.09E+09
809	3.09E+09
810	3.09E+09
811	3.10E+09
812	3.10E+09
813	3.11E+09
814	3.11E+09
815	3.11E+09
816	3.12E+09
817	3.12E+09
818	3.12E+09
819	3.13E+09
820	3.13E+09
821	3.14E+09
822	3.14E+09
823	3.14E+09
824	3.15E+09
825	3.15E+09
826	3.15E+09
827	3.16E+09
828	3.16E+09
829	3.17E+09
830	3.17E+09
831	3.17E+09
832	3.18E+09
833	3.18E+09
834	3.19E+09
835	3.19E+09
836	3.19E+09
837	3.20E+09
838	3.20E+09
839	3.20E+09
840	3.21E+09
841	3.21E+09
842	3.22E+09
843	3.22E+09
844	3.22E+09
845	3.23E+09
846	3.23E+09
847	3.24E+09
848	3.24E+09
849	3.24E+09
850	3.25E+09
851	3.25E+09
852	3.25E+09
853	3.26E+09
854	3.26E+09
855	3.27E+09
856	3.27E+09
857	3.27E+09
858	3.28E+09
859	3.28E+09
860	3.28E+09
861	3.29E+09
862	3.29E+09
863	3.30E+09
864	3.30E+09
865	3.30E+09
866	3.31E+09
867	3.31E+09
868	3.32E+09
869	3.32E+09
870	3.32E+09
871	3.33E+09
872	3.33E+09
873	3.33E+09
874	3.34E+09
875	3.34E+09
876	3.35E+09
877	3.35E+09
878	3.35E+09
879	3.36E+09
880	3.36E+09
881	3.36E+09
882	3.37E+09
883	3.37E+09
884	3.38E+09
885	3.38E+09
886	3.38E+09
887	3.39E+09
888	3.39E+09
889	3.40E+09
890	3.40E+09
891	3.40E+09
892	3.41E+09
893	3.41E+09
894	3.41E+09
895	3.42E+09
896	3.42E+09
897	3.43E+09
898	3.43E+09
899	3.43E+09
900	3.44E+09
901	3.44E+09
902	3.45E+09
903	3.45E+09
904	3.45E+09
905	3.46E+09
906	3.46E+09
907	3.46E+09
908	3.47E+09
909	3.47E+09
910	3.48E+09
911	3.48E+09
912	3.48E+09
913	3.49E+09
914	3.49E+09
915	3.49E+09
916	3.50E+09
917	3.50E+09
918	3.51E+09
919	3.51E+09
920	3.51E+09
921	3.52E+09
922	3.52E+09
923	3.53E+09
924	3.53E+09
925	3.53E+09
926	3.54E+09
927	3.54E+09
928	3.54E+09
929	3.55E+09
930	3.55E+09
931	3.56E+09
932	3.56E+09
933	3.56E+09
934	3.57E+09
935	3.57E+09
936	3.57E+09
937	3.58E+09
938	3.58E+09
939	3.59E+09
940	3.59E+09
941	3.59E+09
942	3.60E+09
943	3.60E+09
944	3.61E+09
945	3.61E+09
946	3.61E+09
947	3.62E+09
948	3.62E+09
949	3.62E+09
950	3.63E+09
951	3.63E+09
952	3.64E+09
953	3.64E+09
954	3.64E+09
955	3.65E+09
956	3.65E+09
957	3.66E+09
958	3.66E+09
959	3.66E+09
960	3.67E+09
961	3.67E+09
962	3.67E+09
963	3.68E+09
964	3.68E+09
965	3.69E+09
966	3.69E+09
967	3.69E+09
968	3.70E+09
969	3.70E+09
970	3.70E+09
971	3.71E+09
972	3.71E+09
973	3.72E+09
974	3.72E+09
975	3.72E+09
976	3.73E+09
977	3.73E+09
978	3.74E+09
979	3.74E+09
980	3.74E+09
981	3.75E+09
982	3.75E+09
983	3.75E+09
984	3.76E+09
985	3.76E+09
986	3.77E+09
987	3.77E+09
988	3.77E+09
989	3.78E+09
990	3.78E+09
991	3.78E+09
992	3.79E+09
993	3.79E+09
994	3.80E+09
995	3.80E+09
996	3.80E+09
997	3.81E+09
998	3.81E+09
999	3.82E+09
1000	3.82E+09
1001	3.82E+09
1002	3.83E+09
1003	3.83E+09
1004	3.83E+09
1005	3.84E+09
1006	3.84E+09
1007	3.85E+09
1008	3.85E+09
1009	3.85E+09
1010	3.86E+09
1011	3.86E+09
1012	3.87E+09
1013	3.87E+09
1014	3.87E+09
1015	3.88E+09
1016	3.88E+09
1017	3.88E+09
1018	3.89E+09
1019	3.89E+09
1020	3.90E+09
1021	3.90E+09
1022	3.90E+09
1023	3.91E+09
1024	3.91E+09
1025	3.91E+09
1026	3.92E+09
1027	3.92E+09
1028	3.93E+09
1029	3.93E+09
1030	3.93E+09
1031	3.94E+09
1032	3.94E+09
1033	3.95E+09
1034	3.95E+09
1035	3.95E+09
1036	3.96E+09
1037	3.96E+09
1038	3.96E+09
1039	3.97E+09
1040	3.97E+09
1041	3.98E+09
1042	3.98E+09
1043	3.98E+09
1044	3.99E+09
1045	3.99E+09
1046	4.00E+09
1047	4.00E+09
1048	4.00E+09
1049	4.01E+09
1050	4.01E+09
1051	4.01E+09
1052	4.02E+09
1053	4.02E+09
1054	4.03E+09
1055	4.03E+09
1056	4.03E+09
1057	4.04E+09
1058	4.04E+09
1059	4.04E+09
1060	4.05E+09
1061	4.05E+09
1062	4.06E+09
1063	4.06E+09
1064	4.06E+09
1065	4.07E+09
1066	4.07E+09
1067	4.08E+09
1068	4.08E+09
1069	4.08E+09
1070	4.09E+09
1071	4.09E+09
1072	4.09E+09
1073	4.10E+09
1074	4.10E+09
1075	4.11E+09
1076	4.11E+09
1077	4.11E+09
1078	4.12E+09
1079	4.12E+09
1080	4.12E+09
1081	4.13E+09
1082	4.13E+09
1083	4.14E+09
1084	4.14E+09
1085	4.14E+09
1086	4.15E+09
1087	4.15E+09
1088	4.16E+09
1089	4.16E+09
1090	4.16E+09
1091	4.17E+09
1092	4.17E+09
1093	4.17E+09
1094	4.18E+09
1095	4.18E+09
1096	4.19E+09
1097	4.19E+09
1098	4.19E+09
1099	4.20E+09
1100	4.20E+09
1101	4.21E+09
1102	4.21E+09
1103	4.21E+09
1104	4.22E+09
1105	4.22E+09
1106	4.22E+09
1107	4.23E+09
1108	4.23E+09
1109	4.24E+09
1110	4.24E+09
1111	4.24E+09
1112	4.25E+09
1113	4.25E+09
1114	4.25E+09
1115	4.26E+09
1116	4.26E+09
1117	4.27E+09
1118	4.27E+09
1119	4.27E+09
1120	4.28E+09
1121	4.28E+09
1122	4.29E+09
1123	4.29E+09
1124	4.29E+09
1125	4.30E+09
1126	4.30E+09
1127	4.30E+09
1128	4.31E+09
1129	4.31E+09
1130	4.32E+09
1131	4.32E+09
1132	4.32E+09
1133	4.33E+09
1134	4.33E+09
1135	4.33E+09
1136	4.34E+09
1137	4.34E+09
1138	4.35E+09
1139	4.35E+09
1140	4.35E+09
1141	4.36E+09
1142	4.36E+09
1143	4.37E+09
1144	4.37E+09
1145	4.37E+09
1146	4.38E+09
1147	4.38E+09
1148	4.38E+09
1149	4.39E+09
1150	4.39E+09
1151	4.40E+09
1152	4.40E+09
1153	4.40E+09
1154	4.41E+09
1155	4.41E+09
1156	4.42E+09
1157	4.42E+09
1158	4.42E+09
1159	4.43E+09
1160	4.43E+09
1161	4.43E+09
1162	4.44E+09
1163	4.44E+09
1164	4.45E+09
1165	4.45E+09
1166	4.45E+09
1167	4.46E+09
1168	4.46E+09
1169	4.46E+09
1170	4.47E+09
1171	4.47E+09
1172	4.48E+09
1173	4.48E+09
1174	4.48E+09
1175	4.49E+09
1176	4.49E+09
1177	4.50E+09
1178	4.50E+09
1179	4.50E+09
1180	4.51E+09
1181	4.51E+09
1182	4.51E+09
1183	4.52E+09
1184	4.52E+09
1185	4.53E+09
1186	4.53E+09
1187	4.53E+09
1188	4.54E+09
1189	4.54E+09
1190	4.55E+09
1191	4.55E+09
1192	4.55E+09
1193	4.56E+09
1194	4.56E+09
1195	4.56E+09
1196	4.57E+09
1197	4.57E+09
1198	4.58E+09
1199	4.58E+09
1200	4.58E+09
1201	4.59E+09
1202	4.59E+09
1203	4.59E+09
1204	4.60E+09
1205	4.60E+09
1206	4.61E+09
1207	4.61E+09
1208	4.61E+09
1209	4.62E+09
1210	4.62E+09
1211	4.63E+09
1212	4.63E+09
1213	4.63E+09
1214	4.64E+09
1215	4.64E+09
1216	4.64E+09
1217	4.65E+09
1218	4.65E+09
1219	4.66E+09
1220	4.66E+09
1221	4.66E+09
1222	4.67E+09
1223	4.67E+09
1224	4.67E+09
1225	4.68E+09
1226	4.68E+09
1227	4.69E+09
1228	4.69E+09
1229	4.69E+09
1230	4.70E+09
1231	4.70E+09
1232	4.71E+09
1233	4.71E+09
1234	4.71E+09
1235	4.72E+09
1236	4.72E+09
1237	4.72E+09
1238	4.73E+09
1239	4.73E+09
1240	4.74E+09
1241	4.74E+09
1242	4.74E+09
1243	4.75E+09
1244	4.75E+09
1245	4.76E+09
1246	4.76E+09
1247	4.76E+09
1248	4.77E+09
1249	4.77E+09
1250	4.77E+09
1251	4.78E+09
1252	4.78E+09
1253	4.79E+09
1254	4.79E+09
1255	4.79E+09
1256	4.80E+09
1257	4.80E+09
1258	4.80E+09
1259	4.81E+09
1260	4.81E+09
1261	4.82E+09
1262	4.82E+09
1263	4.82E+09
1264	4.83E+09
1265	4.83E+09
1266	4.84E+09
1267	4.84E+09
1268	4.84E+09
1269	4.85E+09
1270	4.85E+09
1271	4.85E+09
1272	4.86E+09
1273	4.86E+09
1274	4.87E+09
1275	4.87E+09
1276	4.87E+09
1277	4.88E+09
1278	4.88E+09
1279	4.88E+09
1280	4.89E+09
1281	4.89E+09
1282	4.90E+09
1283	4.90E+09
1284	4.90E+09
1285	4.91E+09
1286	4.91E+09
1287	4.92E+09
1288	4.92E+09
1289	4.92E+09
1290	4.93E+09
1291	4.93E+09
1292	4.93E+09
1293	4.94E+09
1294	4.94E+09
1295	4.95E+09
1296	4.95E+09
1297	4.95E+09
1298	4.96E+09
1299	4.96E+09
1300	4.97E+09
1301	4.97E+09
1302	4.97E+09
1303	4.98E+09
1304	4.98E+09
1305	4.98E+09
1306	4.99E+09
1307	4.99E+09
1308	5.00E+09
1309	5.00E+09
1310	5.00E+09
1311	5.01E+09
1312	5.01E+09
1313	5.01E+09
1314	5.02E+09
1315	5.02E+09
1316	5.03E+09
1317	5.03E+09
1318	5.03E+09
1319	5.04E+09
1320	5.04E+09
1321	5.05E+09
1322	5.05E+09
1323	5.05E+09
1324	5.06E+09
1325	5.06E+09
1326	5.06E+09
1327	5.07E+09
1328	5.07E+09
1329	5.08E+09
1330	5.08E+09
1331	5.08E+09
1332	5.09E+09
1333	5.09E+09
1334	5.10E+09
1335	5.10E+09
1336	5.10E+09
1337	5.11E+09
1338	5.11E+09
1339	5.11E+09
1340	5.12E+09
1341	5.12E+09
1342	5.13E+09
1343	5.13E+09
1344	5.13E+09
1345	5.14E+09
1346	5.14E+09
1347	5.14E+09
1348	5.15E+09
1349	5.15E+09
1350	5.16E+09
1351	5.16E+09
1352	5.16E+09
1353	5.17E+09
1354	5.17E+09
1355	5.18E+09
1356	5.18E+09
1357	5.18E+09
1358	5.19E+09
1359	5.19E+09
1360	5.19E+09
1361	5.20E+09
1362	5.20E+09
1363	5.21E+09
1364	5.21E+09
1365	5.21E+09
1366	5.22E+09
1367	5.22E+09
1368	5.22E+09
1369	5.23E+09
1370	5.23E+09
1371	5.24E+09
1372	5.24E+09
1373	5.24E+09
1374	5.25E+09
1375	5.25E+09
1376	5.26E+09
1377	5.26E+09
1378	5.26E+09
1379	5.27E+09
1380	5.27E+09
1381	5.27E+09
1382	5.28E+09
1383	5.28E+09
1384	5.29E+09
1385	5.29E+09
1386	5.29E+09
1387	5.30E+09
1388	5.30E+09
1389	5.31E+09
1390	5.31E+09
1391	5.31E+09
1392	5.32E+09
1393	5.32E+09
1394	5.32E+09
1395	5.33E+09
1396	5.33E+09
1397	5.34E+09
1398	5.34E+09
1399	5.34E+09
1400	5.35E+09
1401	5.35E+09
1402	5.35E+09
1403	5.36E+09
1404	5.36E+09
1405	5.37E+09
1406	5.37E+09
1407	5.37E+09
1408	5.38E+09
1409	5.38E+09
1410	5.39E+09
1411	5.39E+09
1412	5.39E+09
1413	5.40E+09
1414	5.40E+09
1415	5.40E+09
1416	5.41E+09
1417	5.41E+09
1418	5.42E+09
1419	5.42E+09
1420	5.42E+09
1421	5.43E+09
1422	5.43E+09
1423	5.43E+09
1424	5.44E+09
1425	5.44E+09
1426	5.45E+09
1427	5.45E+09
1428	5.45E+09
1429	5.46E+09
1430	5.46E+09
1431	5.47E+09
1432	5.47E+09
1433	5.47E+09
1434	5.48E+09
1435	5.48E+09
1436	5.48E+09
1437	5.49E+09
1438	5.49E+09
1439	5.50E+09
1440	5.50E+09
1441	5.50E+09
1442	5.51E+09
1443	5.51E+09
1444	5.52E+09
1445	5.52E+09
1446	5.52E+09
1447	5.53E+09
1448	5.53E+09
1449	5.53E+09
1450	5.54E+09
1451	5.54E+09
1452	5.55E+09
1453	5.55E+09
1454	5.55E+09
1455	5.56E+09
1456	5.56E+09
1457	5.56E+09
1458	5.57E+09
1459	5.57E+09
1460	5.58E+09
1461	5.58E+09
1462	5.58E+09
1463	5.59E+09
1464	5.59E+09
1465	5.60E+09
1466	5.60E+09
1467	5.60E+09
1468	5.61E+09
1469	5.61E+09
1470	5.61E+09
1471	5.62E+09
1472	5.62E+09
1473	5.63E+09
1474	5.63E+09
1475	5.63E+09
1476	5.64E+09
1477	5.64E+09
1478	5.65E+09
1479	5.65E+09
1480	5.65E+09
1481	5.66E+09
1482	5.66E+09
1483	5.66E+09
1484	5.67E+09
1485	5.67E+09
1486	5.68E+09
1487	5.68E+09
1488	5.68E+09
1489	5.69E+09
1490	5.69E+09
1491	5.69E+09
1492	5.70E+09
1493	5.70E+09
1494	5.71E+09
1495	5.71E+09
1496	5.71E+09
1497	5.72E+09
1498	5.72E+09
1499	5.73E+09
1500	5.73E+09
1501	5.73E+09
1502	5.74E+09
1503	5.74E+09
1504	5.74E+09
1505	5.75E+09
1506	5.75E+09
1507	5.76E+09
1508	5.76E+09
1509	5.76E+09
1510	5.77E+09
1511	5.77E+09
1512	5.77E+09
1513	5.78E+09
1514	5.78E+09
1515	5.79E+09
1516	5.79E+09
1517	5.79E+09
1518	5.80E+09
1519	5.80E+09
1520	5.81E+09
1521	5.81E+09
1522	5.81E+09
1523	5.82E+09
1524	5.82E+09
1525	5.82E+09
1526	5.83E+09
1527	5.83E+09
1528	5.84E+09
1529	5.84E+09
1530	5.84E+09
1531	5.85E+09
1532	5.85E+09
1533	5.86E+09
1534	5.86E+09
1535	5.86E+09
1536	5.87E+09
1537	5.87E+09
1538	5.87E+09
1539	5.88E+09
1540	5.88E+09
1541	5.89E+09
1542	5.89E+09
1543	5.89E+09
1544	5.90E+09
1545	5.90E+09
1546	5.90E+09
1547	5.91E+09
1548	5.91E+09
1549	5.92E+09
1550	5.92E+09
1551	5.92E+09
1552	5.93E+09
1553	5.93E+09
1554	5.94E+09
1555	5.94E+09
1556	5.94E+09
1557	5.95E+09
1558	5.95E+09
1559	5.95E+09
1560	5.96E+09
1561	5.96E+09
1562	5.97E+09
1563	5.97E+09
1564	5.97E+09
1565	5.98E+09
1566	5.98E+09
1567	5.98E+09
1568	5.99E+09
1569	5.99E+09
1570	6.00E+09
1571	6.00E+09
1572	6.00E+09
1573	6.01E+09
1574	6.01E+09
1575	6.02E+09
1576	6.02E+09
1577	6.02E+09
1578	6.03E+09
1579	6.03E+09
1580	6.03E+09
1581	6.04E+09
1582	6.04E+09
1583	6.05E+09
1584	6.05E+09
1585	6.05E+09
1586	6.06E+09
1587	6.06E+09
1588	6.07E+09
1589	6.07E+09
1590	6.07E+09
1591	6.08E+09
1592	6.08E+09
1593	6.08E+09
1594	6.09E+09
1595	6.09E+09
1596	6.10E+09
1597	6.10E+09
1598	6.10E+09
1599	6.11E+09
1600	6.11E+09
1601	6.11E+09
1602	6.12E+09
1603	6.12E+09
1604	6.13E+09
1605	6.13E+09
1606	6.13E+09
1607	6.14E+09
1608	6.14E+09
1609	6.15E+09
1610	6.15E+09
1611	6.15E+09
1612	6.16E+09
1613	6.16E+09
1614	6.16E+09
1615	6.17E+09
1616	6.17E+09
1617	6.18E+09
1618	6.18E+09
1619	6.18E+09
1620	6.19E+09
1621	6.19E+09
1622	6.20E+09
1623	6.20E+09
1624	6.20E+09
1625	6.21E+09
1626	6.21E+09
1627	6.21E+09
1628	6.22E+09
1629	6.22E+09
1630	6.23E+09
1631	6.23E+09
1632	6.23E+09
1633	6.24E+09
1634	6.24E+09
1635	6.24E+09
1636	6.25E+09
1637	6.25E+09
1638	6.26E+09
1639	6.26E+09
1640	6.26E+09
1641	6.27E+09
1642	6.27E+09
1643	6.28E+09
1644	6.28E+09
1645	6.28E+09
1646	6.29E+09
1647	6.29E+09
1648	6.29E+09
1649	6.30E+09
1650	6.30E+09
1651	6.31E+09
1652	6.31E+09
1653	6.31E+09
1654	6.32E+09
1655	6.32E+09
1656	6.32E+09
1657	6.33E+09
1658	6.33E+09
1659	6.34E+09
1660	6.34E+09
1661	6.34E+09
1662	6.35E+09
1663	6.35E+09
1664	6.36E+09
1665	6.36E+09
1666	6.36E+09
1667	6.37E+09
1668	6.37E+09
1669	6.37E+09
1670	6.38E+09
1671	6.38E+09
1672	6.39E+09
1673	6.39E+09
1674	6.39E+09
1675	6.40E+09
1676	6.40E+09
1677	6.41E+09
1678	6.41E+09
1679	6.41E+09
1680	6.42E+09
1681	6.42E+09
1682	6.42E+09
1683	6.43E+09
1684	6.43E+09
1685	6.44E+09
1686	6.44E+09
1687	6.44E+09
1688	6.45E+09
1689	6.45E+09
1690	6.45E+09
1691	6.46E+09
1692	6.46E+09
1693	6.47E+09
1694	6.47E+09
1695	6.47E+09
1696	6.48E+09
1697	6.48E+09
1698	6.49E+09
1699	6.49E+09
1700	6.49E+09
1701	6.50E+09
1702	6.50E+09
1703	6.50E+09
1704	6.51E+09
1705	6.51E+09
1706	6.52E+09
1707	6.52E+09
1708	6.52E+09
1709	6.53E+09
1710	6.53E+09
1711	6.53E+09
1712	6.54E+09
1713	6.54E+09
1714	6.55E+09
1715	6.55E+09
1716	6.55E+09
1717	6.56E+09
1718	6.56E+09
1719	6.57E+09
1720	6.57E+09
1721	6.57E+09
1722	6.58E+09
1723	6.58E+09
1724	6.58E+09
1725	6.59E+09
1726	6.59E+09
1727	6.60E+09
1728	6.60E+09
1729	6.60E+09
1730	6.61E+09
1731	6.61E+09
1732	6.62E+09
1733	6.62E+09
1734	6.62E+09
1735	6.63E+09
1736	6.63E+09
1737	6.63E+09
1738	6.64E+09
1739	6.64E+09
1740	6.65E+09
1741	6.65E+09
1742	6.65E+09
1743	6.66E+09
1744	6.66E+09
1745	6.66E+09
1746	6.67E+09
1747	6.67E+09
1748	6.68E+09
1749	6.68E+09
1750	6.68E+09
1751	6.69E+09
1752	6.69E+09
1753	6.70E+09
1754	6.70E+09
1755	6.70E+09
1756	6.71E+09
1757	6.71E+09
1758	6.71E+09
1759	6.72E+09
1760	6.72E+09
1761	6.73E+09
1762	6.73E+09
1763	6.73E+09
1764	6.74E+09
1765	6.74E+09
1766	6.74E+09
1767	6.75E+09
1768	6.75E+09
1769	6.76E+09
1770	6.76E+09
1771	6.76E+09
1772	6.77E+09
1773	6.77E+09
1774	6.78E+09
1775	6.78E+09
1776	6.78E+09
1777	6.79E+09
1778	6.79E+09
1779	6.79E+09
1780	6.80E+09
1781	6.80E+09
1782	6.81E+09
1783	6.81E+09
1784	6.81E+09
1785	6.82E+09
1786	6.82E+09
1787	6.83E+09
1788	6.83E+09
1789	6.83E+09
1790	6.84E+09
1791	6.84E+09
1792	6.84E+09
1793	6.85E+09
1794	6.85E+09
1795	6.86E+09
1796	6.86E+09
1797	6.86E+09
1798	6.87E+09
1799	6.87E+09
1800	6.87E+09
1801	6.88E+09
1802	6.88E+09
1803	6.89E+09
1804	6.89E+09
1805	6.89E+09
1806	6.90E+09
1807	6.90E+09
1808	6.91E+09
1809	6.91E+09
1810	6.91E+09
1811	6.92E+09
1812	6.92E+09
1813	6.92E+09
1814	6.93E+09
1815	6.93E+09
1816	6.94E+09
1817	6.94E+09
1818	6.94E+09
1819	6.95E+09
1820	6.95E+09
1821	6.96E+09
1822	6.96E+09
1823	6.96E+09
1824	6.97E+09
1825	6.97E+09
1826	6.97E+09
1827	6.98E+09
1828	6.98E+09
1829	6.99E+09
1830	6.99E+09
1831	6.99E+09
1832	7.00E+09
1833	7.00E+09
1834	7.00E+09
1835	7.01E+09
1836	7.01E+09
1837	7.02E+09
1838	7.02E+09
1839	7.02E+09
1840	7.03E+09
1841	7.03E+09
1842	7.04E+09
1843	7.04E+09
1844	7.04E+09
1845	7.05E+09
1846	7.05E+09
1847	7.05E+09
1848	7.06E+09
1849	7.06E+09
1850	7.07E+09
1851	7.07E+09
1852	7.07E+09
1853	7.08E+09
1854	7.08E+09
1855	7.08E+09
1856	7.09E+09
1857	7.09E+09
1858	7.10E+09
1859	7.10E+09
1860	7.10E+09
1861	7.11E+09
1862	7.11E+09
1863	7.12E+09
1864	7.12E+09
1865	7.12E+09
1866	7.13E+09
1867	7.13E+09
1868	7.13E+09
1869	7.14E+09
1870	7.14E+09
1871	7.15E+09
1872	7.15E+09
1873	7.15E+09
1874	7.16E+09
1875	7.16E+09
1876	7.17E+09
1877	7.17E+09
1878	7.17E+09
1879	7.18E+09
1880	7.18E+09
1881	7.18E+09
1882	7.19E+09
1883	7.19E+09
1884	7.20E+09
1885	7.20E+09
1886	7.20E+09
1887	7.21E+09
1888	7.21E+09
1889	7.21E+09
1890	7.22E+09
1891	7.22E+09
1892	7.23E+09
1893	7.23E+09
1894	7.23E+09
1895	7.24E+09
1896	7.24E+09
1897	7.25E+09
1898	7.25E+09
1899	7.25E+09
1900	7.26E+09
1901	7.26E+09
1902	7.26E+09
1903	7.27E+09
1904	7.27E+09
1905	7.28E+09
1906	7.28E+09
1907	7.28E+09
1908	7.29E+09
1909	7.29E+09
1910	7.29E+09
1911	7.30E+09
1912	7.30E+09
1913	7.31E+09
1914	7.31E+09
1915	7.31E+09
1916	7.32E+09
1917	7.32E+09
1918	7.33E+09
1919	7.33E+09
1920	7.33E+09
1921	7.34E+09
1922	7.34E+09
1923	7.34E+09
1924	7.35E+09
1925	7.35E+09
1926	7.36E+09
1927	7.36E+09
1928	7.36E+09
1929	7.37E+09
1930	7.37E+09
1931	7.38E+09
1932	7.38E+09
1933	7.38E+09
1934	7.39E+09
1935	7.39E+09
1936	7.39E+09
1937	7.40E+09
1938	7.40E+09
1939	7.41E+09
1940	7.41E+09
1941	7.41E+09
1942	7.42E+09
1943	7.42E+09
1944	7.42E+09
1945	7.43E+09
1946	7.43E+09
1947	7.44E+09
1948	7.44E+09
1949	7.44E+09
1950	7.45E+09
1951	7.45E+09
1952	7.46E+09
1953	7.46E+09
1954	7.46E+09
1955	7.47E+09
1956	7.47E+09
1957	7.47E+09
1958	7.48E+09
1959	7.48E+09
1960	7.49E+09
1961	7.49E+09
1962	7.49E+09
1963	7.50E+09
1964	7.50E+09
1965	7.51E+09
1966	7.51E+09
1967	7.51E+09
1968	7.52E+09
1969	7.52E+09
1970	7.52E+09
1971	7.53E+09
1972	7.53E+09
1973	7.54E+09
1974	7.54E+09
1975	7.54E+09
1976	7.55E+09
1977	7.55E+09
1978	7.55E+09
1979	7.56E+09
1980	7.56E+09
1981	7.57E+09
1982	7.57E+09
1983	7.57E+09
1984	7.58E+09
1985	7.58E+09
1986	7.59E+09
1987	7.59E+09
1988	7.59E+09
1989	7.60E+09
1990	7.60E+09
1991	7.60E+09
1992	7.61E+09
1993	7.61E+09
1994	7.62E+09
1995	7.62E+09
1996	7.62E+09
1997	7.63E+09
1998	7.63E+09
1999	7.63E+09
2000	7.64E+09
2001	7.64E+09
2002	7.65E+09
2003	7.65E+09
2004	7.65E+09
2005	7.66E+09
2006	7.66E+09
2007	7.67E+09
2008	7.67E+09
2009	7.67E+09
2010	7.68E+09
2011	7.68E+09
2012	7.68E+09
2013	7.69E+09
2014	7.69E+09
2015	7.70E+09
2016	7.70E+09
2017	7.70E+09
2018	7.71E+09
2019	7.71E+09
2020	7.72E+09
2021	7.72E+09
2022	7.72E+09
2023	7.73E+09
2024	7.73E+09
2025	7.73E+09
2026	7.74E+09
2027	7.74E+09
2028	7.75E+09
2029	7.75E+09
2030	7.75E+09
2031	7.76E+09
2032	7.76E+09
2033	7.76E+09
2034	7.77E+09
2035	7.77E+09
2036	7.78E+09
2037	7.78E+09
2038	7.78E+09
2039	7.79E+09
2040	7.79E+09
2041	7.80E+09
2042	7.80E+09
2043	7.80E+09
2044	7.81E+09
2045	7.81E+09
2046	7.81E+09
2047	7.82E+09
2048	7.82E+09
2049	7.83E+09
2050	7.83E+09
2051	7.83E+09
2052	7.84E+09
2053	7.84E+09
2054	7.84E+09
2055	7.85E+09
2056	7.85E+09
2057	7.86E+09
2058	7.86E+09
2059	7.86E+09
2060	7.87E+09
2061	7.87E+09
2062	7.88E+09
2063	7.88E+09
2064	7.88E+09
2065	7.89E+09
2066	7.89E+09
2067	7.89E+09
2068	7.90E+09
2069	7.90E+09
2070	7.91E+09
2071	7.91E+09
2072	7.91E+09
2073	7.92E+09
2074	7.92E+09
2075	7.93E+09
2076	7.93E+09
2077	7.93E+09
2078	7.94E+09
2079	7.94E+09
2080	7.94E+09
2081	7.95E+09
2082	7.95E+09
2083	7.96E+09
2084	7.96E+09
2085	7.96E+09
2086	7.97E+09
2087	7.97E+09
2088	7.97E+09
2089	7.98E+09
2090	7.98E+09
2091	7.99E+09
2092	7.99E+09
2093	7.99E+09
2094	8.00E+09
2095	8.00E+09
2096	8.01E+09
2097	8.01E+09
2098	8.01E+09
2099	8.02E+09
2100	8.02E+09
2101	8.02E+09
2102	8.03E+09
2103	8.03E+09
2104	8.04E+09
2105	8.04E+09
2106	8.04E+09
2107	8.05E+09
2108	8.05E+09
2109	8.06E+09
2110	8.06E+09
2111	8.06E+09
2112	8.07E+09
2113	8.07E+09
2114	8.07E+09
2115	8.08E+09
2116	8.08E+09
2117	8.09E+09
2118	8.09E+09
2119	8.09E+09
2120	8.10E+09
2121	8.10E+09
2122	8.10E+09
2123	8.11E+09
2124	8.11E+09
2125	8.12E+09
2126	8.12E+09
2127	8.12E+09
2128	8.13E+09
2129	8.13E+09
2130	8.14E+09
2131	8.14E+09
2132	8.14E+09
2133	8.15E+09
2134	8.15E+09
2135	8.15E+09
2136	8.16E+09
2137	8.16E+09
2138	8.17E+09
2139	8.17E+09
2140	8.17E+09
2141	8.18E+09
2142	8.18E+09
2143	8.18E+09
2144	8.19E+09
2145	8.19E+09
2146	8.20E+09
2147	8.20E+09
2148	8.20E+09
2149	8.21E+09
2150	8.21E+09
2151	8.22E+09
2152	8.22E+09
2153	8.22E+09
2154	8.23E+09
2155	8.23E+09
2156	8.23E+09
2157	8.24E+09
2158	8.24E+09
2159	8.25E+09
2160	8.25E+09
2161	8.25E+09
2162	8.26E+09
2163	8.26E+09
2164	8.27E+09
2165	8.27E+09
2166	8.27E+09
2167	8.28E+09
2168	8.28E+09
2169	8.28E+09
2170	8.29E+09
2171	8.29E+09
2172	8.30E+09
2173	8.30E+09
2174	8.30E+09
2175	8.31E+09
2176	8.31E+09
2177	8.31E+09
2178	8.32E+09
2179	8.32E+09
2180	8.33E+09
2181	8.33E+09
2182	8.33E+09
2183	8.34E+09
2184	8.34E+09
2185	8.35E+09
2186	8.35E+09
2187	8.35E+09
2188	8.36E+09
2189	8.36E+09
2190	8.36E+09
2191	8.37E+09
2192	8.37E+09
2193	8.38E+09
2194	8.38E+09
2195	8.38E+09
2196	8.39E+09
2197	8.39E+09
2198	8.39E+09
2199	8.40E+09
2200	8.40E+09
2201	8.41E+09
2202	8.41E+09
2203	8.41E+09
2204	8.42E+09
2205	8.42E+09
2206	8.43E+09
2207	8.43E+09
2208	8.43E+09
2209	8.44E+09
2210	8.44E+09
2211	8.44E+09
2212	8.45E+09
2213	8.45E+09
2214	8.46E+09
2215	8.46E+09
2216	8.46E+09
2217	8.47E+09
2218	8.47E+09
2219	8.48E+09
2220	8.48E+09
2221	8.48E+09
2222	8.49E+09
2223	8.49E+09
2224	8.49E+09
2225	8.50E+09
2226	8.50E+09
2227	8.51E+09
2228	8.51E+09
2229	8.51E+09
2230	8.52E+09
2231	8.52E+09
2232	8.52E+09
2233	8.53E+09
2234	8.53E+09
2235	8.54E+09
2236	8.54E+09
2237	8.54E+09
2238	8.55E+09
2239	8.55E+09
2240	8.56E+09
2241	8.56E+09
2242	8.56E+09
2243	8.57E+09
2244	8.57E+09
2245	8.57E+09
2246	8.58E+09
2247	8.58E+09
2248	8.59E+09
2249	8.59E+09
2250	8.59E+09
2251	8.60E+09
2252	8.60E+09
2253	8.61E+09
2254	8.61E+09
2255	8.61E+09
2256	8.62E+09
2257	8.62E+09
2258	8.62E+09
2259	8.63E+09
2260	8.63E+09
2261	8.64E+09
2262	8.64E+09
2263	8.64E+09
2264	8.65E+09
2265	8.65E+09
2266	8.65E+09
2267	8.66E+09
2268	8.66E+09
2269	8.67E+09
2270	8.67E+09
2271	8.67E+09
2272	8.68E+09
2273	8.68E+09
2274	8.69E+09
2275	8.69E+09
2276	8.69E+09
2277	8.70E+09
2278	8.70E+09
2279	8.70E+09
2280	8.71E+09
2281	8.71E+09
2282	8.72E+09
2283	8.72E+09
2284	8.72E+09
2285	8.73E+09
2286	8.73E+09
2287	8.73E+09
2288	8.74E+09
2289	8.74E+09
2290	8.75E+09
2291	8.75E+09
2292	8.75E+09
2293	8.76E+09
2294	8.76E+09
2295	8.77E+09
2296	8.77E+09
2297	8.77E+09
2298	8.78E+09
2299	8.78E+09
2300	8.78E+09
2301	8.79E+09
2302	8.79E+09
2303	8.80E+09
2304	8.80E+09
2305	8.80E+09
2306	8.81E+09
2307	8.81E+09
2308	8.82E+09
2309	8.82E+09
2310	8.82E+09
2311	8.83E+09
2312	8.83E+09
2313	8.83E+09
2314	8.84E+09
2315	8.84E+09
2316	8.85E+09
2317	8.85E+09
2318	8.85E+09
2319	8.86E+09
2320	8.86E+09
2321	8.86E+09
2322	8.87E+09
2323	8.87E+09
2324	8.88E+09
2325	8.88E+09
2326	8.88E+09
2327	8.89E+09
2328	8.89E+09
2329	8.90E+09
2330	8.90E+09
2331	8.90E+09
2332	8.91E+09
2333	8.91E+09
2334	8.91E+09
2335	8.92E+09
2336	8.92E+09
2337	8.93E+09
2338	8.93E+09
2339	8.93E+09
2340	8.94E+09
2341	8.94E+09
2342	8.94E+09
2343	8.95E+09
2344	8.95E+09
2345	8.96E+09
2346	8.96E+09
2347	8.96E+09
2348	8.97E+09
2349	8.97E+09
2350	8.98E+09
2351	8.98E+09
2352	8.98E+09
2353	8.99E+09
2354	8.99E+09
2355	8.99E+09
2356	9.00E+09
2357	9.00E+09
2358	9.01E+09
2359	9.01E+09
2360	9.01E+09
2361	9.02E+09
2362	9.02E+09
2363	9.03E+09
2364	9.03E+09
2365	9.03E+09
2366	9.04E+09
2367	9.04E+09
2368	9.04E+09
2369	9.05E+09
2370	9.05E+09
2371	9.06E+09
2372	9.06E+09
2373	9.06E+09
2374	9.07E+09
2375	9.07E+09
2376	9.07E+09
2377	9.08E+09
2378	9.08E+09
2379	9.09E+09
2380	9.09E+09
2381	9.09E+09
2382	9.10E+09
2383	9.10E+09
2384	9.11E+09
2385	9.11E+09
2386	9.11E+09
2387	9.12E+09
2388	9.12E+09
2389	9.12E+09
2390	9.13E+09
2391	9.13E+09
2392	9.14E+09
2393	9.14E+09
2394	9.14E+09
2395	9.15E+09
2396	9.15E+09
2397	9.16E+09
2398	9.16E+09
2399	9.16E+09
2400	9.17E+09
2401	9.17E+09
2402	9.17E+09
2403	9.18E+09
2404	9.18E+09
2405	9.19E+09
2406	9.19E+09
2407	9.19E+09
2408	9.20E+09
2409	9.20E+09
2410	9.20E+09
2411	9.21E+09
2412	9.21E+09
2413	9.22E+09
2414	9.22E+09
2415	9.22E+09
2416	9.23E+09
2417	9.23E+09
2418	9.24E+09
2419	9.24E+09
2420	9.24E+09
2421	9.25E+09
2422	9.25E+09
2423	9.25E+09
2424	9.26E+09
2425	9.26E+09
2426	9.27E+09
2427	9.27E+09
2428	9.27E+09
2429	9.28E+09
2430	9.28E+09
2431	9.28E+09
2432	9.29E+09
2433	9.29E+09
2434	9.30E+09
2435	9.30E+09
2436	9.30E+09
2437	9.31E+09
2438	9.31E+09
2439	9.32E+09
2440	9.32E+09
2441	9.32E+09
2442	9.33E+09
2443	9.33E+09
2444	9.33E+09
2445	9.34E+09
2446	9.34E+09
2447	9.35E+09
2448	9.35E+09
2449	9.35E+09
2450	9.36E+09
2451	9.36E+09
2452	9.37E+09
2453	9.37E+09
2454	9.37E+09
2455	9.38E+09
2456	9.38E+09
2457	9.38E+09
2458	9.39E+09
2459	9.39E+09
2460	9.40E+09
2461	9.40E+09
2462	9.40E+09
2463	9.41E+09
2464	9.41E+09
2465	9.41E+09
2466	9.42E+09
2467	9.42E+09
2468	9.43E+09
2469	9.43E+09
2470	9.43E+09
2471	9.44E+09
2472	9.44E+09
2473	9.45E+09
2474	9.45E+09
2475	9.45E+09
2476	9.46E+09
2477	9.46E+09
2478	9.46E+09
2479	9.47E+09
2480	9.47E+09
2481	9.48E+09
2482	9.48E+09
2483	9.48E+09
2484	9.49E+09
2485	9.49E+09
2486	9.49E+09
2487	9.50E+09
2488	9.50E+09
2489	9.51E+09
2490	9.51E+09
2491	9.51E+09
2492	9.52E+09
2493	9.52E+09
2494	9.53E+09
2495	9.53E+09
2496	9.53E+09
2497	9.54E+09
2498	9.54E+09
2499	9.54E+09
2500	9.55E+09
