Independent Variable - Plot	Dependent Variable - Plot
0	0
1	1.37E+06
2	2.74E+06
3	4.11E+06
4	5.48E+06
5	6.86E+06
6	8.23E+06
7	9.60E+06
8	1.10E+07
9	1.23E+07
10	1.37E+07
11	1.51E+07
12	1.65E+07
13	1.78E+07
14	1.92E+07
15	2.06E+07
16	2.19E+07
17	2.33E+07
18	2.47E+07
19	2.61E+07
20	2.74E+07
21	2.88E+07
22	3.02E+07
23	3.15E+07
24	3.29E+07
25	3.43E+07
26	3.56E+07
27	3.70E+07
28	3.84E+07
29	3.98E+07
30	4.11E+07
31	4.25E+07
32	4.39E+07
33	4.52E+07
34	4.66E+07
35	4.80E+07
36	4.94E+07
37	5.07E+07
38	5.21E+07
39	5.35E+07
40	5.48E+07
41	5.62E+07
42	5.76E+07
43	5.90E+07
44	6.03E+07
45	6.17E+07
46	6.31E+07
47	6.44E+07
48	6.58E+07
49	6.72E+07
50	6.86E+07
51	6.99E+07
52	7.13E+07
53	7.27E+07
54	7.40E+07
55	7.54E+07
56	7.68E+07
57	7.82E+07
58	7.95E+07
59	8.09E+07
60	8.23E+07
61	8.36E+07
62	8.50E+07
63	8.64E+07
64	8.77E+07
65	8.91E+07
66	9.05E+07
67	9.19E+07
68	9.32E+07
69	9.46E+07
70	9.60E+07
71	9.73E+07
72	9.87E+07
73	1.00E+08
74	1.01E+08
75	1.03E+08
76	1.04E+08
77	1.06E+08
78	1.07E+08
79	1.08E+08
80	1.10E+08
81	1.11E+08
82	1.12E+08
83	1.14E+08
84	1.15E+08
85	1.17E+08
86	1.18E+08
87	1.19E+08
88	1.21E+08
89	1.22E+08
90	1.23E+08
91	1.25E+08
92	1.26E+08
93	1.28E+08
94	1.29E+08
95	1.30E+08
96	1.32E+08
97	1.33E+08
98	1.34E+08
99	1.36E+08
100	1.37E+08
101	1.38E+08
102	1.40E+08
103	1.41E+08
104	1.43E+08
105	1.44E+08
106	1.45E+08
107	1.47E+08
108	1.48E+08
109	1.49E+08
110	1.51E+08
111	1.52E+08
112	1.54E+08
113	1.55E+08
114	1.56E+08
115	1.58E+08
116	1.59E+08
117	1.60E+08
118	1.62E+08
119	1.63E+08
120	1.65E+08
121	1.66E+08
122	1.67E+08
123	1.69E+08
124	1.70E+08
125	1.71E+08
126	1.73E+08
127	1.74E+08
128	1.75E+08
129	1.77E+08
130	1.78E+08
131	1.80E+08
132	1.81E+08
133	1.82E+08
134	1.84E+08
135	1.85E+08
136	1.86E+08
137	1.88E+08
138	1.89E+08
139	1.91E+08
140	1.92E+08
141	1.93E+08
142	1.95E+08
143	1.96E+08
144	1.97E+08
145	1.99E+08
146	2.00E+08
147	2.02E+08
148	2.03E+08
149	2.04E+08
150	2.06E+08
151	2.07E+08
152	2.08E+08
153	2.10E+08
154	2.11E+08
155	2.13E+08
156	2.14E+08
157	2.15E+08
158	2.17E+08
159	2.18E+08
160	2.19E+08
161	2.21E+08
162	2.22E+08
163	2.23E+08
164	2.25E+08
165	2.26E+08
166	2.28E+08
167	2.29E+08
168	2.30E+08
169	2.32E+08
170	2.33E+08
171	2.34E+08
172	2.36E+08
173	2.37E+08
174	2.39E+08
175	2.40E+08
176	2.41E+08
177	2.43E+08
178	2.44E+08
179	2.45E+08
180	2.47E+08
181	2.48E+08
182	2.50E+08
183	2.51E+08
184	2.52E+08
185	2.54E+08
186	2.55E+08
187	2.56E+08
188	2.58E+08
189	2.59E+08
190	2.61E+08
191	2.62E+08
192	2.63E+08
193	2.65E+08
194	2.66E+08
195	2.67E+08
196	2.69E+08
197	2.70E+08
198	2.71E+08
199	2.73E+08
200	2.74E+08
201	2.76E+08
202	2.77E+08
203	2.78E+08
204	2.80E+08
205	2.81E+08
206	2.82E+08
207	2.84E+08
208	2.85E+08
209	2.87E+08
210	2.88E+08
211	2.89E+08
212	2.91E+08
213	2.92E+08
214	2.93E+08
215	2.95E+08
216	2.96E+08
217	2.98E+08
218	2.99E+08
219	3.00E+08
220	3.02E+08
221	3.03E+08
222	3.04E+08
223	3.06E+08
224	3.07E+08
225	3.08E+08
226	3.10E+08
227	3.11E+08
228	3.13E+08
229	3.14E+08
230	3.15E+08
231	3.17E+08
232	3.18E+08
233	3.19E+08
234	3.21E+08
235	3.22E+08
236	3.24E+08
237	3.25E+08
238	3.26E+08
239	3.28E+08
240	3.29E+08
241	3.30E+08
242	3.32E+08
243	3.33E+08
244	3.35E+08
245	3.36E+08
246	3.37E+08
247	3.39E+08
248	3.40E+08
249	3.41E+08
250	3.43E+08
251	3.44E+08
252	3.46E+08
253	3.47E+08
254	3.48E+08
255	3.50E+08
256	3.51E+08
257	3.52E+08
258	3.54E+08
259	3.55E+08
260	3.56E+08
261	3.58E+08
262	3.59E+08
263	3.61E+08
264	3.62E+08
265	3.63E+08
266	3.65E+08
267	3.66E+08
268	3.67E+08
269	3.69E+08
270	3.70E+08
271	3.72E+08
272	3.73E+08
273	3.74E+08
274	3.76E+08
275	3.77E+08
276	3.78E+08
277	3.80E+08
278	3.81E+08
279	3.83E+08
280	3.84E+08
281	3.85E+08
282	3.87E+08
283	3.88E+08
284	3.89E+08
285	3.91E+08
286	3.92E+08
287	3.94E+08
288	3.95E+08
289	3.96E+08
290	3.98E+08
291	3.99E+08
292	4.00E+08
293	4.02E+08
294	4.03E+08
295	4.04E+08
296	4.06E+08
297	4.07E+08
298	4.09E+08
299	4.10E+08
300	4.11E+08
301	4.13E+08
302	4.14E+08
303	4.15E+08
304	4.17E+08
305	4.18E+08
306	4.20E+08
307	4.21E+08
308	4.22E+08
309	4.24E+08
310	4.25E+08
311	4.26E+08
312	4.28E+08
313	4.29E+08
314	4.31E+08
315	4.32E+08
316	4.33E+08
317	4.35E+08
318	4.36E+08
319	4.37E+08
320	4.39E+08
321	4.40E+08
322	4.41E+08
323	4.43E+08
324	4.44E+08
325	4.46E+08
326	4.47E+08
327	4.48E+08
328	4.50E+08
329	4.51E+08
330	4.52E+08
331	4.54E+08
332	4.55E+08
333	4.57E+08
334	4.58E+08
335	4.59E+08
336	4.61E+08
337	4.62E+08
338	4.63E+08
339	4.65E+08
340	4.66E+08
341	4.68E+08
342	4.69E+08
343	4.70E+08
344	4.72E+08
345	4.73E+08
346	4.74E+08
347	4.76E+08
348	4.77E+08
349	4.79E+08
350	4.80E+08
351	4.81E+08
352	4.83E+08
353	4.84E+08
354	4.85E+08
355	4.87E+08
356	4.88E+08
357	4.89E+08
358	4.91E+08
359	4.92E+08
360	4.94E+08
361	4.95E+08
362	4.96E+08
363	4.98E+08
364	4.99E+08
365	5.00E+08
366	5.02E+08
367	5.03E+08
368	5.05E+08
369	5.06E+08
370	5.07E+08
371	5.09E+08
372	5.10E+08
373	5.11E+08
374	5.13E+08
375	5.14E+08
376	5.16E+08
377	5.17E+08
378	5.18E+08
379	5.20E+08
380	5.21E+08
381	5.22E+08
382	5.24E+08
383	5.25E+08
384	5.26E+08
385	5.28E+08
386	5.29E+08
387	5.31E+08
388	5.32E+08
389	5.33E+08
390	5.35E+08
391	5.36E+08
392	5.37E+08
393	5.39E+08
394	5.40E+08
395	5.42E+08
396	5.43E+08
397	5.44E+08
398	5.46E+08
399	5.47E+08
400	5.48E+08
401	5.50E+08
402	5.51E+08
403	5.53E+08
404	5.54E+08
405	5.55E+08
406	5.57E+08
407	5.58E+08
408	5.59E+08
409	5.61E+08
410	5.62E+08
411	5.64E+08
412	5.65E+08
413	5.66E+08
414	5.68E+08
415	5.69E+08
416	5.70E+08
417	5.72E+08
418	5.73E+08
419	5.74E+08
420	5.76E+08
421	5.77E+08
422	5.79E+08
423	5.80E+08
424	5.81E+08
425	5.83E+08
426	5.84E+08
427	5.85E+08
428	5.87E+08
429	5.88E+08
430	5.90E+08
431	5.91E+08
432	5.92E+08
433	5.94E+08
434	5.95E+08
435	5.96E+08
436	5.98E+08
437	5.99E+08
438	6.01E+08
439	6.02E+08
440	6.03E+08
441	6.05E+08
442	6.06E+08
443	6.07E+08
444	6.09E+08
445	6.10E+08
446	6.12E+08
447	6.13E+08
448	6.14E+08
449	6.16E+08
450	6.17E+08
451	6.18E+08
452	6.20E+08
453	6.21E+08
454	6.22E+08
455	6.24E+08
456	6.25E+08
457	6.27E+08
458	6.28E+08
459	6.29E+08
460	6.31E+08
461	6.32E+08
462	6.33E+08
463	6.35E+08
464	6.36E+08
465	6.38E+08
466	6.39E+08
467	6.40E+08
468	6.42E+08
469	6.43E+08
470	6.44E+08
471	6.46E+08
472	6.47E+08
473	6.49E+08
474	6.50E+08
475	6.51E+08
476	6.53E+08
477	6.54E+08
478	6.55E+08
479	6.57E+08
480	6.58E+08
481	6.59E+08
482	6.61E+08
483	6.62E+08
484	6.64E+08
485	6.65E+08
486	6.66E+08
487	6.68E+08
488	6.69E+08
489	6.70E+08
490	6.72E+08
491	6.73E+08
492	6.75E+08
493	6.76E+08
494	6.77E+08
495	6.79E+08
496	6.80E+08
497	6.81E+08
498	6.83E+08
499	6.84E+08
500	6.86E+08
501	6.87E+08
502	6.88E+08
503	6.90E+08
504	6.91E+08
505	6.92E+08
506	6.94E+08
507	6.95E+08
508	6.97E+08
509	6.98E+08
510	6.99E+08
511	7.01E+08
512	7.02E+08
513	7.03E+08
514	7.05E+08
515	7.06E+08
516	7.07E+08
517	7.09E+08
518	7.10E+08
519	7.12E+08
520	7.13E+08
521	7.14E+08
522	7.16E+08
523	7.17E+08
524	7.18E+08
525	7.20E+08
526	7.21E+08
527	7.23E+08
528	7.24E+08
529	7.25E+08
530	7.27E+08
531	7.28E+08
532	7.29E+08
533	7.31E+08
534	7.32E+08
535	7.34E+08
536	7.35E+08
537	7.36E+08
538	7.38E+08
539	7.39E+08
540	7.40E+08
541	7.42E+08
542	7.43E+08
543	7.44E+08
544	7.46E+08
545	7.47E+08
546	7.49E+08
547	7.50E+08
548	7.51E+08
549	7.53E+08
550	7.54E+08
551	7.55E+08
552	7.57E+08
553	7.58E+08
554	7.60E+08
555	7.61E+08
556	7.62E+08
557	7.64E+08
558	7.65E+08
559	7.66E+08
560	7.68E+08
561	7.69E+08
562	7.71E+08
563	7.72E+08
564	7.73E+08
565	7.75E+08
566	7.76E+08
567	7.77E+08
568	7.79E+08
569	7.80E+08
570	7.82E+08
571	7.83E+08
572	7.84E+08
573	7.86E+08
574	7.87E+08
575	7.88E+08
576	7.90E+08
577	7.91E+08
578	7.92E+08
579	7.94E+08
580	7.95E+08
581	7.97E+08
582	7.98E+08
583	7.99E+08
584	8.01E+08
585	8.02E+08
586	8.03E+08
587	8.05E+08
588	8.06E+08
589	8.08E+08
590	8.09E+08
591	8.10E+08
592	8.12E+08
593	8.13E+08
594	8.14E+08
595	8.16E+08
596	8.17E+08
597	8.19E+08
598	8.20E+08
599	8.21E+08
600	8.23E+08
601	8.24E+08
602	8.25E+08
603	8.27E+08
604	8.28E+08
605	8.30E+08
606	8.31E+08
607	8.32E+08
608	8.34E+08
609	8.35E+08
610	8.36E+08
611	8.38E+08
612	8.39E+08
613	8.40E+08
614	8.42E+08
615	8.43E+08
616	8.45E+08
617	8.46E+08
618	8.47E+08
619	8.49E+08
620	8.50E+08
621	8.51E+08
622	8.53E+08
623	8.54E+08
624	8.56E+08
625	8.57E+08
626	8.58E+08
627	8.60E+08
628	8.61E+08
629	8.62E+08
630	8.64E+08
631	8.65E+08
632	8.67E+08
633	8.68E+08
634	8.69E+08
635	8.71E+08
636	8.72E+08
637	8.73E+08
638	8.75E+08
639	8.76E+08
640	8.77E+08
641	8.79E+08
642	8.80E+08
643	8.82E+08
644	8.83E+08
645	8.84E+08
646	8.86E+08
647	8.87E+08
648	8.88E+08
649	8.90E+08
650	8.91E+08
651	8.93E+08
652	8.94E+08
653	8.95E+08
654	8.97E+08
655	8.98E+08
656	8.99E+08
657	9.01E+08
658	9.02E+08
659	9.04E+08
660	9.05E+08
661	9.06E+08
662	9.08E+08
663	9.09E+08
664	9.10E+08
665	9.12E+08
666	9.13E+08
667	9.15E+08
668	9.16E+08
669	9.17E+08
670	9.19E+08
671	9.20E+08
672	9.21E+08
673	9.23E+08
674	9.24E+08
675	9.25E+08
676	9.27E+08
677	9.28E+08
678	9.30E+08
679	9.31E+08
680	9.32E+08
681	9.34E+08
682	9.35E+08
683	9.36E+08
684	9.38E+08
685	9.39E+08
686	9.41E+08
687	9.42E+08
688	9.43E+08
689	9.45E+08
690	9.46E+08
691	9.47E+08
692	9.49E+08
693	9.50E+08
694	9.52E+08
695	9.53E+08
696	9.54E+08
697	9.56E+08
698	9.57E+08
699	9.58E+08
700	9.60E+08
701	9.61E+08
702	9.62E+08
703	9.64E+08
704	9.65E+08
705	9.67E+08
706	9.68E+08
707	9.69E+08
708	9.71E+08
709	9.72E+08
710	9.73E+08
711	9.75E+08
712	9.76E+08
713	9.78E+08
714	9.79E+08
715	9.80E+08
716	9.82E+08
717	9.83E+08
718	9.84E+08
719	9.86E+08
720	9.87E+08
721	9.89E+08
722	9.90E+08
723	9.91E+08
724	9.93E+08
725	9.94E+08
726	9.95E+08
727	9.97E+08
728	9.98E+08
729	1.00E+09
730	1.00E+09
731	1.00E+09
732	1.00E+09
733	1.01E+09
734	1.01E+09
735	1.01E+09
736	1.01E+09
737	1.01E+09
738	1.01E+09
739	1.01E+09
740	1.01E+09
741	1.02E+09
742	1.02E+09
743	1.02E+09
744	1.02E+09
745	1.02E+09
746	1.02E+09
747	1.02E+09
748	1.03E+09
749	1.03E+09
750	1.03E+09
751	1.03E+09
752	1.03E+09
753	1.03E+09
754	1.03E+09
755	1.04E+09
756	1.04E+09
757	1.04E+09
758	1.04E+09
759	1.04E+09
760	1.04E+09
761	1.04E+09
762	1.04E+09
763	1.05E+09
764	1.05E+09
765	1.05E+09
766	1.05E+09
767	1.05E+09
768	1.05E+09
769	1.05E+09
770	1.06E+09
771	1.06E+09
772	1.06E+09
773	1.06E+09
774	1.06E+09
775	1.06E+09
776	1.06E+09
777	1.07E+09
778	1.07E+09
779	1.07E+09
780	1.07E+09
781	1.07E+09
782	1.07E+09
783	1.07E+09
784	1.07E+09
785	1.08E+09
786	1.08E+09
787	1.08E+09
788	1.08E+09
789	1.08E+09
790	1.08E+09
791	1.08E+09
792	1.09E+09
793	1.09E+09
794	1.09E+09
795	1.09E+09
796	1.09E+09
797	1.09E+09
798	1.09E+09
799	1.10E+09
800	1.10E+09
801	1.10E+09
802	1.10E+09
803	1.10E+09
804	1.10E+09
805	1.10E+09
806	1.11E+09
807	1.11E+09
808	1.11E+09
809	1.11E+09
810	1.11E+09
811	1.11E+09
812	1.11E+09
813	1.11E+09
814	1.12E+09
815	1.12E+09
816	1.12E+09
817	1.12E+09
818	1.12E+09
819	1.12E+09
820	1.12E+09
821	1.13E+09
822	1.13E+09
823	1.13E+09
824	1.13E+09
825	1.13E+09
826	1.13E+09
827	1.13E+09
828	1.14E+09
829	1.14E+09
830	1.14E+09
831	1.14E+09
832	1.14E+09
833	1.14E+09
834	1.14E+09
835	1.14E+09
836	1.15E+09
837	1.15E+09
838	1.15E+09
839	1.15E+09
840	1.15E+09
841	1.15E+09
842	1.15E+09
843	1.16E+09
844	1.16E+09
845	1.16E+09
846	1.16E+09
847	1.16E+09
848	1.16E+09
849	1.16E+09
850	1.17E+09
851	1.17E+09
852	1.17E+09
853	1.17E+09
854	1.17E+09
855	1.17E+09
856	1.17E+09
857	1.18E+09
858	1.18E+09
859	1.18E+09
860	1.18E+09
861	1.18E+09
862	1.18E+09
863	1.18E+09
864	1.18E+09
865	1.19E+09
866	1.19E+09
867	1.19E+09
868	1.19E+09
869	1.19E+09
870	1.19E+09
871	1.19E+09
872	1.20E+09
873	1.20E+09
874	1.20E+09
875	1.20E+09
876	1.20E+09
877	1.20E+09
878	1.20E+09
879	1.21E+09
880	1.21E+09
881	1.21E+09
882	1.21E+09
883	1.21E+09
884	1.21E+09
885	1.21E+09
886	1.21E+09
887	1.22E+09
888	1.22E+09
889	1.22E+09
890	1.22E+09
891	1.22E+09
892	1.22E+09
893	1.22E+09
894	1.23E+09
895	1.23E+09
896	1.23E+09
897	1.23E+09
898	1.23E+09
899	1.23E+09
900	1.23E+09
901	1.24E+09
902	1.24E+09
903	1.24E+09
904	1.24E+09
905	1.24E+09
906	1.24E+09
907	1.24E+09
908	1.24E+09
909	1.25E+09
910	1.25E+09
911	1.25E+09
912	1.25E+09
913	1.25E+09
914	1.25E+09
915	1.25E+09
916	1.26E+09
917	1.26E+09
918	1.26E+09
919	1.26E+09
920	1.26E+09
921	1.26E+09
922	1.26E+09
923	1.27E+09
924	1.27E+09
925	1.27E+09
926	1.27E+09
927	1.27E+09
928	1.27E+09
929	1.27E+09
930	1.28E+09
931	1.28E+09
932	1.28E+09
933	1.28E+09
934	1.28E+09
935	1.28E+09
936	1.28E+09
937	1.28E+09
938	1.29E+09
939	1.29E+09
940	1.29E+09
941	1.29E+09
942	1.29E+09
943	1.29E+09
944	1.29E+09
945	1.30E+09
946	1.30E+09
947	1.30E+09
948	1.30E+09
949	1.30E+09
950	1.30E+09
951	1.30E+09
952	1.31E+09
953	1.31E+09
954	1.31E+09
955	1.31E+09
956	1.31E+09
957	1.31E+09
958	1.31E+09
959	1.31E+09
960	1.32E+09
961	1.32E+09
962	1.32E+09
963	1.32E+09
964	1.32E+09
965	1.32E+09
966	1.32E+09
967	1.33E+09
968	1.33E+09
969	1.33E+09
970	1.33E+09
971	1.33E+09
972	1.33E+09
973	1.33E+09
974	1.34E+09
975	1.34E+09
976	1.34E+09
977	1.34E+09
978	1.34E+09
979	1.34E+09
980	1.34E+09
981	1.35E+09
982	1.35E+09
983	1.35E+09
984	1.35E+09
985	1.35E+09
986	1.35E+09
987	1.35E+09
988	1.35E+09
989	1.36E+09
990	1.36E+09
991	1.36E+09
992	1.36E+09
993	1.36E+09
994	1.36E+09
995	1.36E+09
996	1.37E+09
997	1.37E+09
998	1.37E+09
999	1.37E+09
1000	1.37E+09
1001	1.37E+09
1002	1.37E+09
1003	1.38E+09
1004	1.38E+09
1005	1.38E+09
1006	1.38E+09
1007	1.38E+09
1008	1.38E+09
1009	1.38E+09
1010	1.38E+09
1011	1.39E+09
1012	1.39E+09
1013	1.39E+09
1014	1.39E+09
1015	1.39E+09
1016	1.39E+09
1017	1.39E+09
1018	1.40E+09
1019	1.40E+09
1020	1.40E+09
1021	1.40E+09
1022	1.40E+09
1023	1.40E+09
1024	1.40E+09
1025	1.41E+09
1026	1.41E+09
1027	1.41E+09
1028	1.41E+09
1029	1.41E+09
1030	1.41E+09
1031	1.41E+09
1032	1.41E+09
1033	1.42E+09
1034	1.42E+09
1035	1.42E+09
1036	1.42E+09
1037	1.42E+09
1038	1.42E+09
1039	1.42E+09
1040	1.43E+09
1041	1.43E+09
1042	1.43E+09
1043	1.43E+09
1044	1.43E+09
1045	1.43E+09
1046	1.43E+09
1047	1.44E+09
1048	1.44E+09
1049	1.44E+09
1050	1.44E+09
1051	1.44E+09
1052	1.44E+09
1053	1.44E+09
1054	1.45E+09
1055	1.45E+09
1056	1.45E+09
1057	1.45E+09
1058	1.45E+09
1059	1.45E+09
1060	1.45E+09
1061	1.45E+09
1062	1.46E+09
1063	1.46E+09
1064	1.46E+09
1065	1.46E+09
1066	1.46E+09
1067	1.46E+09
1068	1.46E+09
1069	1.47E+09
1070	1.47E+09
1071	1.47E+09
1072	1.47E+09
1073	1.47E+09
1074	1.47E+09
1075	1.47E+09
1076	1.48E+09
1077	1.48E+09
1078	1.48E+09
1079	1.48E+09
1080	1.48E+09
1081	1.48E+09
1082	1.48E+09
1083	1.48E+09
1084	1.49E+09
1085	1.49E+09
1086	1.49E+09
1087	1.49E+09
1088	1.49E+09
1089	1.49E+09
1090	1.49E+09
1091	1.50E+09
1092	1.50E+09
1093	1.50E+09
1094	1.50E+09
1095	1.50E+09
1096	1.50E+09
1097	1.50E+09
1098	1.51E+09
1099	1.51E+09
1100	1.51E+09
1101	1.51E+09
1102	1.51E+09
1103	1.51E+09
1104	1.51E+09
1105	1.52E+09
1106	1.52E+09
1107	1.52E+09
1108	1.52E+09
1109	1.52E+09
1110	1.52E+09
1111	1.52E+09
1112	1.52E+09
1113	1.53E+09
1114	1.53E+09
1115	1.53E+09
1116	1.53E+09
1117	1.53E+09
1118	1.53E+09
1119	1.53E+09
1120	1.54E+09
1121	1.54E+09
1122	1.54E+09
1123	1.54E+09
1124	1.54E+09
1125	1.54E+09
1126	1.54E+09
1127	1.55E+09
1128	1.55E+09
1129	1.55E+09
1130	1.55E+09
1131	1.55E+09
1132	1.55E+09
1133	1.55E+09
1134	1.55E+09
1135	1.56E+09
1136	1.56E+09
1137	1.56E+09
1138	1.56E+09
1139	1.56E+09
1140	1.56E+09
1141	1.56E+09
1142	1.57E+09
1143	1.57E+09
1144	1.57E+09
1145	1.57E+09
1146	1.57E+09
1147	1.57E+09
1148	1.57E+09
1149	1.58E+09
1150	1.58E+09
1151	1.58E+09
1152	1.58E+09
1153	1.58E+09
1154	1.58E+09
1155	1.58E+09
1156	1.58E+09
1157	1.59E+09
1158	1.59E+09
1159	1.59E+09
1160	1.59E+09
1161	1.59E+09
1162	1.59E+09
1163	1.59E+09
1164	1.60E+09
1165	1.60E+09
1166	1.60E+09
1167	1.60E+09
1168	1.60E+09
1169	1.60E+09
1170	1.60E+09
1171	1.61E+09
1172	1.61E+09
1173	1.61E+09
1174	1.61E+09
1175	1.61E+09
1176	1.61E+09
1177	1.61E+09
1178	1.62E+09
1179	1.62E+09
1180	1.62E+09
1181	1.62E+09
1182	1.62E+09
1183	1.62E+09
1184	1.62E+09
1185	1.62E+09
1186	1.63E+09
1187	1.63E+09
1188	1.63E+09
1189	1.63E+09
1190	1.63E+09
1191	1.63E+09
1192	1.63E+09
1193	1.64E+09
1194	1.64E+09
1195	1.64E+09
1196	1.64E+09
1197	1.64E+09
1198	1.64E+09
1199	1.64E+09
1200	1.65E+09
1201	1.65E+09
1202	1.65E+09
1203	1.65E+09
1204	1.65E+09
1205	1.65E+09
1206	1.65E+09
1207	1.65E+09
1208	1.66E+09
1209	1.66E+09
1210	1.66E+09
1211	1.66E+09
1212	1.66E+09
1213	1.66E+09
1214	1.66E+09
1215	1.67E+09
1216	1.67E+09
1217	1.67E+09
1218	1.67E+09
1219	1.67E+09
1220	1.67E+09
1221	1.67E+09
1222	1.68E+09
1223	1.68E+09
1224	1.68E+09
1225	1.68E+09
1226	1.68E+09
1227	1.68E+09
1228	1.68E+09
1229	1.69E+09
1230	1.69E+09
1231	1.69E+09
1232	1.69E+09
1233	1.69E+09
1234	1.69E+09
1235	1.69E+09
1236	1.69E+09
1237	1.70E+09
1238	1.70E+09
1239	1.70E+09
1240	1.70E+09
1241	1.70E+09
1242	1.70E+09
1243	1.70E+09
1244	1.71E+09
1245	1.71E+09
1246	1.71E+09
1247	1.71E+09
1248	1.71E+09
1249	1.71E+09
1250	1.71E+09
1251	1.72E+09
1252	1.72E+09
1253	1.72E+09
1254	1.72E+09
1255	1.72E+09
1256	1.72E+09
1257	1.72E+09
1258	1.72E+09
1259	1.73E+09
1260	1.73E+09
1261	1.73E+09
1262	1.73E+09
1263	1.73E+09
1264	1.73E+09
1265	1.73E+09
1266	1.74E+09
1267	1.74E+09
1268	1.74E+09
1269	1.74E+09
1270	1.74E+09
1271	1.74E+09
1272	1.74E+09
1273	1.75E+09
1274	1.75E+09
1275	1.75E+09
1276	1.75E+09
1277	1.75E+09
1278	1.75E+09
1279	1.75E+09
1280	1.75E+09
1281	1.76E+09
1282	1.76E+09
1283	1.76E+09
1284	1.76E+09
1285	1.76E+09
1286	1.76E+09
1287	1.76E+09
1288	1.77E+09
1289	1.77E+09
1290	1.77E+09
1291	1.77E+09
1292	1.77E+09
1293	1.77E+09
1294	1.77E+09
1295	1.78E+09
1296	1.78E+09
1297	1.78E+09
1298	1.78E+09
1299	1.78E+09
1300	1.78E+09
1301	1.78E+09
1302	1.79E+09
1303	1.79E+09
1304	1.79E+09
1305	1.79E+09
1306	1.79E+09
1307	1.79E+09
1308	1.79E+09
1309	1.79E+09
1310	1.80E+09
1311	1.80E+09
1312	1.80E+09
1313	1.80E+09
1314	1.80E+09
1315	1.80E+09
1316	1.80E+09
1317	1.81E+09
1318	1.81E+09
1319	1.81E+09
1320	1.81E+09
1321	1.81E+09
1322	1.81E+09
1323	1.81E+09
1324	1.82E+09
1325	1.82E+09
1326	1.82E+09
1327	1.82E+09
1328	1.82E+09
1329	1.82E+09
1330	1.82E+09
1331	1.82E+09
1332	1.83E+09
1333	1.83E+09
1334	1.83E+09
1335	1.83E+09
1336	1.83E+09
1337	1.83E+09
1338	1.83E+09
1339	1.84E+09
1340	1.84E+09
1341	1.84E+09
1342	1.84E+09
1343	1.84E+09
1344	1.84E+09
1345	1.84E+09
1346	1.85E+09
1347	1.85E+09
1348	1.85E+09
1349	1.85E+09
1350	1.85E+09
1351	1.85E+09
1352	1.85E+09
1353	1.86E+09
1354	1.86E+09
1355	1.86E+09
1356	1.86E+09
1357	1.86E+09
1358	1.86E+09
1359	1.86E+09
1360	1.86E+09
1361	1.87E+09
1362	1.87E+09
1363	1.87E+09
1364	1.87E+09
1365	1.87E+09
1366	1.87E+09
1367	1.87E+09
1368	1.88E+09
1369	1.88E+09
1370	1.88E+09
1371	1.88E+09
1372	1.88E+09
1373	1.88E+09
1374	1.88E+09
1375	1.89E+09
1376	1.89E+09
1377	1.89E+09
1378	1.89E+09
1379	1.89E+09
1380	1.89E+09
1381	1.89E+09
1382	1.89E+09
1383	1.90E+09
1384	1.90E+09
1385	1.90E+09
1386	1.90E+09
1387	1.90E+09
1388	1.90E+09
1389	1.90E+09
1390	1.91E+09
1391	1.91E+09
1392	1.91E+09
1393	1.91E+09
1394	1.91E+09
1395	1.91E+09
1396	1.91E+09
1397	1.92E+09
1398	1.92E+09
1399	1.92E+09
1400	1.92E+09
1401	1.92E+09
1402	1.92E+09
1403	1.92E+09
1404	1.93E+09
1405	1.93E+09
1406	1.93E+09
1407	1.93E+09
1408	1.93E+09
1409	1.93E+09
1410	1.93E+09
1411	1.93E+09
1412	1.94E+09
1413	1.94E+09
1414	1.94E+09
1415	1.94E+09
1416	1.94E+09
1417	1.94E+09
1418	1.94E+09
1419	1.95E+09
1420	1.95E+09
1421	1.95E+09
1422	1.95E+09
1423	1.95E+09
1424	1.95E+09
1425	1.95E+09
1426	1.96E+09
1427	1.96E+09
1428	1.96E+09
1429	1.96E+09
1430	1.96E+09
1431	1.96E+09
1432	1.96E+09
1433	1.96E+09
1434	1.97E+09
1435	1.97E+09
1436	1.97E+09
1437	1.97E+09
1438	1.97E+09
1439	1.97E+09
1440	1.97E+09
1441	1.98E+09
1442	1.98E+09
1443	1.98E+09
1444	1.98E+09
1445	1.98E+09
1446	1.98E+09
1447	1.98E+09
1448	1.99E+09
1449	1.99E+09
1450	1.99E+09
1451	1.99E+09
1452	1.99E+09
1453	1.99E+09
1454	1.99E+09
1455	1.99E+09
1456	2.00E+09
1457	2.00E+09
1458	2.00E+09
1459	2.00E+09
1460	2.00E+09
1461	2.00E+09
1462	2.00E+09
1463	2.01E+09
1464	2.01E+09
1465	2.01E+09
1466	2.01E+09
1467	2.01E+09
1468	2.01E+09
1469	2.01E+09
1470	2.02E+09
1471	2.02E+09
1472	2.02E+09
1473	2.02E+09
1474	2.02E+09
1475	2.02E+09
1476	2.02E+09
1477	2.03E+09
1478	2.03E+09
1479	2.03E+09
1480	2.03E+09
1481	2.03E+09
1482	2.03E+09
1483	2.03E+09
1484	2.03E+09
1485	2.04E+09
1486	2.04E+09
1487	2.04E+09
1488	2.04E+09
1489	2.04E+09
1490	2.04E+09
1491	2.04E+09
1492	2.05E+09
1493	2.05E+09
1494	2.05E+09
1495	2.05E+09
1496	2.05E+09
1497	2.05E+09
1498	2.05E+09
1499	2.06E+09
1500	2.06E+09
1501	2.06E+09
1502	2.06E+09
1503	2.06E+09
1504	2.06E+09
1505	2.06E+09
1506	2.06E+09
1507	2.07E+09
1508	2.07E+09
1509	2.07E+09
1510	2.07E+09
1511	2.07E+09
1512	2.07E+09
1513	2.07E+09
1514	2.08E+09
1515	2.08E+09
1516	2.08E+09
1517	2.08E+09
1518	2.08E+09
1519	2.08E+09
1520	2.08E+09
1521	2.09E+09
1522	2.09E+09
1523	2.09E+09
1524	2.09E+09
1525	2.09E+09
1526	2.09E+09
1527	2.09E+09
1528	2.10E+09
1529	2.10E+09
1530	2.10E+09
1531	2.10E+09
1532	2.10E+09
1533	2.10E+09
1534	2.10E+09
1535	2.10E+09
1536	2.11E+09
1537	2.11E+09
1538	2.11E+09
1539	2.11E+09
1540	2.11E+09
1541	2.11E+09
1542	2.11E+09
1543	2.12E+09
1544	2.12E+09
1545	2.12E+09
1546	2.12E+09
1547	2.12E+09
1548	2.12E+09
1549	2.12E+09
1550	2.13E+09
1551	2.13E+09
1552	2.13E+09
1553	2.13E+09
1554	2.13E+09
1555	2.13E+09
1556	2.13E+09
1557	2.13E+09
1558	2.14E+09
1559	2.14E+09
1560	2.14E+09
1561	2.14E+09
1562	2.14E+09
1563	2.14E+09
1564	2.14E+09
1565	2.15E+09
1566	2.15E+09
1567	2.15E+09
1568	2.15E+09
1569	2.15E+09
1570	2.15E+09
1571	2.15E+09
1572	2.16E+09
1573	2.16E+09
1574	2.16E+09
1575	2.16E+09
1576	2.16E+09
1577	2.16E+09
1578	2.16E+09
1579	2.16E+09
1580	2.17E+09
1581	2.17E+09
1582	2.17E+09
1583	2.17E+09
1584	2.17E+09
1585	2.17E+09
1586	2.17E+09
1587	2.18E+09
1588	2.18E+09
1589	2.18E+09
1590	2.18E+09
1591	2.18E+09
1592	2.18E+09
1593	2.18E+09
1594	2.19E+09
1595	2.19E+09
1596	2.19E+09
1597	2.19E+09
1598	2.19E+09
1599	2.19E+09
1600	2.19E+09
1601	2.20E+09
1602	2.20E+09
1603	2.20E+09
1604	2.20E+09
1605	2.20E+09
1606	2.20E+09
1607	2.20E+09
1608	2.20E+09
1609	2.21E+09
1610	2.21E+09
1611	2.21E+09
1612	2.21E+09
1613	2.21E+09
1614	2.21E+09
1615	2.21E+09
1616	2.22E+09
1617	2.22E+09
1618	2.22E+09
1619	2.22E+09
1620	2.22E+09
1621	2.22E+09
1622	2.22E+09
1623	2.23E+09
1624	2.23E+09
1625	2.23E+09
1626	2.23E+09
1627	2.23E+09
1628	2.23E+09
1629	2.23E+09
1630	2.23E+09
1631	2.24E+09
1632	2.24E+09
1633	2.24E+09
1634	2.24E+09
1635	2.24E+09
1636	2.24E+09
1637	2.24E+09
1638	2.25E+09
1639	2.25E+09
1640	2.25E+09
1641	2.25E+09
1642	2.25E+09
1643	2.25E+09
1644	2.25E+09
1645	2.26E+09
1646	2.26E+09
1647	2.26E+09
1648	2.26E+09
1649	2.26E+09
1650	2.26E+09
1651	2.26E+09
1652	2.27E+09
1653	2.27E+09
1654	2.27E+09
1655	2.27E+09
1656	2.27E+09
1657	2.27E+09
1658	2.27E+09
1659	2.27E+09
1660	2.28E+09
1661	2.28E+09
1662	2.28E+09
1663	2.28E+09
1664	2.28E+09
1665	2.28E+09
1666	2.28E+09
1667	2.29E+09
1668	2.29E+09
1669	2.29E+09
1670	2.29E+09
1671	2.29E+09
1672	2.29E+09
1673	2.29E+09
1674	2.30E+09
1675	2.30E+09
1676	2.30E+09
1677	2.30E+09
1678	2.30E+09
1679	2.30E+09
1680	2.30E+09
1681	2.30E+09
1682	2.31E+09
1683	2.31E+09
1684	2.31E+09
1685	2.31E+09
1686	2.31E+09
1687	2.31E+09
1688	2.31E+09
1689	2.32E+09
1690	2.32E+09
1691	2.32E+09
1692	2.32E+09
1693	2.32E+09
1694	2.32E+09
1695	2.32E+09
1696	2.33E+09
1697	2.33E+09
1698	2.33E+09
1699	2.33E+09
1700	2.33E+09
1701	2.33E+09
1702	2.33E+09
1703	2.33E+09
1704	2.34E+09
1705	2.34E+09
1706	2.34E+09
1707	2.34E+09
1708	2.34E+09
1709	2.34E+09
1710	2.34E+09
1711	2.35E+09
1712	2.35E+09
1713	2.35E+09
1714	2.35E+09
1715	2.35E+09
1716	2.35E+09
1717	2.35E+09
1718	2.36E+09
1719	2.36E+09
1720	2.36E+09
1721	2.36E+09
1722	2.36E+09
1723	2.36E+09
1724	2.36E+09
1725	2.37E+09
1726	2.37E+09
1727	2.37E+09
1728	2.37E+09
1729	2.37E+09
1730	2.37E+09
1731	2.37E+09
1732	2.37E+09
1733	2.38E+09
1734	2.38E+09
1735	2.38E+09
1736	2.38E+09
1737	2.38E+09
1738	2.38E+09
1739	2.38E+09
1740	2.39E+09
1741	2.39E+09
1742	2.39E+09
1743	2.39E+09
1744	2.39E+09
1745	2.39E+09
1746	2.39E+09
1747	2.40E+09
1748	2.40E+09
1749	2.40E+09
1750	2.40E+09
1751	2.40E+09
1752	2.40E+09
1753	2.40E+09
1754	2.40E+09
1755	2.41E+09
1756	2.41E+09
1757	2.41E+09
1758	2.41E+09
1759	2.41E+09
1760	2.41E+09
1761	2.41E+09
1762	2.42E+09
1763	2.42E+09
1764	2.42E+09
1765	2.42E+09
1766	2.42E+09
1767	2.42E+09
1768	2.42E+09
1769	2.43E+09
1770	2.43E+09
1771	2.43E+09
1772	2.43E+09
1773	2.43E+09
1774	2.43E+09
1775	2.43E+09
1776	2.44E+09
1777	2.44E+09
1778	2.44E+09
1779	2.44E+09
1780	2.44E+09
1781	2.44E+09
1782	2.44E+09
1783	2.44E+09
1784	2.45E+09
1785	2.45E+09
1786	2.45E+09
1787	2.45E+09
1788	2.45E+09
1789	2.45E+09
1790	2.45E+09
1791	2.46E+09
1792	2.46E+09
1793	2.46E+09
1794	2.46E+09
1795	2.46E+09
1796	2.46E+09
1797	2.46E+09
1798	2.47E+09
1799	2.47E+09
1800	2.47E+09
1801	2.47E+09
1802	2.47E+09
1803	2.47E+09
1804	2.47E+09
1805	2.47E+09
1806	2.48E+09
1807	2.48E+09
1808	2.48E+09
1809	2.48E+09
1810	2.48E+09
1811	2.48E+09
1812	2.48E+09
1813	2.49E+09
1814	2.49E+09
1815	2.49E+09
1816	2.49E+09
1817	2.49E+09
1818	2.49E+09
1819	2.49E+09
1820	2.50E+09
1821	2.50E+09
1822	2.50E+09
1823	2.50E+09
1824	2.50E+09
1825	2.50E+09
1826	2.50E+09
1827	2.50E+09
1828	2.51E+09
1829	2.51E+09
1830	2.51E+09
1831	2.51E+09
1832	2.51E+09
1833	2.51E+09
1834	2.51E+09
1835	2.52E+09
1836	2.52E+09
1837	2.52E+09
1838	2.52E+09
1839	2.52E+09
1840	2.52E+09
1841	2.52E+09
1842	2.53E+09
1843	2.53E+09
1844	2.53E+09
1845	2.53E+09
1846	2.53E+09
1847	2.53E+09
1848	2.53E+09
1849	2.54E+09
1850	2.54E+09
1851	2.54E+09
1852	2.54E+09
1853	2.54E+09
1854	2.54E+09
1855	2.54E+09
1856	2.54E+09
1857	2.55E+09
1858	2.55E+09
1859	2.55E+09
1860	2.55E+09
1861	2.55E+09
1862	2.55E+09
1863	2.55E+09
1864	2.56E+09
1865	2.56E+09
1866	2.56E+09
1867	2.56E+09
1868	2.56E+09
1869	2.56E+09
1870	2.56E+09
1871	2.57E+09
1872	2.57E+09
1873	2.57E+09
1874	2.57E+09
1875	2.57E+09
1876	2.57E+09
1877	2.57E+09
1878	2.57E+09
1879	2.58E+09
1880	2.58E+09
1881	2.58E+09
1882	2.58E+09
1883	2.58E+09
1884	2.58E+09
1885	2.58E+09
1886	2.59E+09
1887	2.59E+09
1888	2.59E+09
1889	2.59E+09
1890	2.59E+09
1891	2.59E+09
1892	2.59E+09
1893	2.60E+09
1894	2.60E+09
1895	2.60E+09
1896	2.60E+09
1897	2.60E+09
1898	2.60E+09
1899	2.60E+09
1900	2.61E+09
1901	2.61E+09
1902	2.61E+09
1903	2.61E+09
1904	2.61E+09
1905	2.61E+09
1906	2.61E+09
1907	2.61E+09
1908	2.62E+09
1909	2.62E+09
1910	2.62E+09
1911	2.62E+09
1912	2.62E+09
1913	2.62E+09
1914	2.62E+09
1915	2.63E+09
1916	2.63E+09
1917	2.63E+09
1918	2.63E+09
1919	2.63E+09
1920	2.63E+09
1921	2.63E+09
1922	2.64E+09
1923	2.64E+09
1924	2.64E+09
1925	2.64E+09
1926	2.64E+09
1927	2.64E+09
1928	2.64E+09
1929	2.64E+09
1930	2.65E+09
1931	2.65E+09
1932	2.65E+09
1933	2.65E+09
1934	2.65E+09
1935	2.65E+09
1936	2.65E+09
1937	2.66E+09
1938	2.66E+09
1939	2.66E+09
1940	2.66E+09
1941	2.66E+09
1942	2.66E+09
1943	2.66E+09
1944	2.67E+09
1945	2.67E+09
1946	2.67E+09
1947	2.67E+09
1948	2.67E+09
1949	2.67E+09
1950	2.67E+09
1951	2.67E+09
1952	2.68E+09
1953	2.68E+09
1954	2.68E+09
1955	2.68E+09
1956	2.68E+09
1957	2.68E+09
1958	2.68E+09
1959	2.69E+09
1960	2.69E+09
1961	2.69E+09
1962	2.69E+09
1963	2.69E+09
1964	2.69E+09
1965	2.69E+09
1966	2.70E+09
1967	2.70E+09
1968	2.70E+09
1969	2.70E+09
1970	2.70E+09
1971	2.70E+09
1972	2.70E+09
1973	2.71E+09
1974	2.71E+09
1975	2.71E+09
1976	2.71E+09
1977	2.71E+09
1978	2.71E+09
1979	2.71E+09
1980	2.71E+09
1981	2.72E+09
1982	2.72E+09
1983	2.72E+09
1984	2.72E+09
1985	2.72E+09
1986	2.72E+09
1987	2.72E+09
1988	2.73E+09
1989	2.73E+09
1990	2.73E+09
1991	2.73E+09
1992	2.73E+09
1993	2.73E+09
1994	2.73E+09
1995	2.74E+09
1996	2.74E+09
1997	2.74E+09
1998	2.74E+09
1999	2.74E+09
2000	2.74E+09
2001	2.74E+09
2002	2.74E+09
2003	2.75E+09
2004	2.75E+09
2005	2.75E+09
2006	2.75E+09
2007	2.75E+09
2008	2.75E+09
2009	2.75E+09
2010	2.76E+09
2011	2.76E+09
2012	2.76E+09
2013	2.76E+09
2014	2.76E+09
2015	2.76E+09
2016	2.76E+09
2017	2.77E+09
2018	2.77E+09
2019	2.77E+09
2020	2.77E+09
2021	2.77E+09
2022	2.77E+09
2023	2.77E+09
2024	2.78E+09
2025	2.78E+09
2026	2.78E+09
2027	2.78E+09
2028	2.78E+09
2029	2.78E+09
2030	2.78E+09
2031	2.78E+09
2032	2.79E+09
2033	2.79E+09
2034	2.79E+09
2035	2.79E+09
2036	2.79E+09
2037	2.79E+09
2038	2.79E+09
2039	2.80E+09
2040	2.80E+09
2041	2.80E+09
2042	2.80E+09
2043	2.80E+09
2044	2.80E+09
2045	2.80E+09
2046	2.81E+09
2047	2.81E+09
2048	2.81E+09
2049	2.81E+09
2050	2.81E+09
2051	2.81E+09
2052	2.81E+09
2053	2.81E+09
2054	2.82E+09
2055	2.82E+09
2056	2.82E+09
2057	2.82E+09
2058	2.82E+09
2059	2.82E+09
2060	2.82E+09
2061	2.83E+09
2062	2.83E+09
2063	2.83E+09
2064	2.83E+09
2065	2.83E+09
2066	2.83E+09
2067	2.83E+09
2068	2.84E+09
2069	2.84E+09
2070	2.84E+09
2071	2.84E+09
2072	2.84E+09
2073	2.84E+09
2074	2.84E+09
2075	2.84E+09
2076	2.85E+09
2077	2.85E+09
2078	2.85E+09
2079	2.85E+09
2080	2.85E+09
2081	2.85E+09
2082	2.85E+09
2083	2.86E+09
2084	2.86E+09
2085	2.86E+09
2086	2.86E+09
2087	2.86E+09
2088	2.86E+09
2089	2.86E+09
2090	2.87E+09
2091	2.87E+09
2092	2.87E+09
2093	2.87E+09
2094	2.87E+09
2095	2.87E+09
2096	2.87E+09
2097	2.88E+09
2098	2.88E+09
2099	2.88E+09
2100	2.88E+09
2101	2.88E+09
2102	2.88E+09
2103	2.88E+09
2104	2.88E+09
2105	2.89E+09
2106	2.89E+09
2107	2.89E+09
2108	2.89E+09
2109	2.89E+09
2110	2.89E+09
2111	2.89E+09
2112	2.90E+09
2113	2.90E+09
2114	2.90E+09
2115	2.90E+09
2116	2.90E+09
2117	2.90E+09
2118	2.90E+09
2119	2.91E+09
2120	2.91E+09
2121	2.91E+09
2122	2.91E+09
2123	2.91E+09
2124	2.91E+09
2125	2.91E+09
2126	2.91E+09
2127	2.92E+09
2128	2.92E+09
2129	2.92E+09
2130	2.92E+09
2131	2.92E+09
2132	2.92E+09
2133	2.92E+09
2134	2.93E+09
2135	2.93E+09
2136	2.93E+09
2137	2.93E+09
2138	2.93E+09
2139	2.93E+09
2140	2.93E+09
2141	2.94E+09
2142	2.94E+09
2143	2.94E+09
2144	2.94E+09
2145	2.94E+09
2146	2.94E+09
2147	2.94E+09
2148	2.95E+09
2149	2.95E+09
2150	2.95E+09
2151	2.95E+09
2152	2.95E+09
2153	2.95E+09
2154	2.95E+09
2155	2.95E+09
2156	2.96E+09
2157	2.96E+09
2158	2.96E+09
2159	2.96E+09
2160	2.96E+09
2161	2.96E+09
2162	2.96E+09
2163	2.97E+09
2164	2.97E+09
2165	2.97E+09
2166	2.97E+09
2167	2.97E+09
2168	2.97E+09
2169	2.97E+09
2170	2.98E+09
2171	2.98E+09
2172	2.98E+09
2173	2.98E+09
2174	2.98E+09
2175	2.98E+09
2176	2.98E+09
2177	2.98E+09
2178	2.99E+09
2179	2.99E+09
2180	2.99E+09
2181	2.99E+09
2182	2.99E+09
2183	2.99E+09
2184	2.99E+09
2185	3.00E+09
2186	3.00E+09
2187	3.00E+09
2188	3.00E+09
2189	3.00E+09
2190	3.00E+09
2191	3.00E+09
2192	3.01E+09
2193	3.01E+09
2194	3.01E+09
2195	3.01E+09
2196	3.01E+09
2197	3.01E+09
2198	3.01E+09
2199	3.02E+09
2200	3.02E+09
2201	3.02E+09
2202	3.02E+09
2203	3.02E+09
2204	3.02E+09
2205	3.02E+09
2206	3.02E+09
2207	3.03E+09
2208	3.03E+09
2209	3.03E+09
2210	3.03E+09
2211	3.03E+09
2212	3.03E+09
2213	3.03E+09
2214	3.04E+09
2215	3.04E+09
2216	3.04E+09
2217	3.04E+09
2218	3.04E+09
2219	3.04E+09
2220	3.04E+09
2221	3.05E+09
2222	3.05E+09
2223	3.05E+09
2224	3.05E+09
2225	3.05E+09
2226	3.05E+09
2227	3.05E+09
2228	3.05E+09
2229	3.06E+09
2230	3.06E+09
2231	3.06E+09
2232	3.06E+09
2233	3.06E+09
2234	3.06E+09
2235	3.06E+09
2236	3.07E+09
2237	3.07E+09
2238	3.07E+09
2239	3.07E+09
2240	3.07E+09
2241	3.07E+09
2242	3.07E+09
2243	3.08E+09
2244	3.08E+09
2245	3.08E+09
2246	3.08E+09
2247	3.08E+09
2248	3.08E+09
2249	3.08E+09
2250	3.08E+09
2251	3.09E+09
2252	3.09E+09
2253	3.09E+09
2254	3.09E+09
2255	3.09E+09
2256	3.09E+09
2257	3.09E+09
2258	3.10E+09
2259	3.10E+09
2260	3.10E+09
2261	3.10E+09
2262	3.10E+09
2263	3.10E+09
2264	3.10E+09
2265	3.11E+09
2266	3.11E+09
2267	3.11E+09
2268	3.11E+09
2269	3.11E+09
2270	3.11E+09
2271	3.11E+09
2272	3.12E+09
2273	3.12E+09
2274	3.12E+09
2275	3.12E+09
2276	3.12E+09
2277	3.12E+09
2278	3.12E+09
2279	3.12E+09
2280	3.13E+09
2281	3.13E+09
2282	3.13E+09
2283	3.13E+09
2284	3.13E+09
2285	3.13E+09
2286	3.13E+09
2287	3.14E+09
2288	3.14E+09
2289	3.14E+09
2290	3.14E+09
2291	3.14E+09
2292	3.14E+09
2293	3.14E+09
2294	3.15E+09
2295	3.15E+09
2296	3.15E+09
2297	3.15E+09
2298	3.15E+09
2299	3.15E+09
2300	3.15E+09
2301	3.15E+09
2302	3.16E+09
2303	3.16E+09
2304	3.16E+09
2305	3.16E+09
2306	3.16E+09
2307	3.16E+09
2308	3.16E+09
2309	3.17E+09
2310	3.17E+09
2311	3.17E+09
2312	3.17E+09
2313	3.17E+09
2314	3.17E+09
2315	3.17E+09
2316	3.18E+09
2317	3.18E+09
2318	3.18E+09
2319	3.18E+09
2320	3.18E+09
2321	3.18E+09
2322	3.18E+09
2323	3.19E+09
2324	3.19E+09
2325	3.19E+09
2326	3.19E+09
2327	3.19E+09
2328	3.19E+09
2329	3.19E+09
2330	3.19E+09
2331	3.20E+09
2332	3.20E+09
2333	3.20E+09
2334	3.20E+09
2335	3.20E+09
2336	3.20E+09
2337	3.20E+09
2338	3.21E+09
2339	3.21E+09
2340	3.21E+09
2341	3.21E+09
2342	3.21E+09
2343	3.21E+09
2344	3.21E+09
2345	3.22E+09
2346	3.22E+09
2347	3.22E+09
2348	3.22E+09
2349	3.22E+09
2350	3.22E+09
2351	3.22E+09
2352	3.22E+09
2353	3.23E+09
2354	3.23E+09
2355	3.23E+09
2356	3.23E+09
2357	3.23E+09
2358	3.23E+09
2359	3.23E+09
2360	3.24E+09
2361	3.24E+09
2362	3.24E+09
2363	3.24E+09
2364	3.24E+09
2365	3.24E+09
2366	3.24E+09
2367	3.25E+09
2368	3.25E+09
2369	3.25E+09
2370	3.25E+09
2371	3.25E+09
2372	3.25E+09
2373	3.25E+09
2374	3.25E+09
2375	3.26E+09
2376	3.26E+09
2377	3.26E+09
2378	3.26E+09
2379	3.26E+09
2380	3.26E+09
2381	3.26E+09
2382	3.27E+09
2383	3.27E+09
2384	3.27E+09
2385	3.27E+09
2386	3.27E+09
2387	3.27E+09
2388	3.27E+09
2389	3.28E+09
2390	3.28E+09
2391	3.28E+09
2392	3.28E+09
2393	3.28E+09
2394	3.28E+09
2395	3.28E+09
2396	3.29E+09
2397	3.29E+09
2398	3.29E+09
2399	3.29E+09
2400	3.29E+09
2401	3.29E+09
2402	3.29E+09
2403	3.29E+09
2404	3.30E+09
2405	3.30E+09
2406	3.30E+09
2407	3.30E+09
2408	3.30E+09
2409	3.30E+09
2410	3.30E+09
2411	3.31E+09
2412	3.31E+09
2413	3.31E+09
2414	3.31E+09
2415	3.31E+09
2416	3.31E+09
2417	3.31E+09
2418	3.32E+09
2419	3.32E+09
2420	3.32E+09
2421	3.32E+09
2422	3.32E+09
2423	3.32E+09
2424	3.32E+09
2425	3.32E+09
2426	3.33E+09
2427	3.33E+09
2428	3.33E+09
2429	3.33E+09
2430	3.33E+09
2431	3.33E+09
2432	3.33E+09
2433	3.34E+09
2434	3.34E+09
2435	3.34E+09
2436	3.34E+09
2437	3.34E+09
2438	3.34E+09
2439	3.34E+09
2440	3.35E+09
2441	3.35E+09
2442	3.35E+09
2443	3.35E+09
2444	3.35E+09
2445	3.35E+09
2446	3.35E+09
2447	3.36E+09
2448	3.36E+09
2449	3.36E+09
2450	3.36E+09
2451	3.36E+09
2452	3.36E+09
2453	3.36E+09
2454	3.36E+09
2455	3.37E+09
2456	3.37E+09
2457	3.37E+09
2458	3.37E+09
2459	3.37E+09
2460	3.37E+09
2461	3.37E+09
2462	3.38E+09
2463	3.38E+09
2464	3.38E+09
2465	3.38E+09
2466	3.38E+09
2467	3.38E+09
2468	3.38E+09
2469	3.39E+09
2470	3.39E+09
2471	3.39E+09
2472	3.39E+09
2473	3.39E+09
2474	3.39E+09
2475	3.39E+09
2476	3.39E+09
2477	3.40E+09
2478	3.40E+09
2479	3.40E+09
2480	3.40E+09
2481	3.40E+09
2482	3.40E+09
2483	3.40E+09
2484	3.41E+09
2485	3.41E+09
2486	3.41E+09
2487	3.41E+09
2488	3.41E+09
2489	3.41E+09
2490	3.41E+09
2491	3.42E+09
2492	3.42E+09
2493	3.42E+09
2494	3.42E+09
2495	3.42E+09
2496	3.42E+09
2497	3.42E+09
2498	3.42E+09
2499	3.43E+09
2500	3.43E+09
