Independent Variable - Plot	Dependent Variable - Plot
0	0
1	2.29E+06
2	4.58E+06
3	6.86E+06
4	9.15E+06
5	1.14E+07
6	1.37E+07
7	1.60E+07
8	1.83E+07
9	2.06E+07
10	2.29E+07
11	2.52E+07
12	2.75E+07
13	2.97E+07
14	3.20E+07
15	3.43E+07
16	3.66E+07
17	3.89E+07
18	4.12E+07
19	4.35E+07
20	4.58E+07
21	4.80E+07
22	5.03E+07
23	5.26E+07
24	5.49E+07
25	5.72E+07
26	5.95E+07
27	6.18E+07
28	6.41E+07
29	6.63E+07
30	6.86E+07
31	7.09E+07
32	7.32E+07
33	7.55E+07
34	7.78E+07
35	8.01E+07
36	8.24E+07
37	8.46E+07
38	8.69E+07
39	8.92E+07
40	9.15E+07
41	9.38E+07
42	9.61E+07
43	9.84E+07
44	1.01E+08
45	1.03E+08
46	1.05E+08
47	1.08E+08
48	1.10E+08
49	1.12E+08
50	1.14E+08
51	1.17E+08
52	1.19E+08
53	1.21E+08
54	1.24E+08
55	1.26E+08
56	1.28E+08
57	1.30E+08
58	1.33E+08
59	1.35E+08
60	1.37E+08
61	1.40E+08
62	1.42E+08
63	1.44E+08
64	1.46E+08
65	1.49E+08
66	1.51E+08
67	1.53E+08
68	1.56E+08
69	1.58E+08
70	1.60E+08
71	1.62E+08
72	1.65E+08
73	1.67E+08
74	1.69E+08
75	1.72E+08
76	1.74E+08
77	1.76E+08
78	1.78E+08
79	1.81E+08
80	1.83E+08
81	1.85E+08
82	1.88E+08
83	1.90E+08
84	1.92E+08
85	1.94E+08
86	1.97E+08
87	1.99E+08
88	2.01E+08
89	2.04E+08
90	2.06E+08
91	2.08E+08
92	2.10E+08
93	2.13E+08
94	2.15E+08
95	2.17E+08
96	2.20E+08
97	2.22E+08
98	2.24E+08
99	2.26E+08
100	2.29E+08
101	2.31E+08
102	2.33E+08
103	2.36E+08
104	2.38E+08
105	2.40E+08
106	2.42E+08
107	2.45E+08
108	2.47E+08
109	2.49E+08
110	2.52E+08
111	2.54E+08
112	2.56E+08
113	2.58E+08
114	2.61E+08
115	2.63E+08
116	2.65E+08
117	2.68E+08
118	2.70E+08
119	2.72E+08
120	2.75E+08
121	2.77E+08
122	2.79E+08
123	2.81E+08
124	2.84E+08
125	2.86E+08
126	2.88E+08
127	2.91E+08
128	2.93E+08
129	2.95E+08
130	2.97E+08
131	3.00E+08
132	3.02E+08
133	3.04E+08
134	3.07E+08
135	3.09E+08
136	3.11E+08
137	3.13E+08
138	3.16E+08
139	3.18E+08
140	3.20E+08
141	3.23E+08
142	3.25E+08
143	3.27E+08
144	3.29E+08
145	3.32E+08
146	3.34E+08
147	3.36E+08
148	3.39E+08
149	3.41E+08
150	3.43E+08
151	3.45E+08
152	3.48E+08
153	3.50E+08
154	3.52E+08
155	3.55E+08
156	3.57E+08
157	3.59E+08
158	3.61E+08
159	3.64E+08
160	3.66E+08
161	3.68E+08
162	3.71E+08
163	3.73E+08
164	3.75E+08
165	3.77E+08
166	3.80E+08
167	3.82E+08
168	3.84E+08
169	3.87E+08
170	3.89E+08
171	3.91E+08
172	3.93E+08
173	3.96E+08
174	3.98E+08
175	4.00E+08
176	4.03E+08
177	4.05E+08
178	4.07E+08
179	4.09E+08
180	4.12E+08
181	4.14E+08
182	4.16E+08
183	4.19E+08
184	4.21E+08
185	4.23E+08
186	4.25E+08
187	4.28E+08
188	4.30E+08
189	4.32E+08
190	4.35E+08
191	4.37E+08
192	4.39E+08
193	4.41E+08
194	4.44E+08
195	4.46E+08
196	4.48E+08
197	4.51E+08
198	4.53E+08
199	4.55E+08
200	4.58E+08
201	4.60E+08
202	4.62E+08
203	4.64E+08
204	4.67E+08
205	4.69E+08
206	4.71E+08
207	4.74E+08
208	4.76E+08
209	4.78E+08
210	4.80E+08
211	4.83E+08
212	4.85E+08
213	4.87E+08
214	4.90E+08
215	4.92E+08
216	4.94E+08
217	4.96E+08
218	4.99E+08
219	5.01E+08
220	5.03E+08
221	5.06E+08
222	5.08E+08
223	5.10E+08
224	5.12E+08
225	5.15E+08
226	5.17E+08
227	5.19E+08
228	5.22E+08
229	5.24E+08
230	5.26E+08
231	5.28E+08
232	5.31E+08
233	5.33E+08
234	5.35E+08
235	5.38E+08
236	5.40E+08
237	5.42E+08
238	5.44E+08
239	5.47E+08
240	5.49E+08
241	5.51E+08
242	5.54E+08
243	5.56E+08
244	5.58E+08
245	5.60E+08
246	5.63E+08
247	5.65E+08
248	5.67E+08
249	5.70E+08
250	5.72E+08
251	5.74E+08
252	5.76E+08
253	5.79E+08
254	5.81E+08
255	5.83E+08
256	5.86E+08
257	5.88E+08
258	5.90E+08
259	5.92E+08
260	5.95E+08
261	5.97E+08
262	5.99E+08
263	6.02E+08
264	6.04E+08
265	6.06E+08
266	6.08E+08
267	6.11E+08
268	6.13E+08
269	6.15E+08
270	6.18E+08
271	6.20E+08
272	6.22E+08
273	6.25E+08
274	6.27E+08
275	6.29E+08
276	6.31E+08
277	6.34E+08
278	6.36E+08
279	6.38E+08
280	6.41E+08
281	6.43E+08
282	6.45E+08
283	6.47E+08
284	6.50E+08
285	6.52E+08
286	6.54E+08
287	6.57E+08
288	6.59E+08
289	6.61E+08
290	6.63E+08
291	6.66E+08
292	6.68E+08
293	6.70E+08
294	6.73E+08
295	6.75E+08
296	6.77E+08
297	6.79E+08
298	6.82E+08
299	6.84E+08
300	6.86E+08
301	6.89E+08
302	6.91E+08
303	6.93E+08
304	6.95E+08
305	6.98E+08
306	7.00E+08
307	7.02E+08
308	7.05E+08
309	7.07E+08
310	7.09E+08
311	7.11E+08
312	7.14E+08
313	7.16E+08
314	7.18E+08
315	7.21E+08
316	7.23E+08
317	7.25E+08
318	7.27E+08
319	7.30E+08
320	7.32E+08
321	7.34E+08
322	7.37E+08
323	7.39E+08
324	7.41E+08
325	7.43E+08
326	7.46E+08
327	7.48E+08
328	7.50E+08
329	7.53E+08
330	7.55E+08
331	7.57E+08
332	7.59E+08
333	7.62E+08
334	7.64E+08
335	7.66E+08
336	7.69E+08
337	7.71E+08
338	7.73E+08
339	7.75E+08
340	7.78E+08
341	7.80E+08
342	7.82E+08
343	7.85E+08
344	7.87E+08
345	7.89E+08
346	7.91E+08
347	7.94E+08
348	7.96E+08
349	7.98E+08
350	8.01E+08
351	8.03E+08
352	8.05E+08
353	8.08E+08
354	8.10E+08
355	8.12E+08
356	8.14E+08
357	8.17E+08
358	8.19E+08
359	8.21E+08
360	8.24E+08
361	8.26E+08
362	8.28E+08
363	8.30E+08
364	8.33E+08
365	8.35E+08
366	8.37E+08
367	8.40E+08
368	8.42E+08
369	8.44E+08
370	8.46E+08
371	8.49E+08
372	8.51E+08
373	8.53E+08
374	8.56E+08
375	8.58E+08
376	8.60E+08
377	8.62E+08
378	8.65E+08
379	8.67E+08
380	8.69E+08
381	8.72E+08
382	8.74E+08
383	8.76E+08
384	8.78E+08
385	8.81E+08
386	8.83E+08
387	8.85E+08
388	8.88E+08
389	8.90E+08
390	8.92E+08
391	8.94E+08
392	8.97E+08
393	8.99E+08
394	9.01E+08
395	9.04E+08
396	9.06E+08
397	9.08E+08
398	9.10E+08
399	9.13E+08
400	9.15E+08
401	9.17E+08
402	9.20E+08
403	9.22E+08
404	9.24E+08
405	9.26E+08
406	9.29E+08
407	9.31E+08
408	9.33E+08
409	9.36E+08
410	9.38E+08
411	9.40E+08
412	9.42E+08
413	9.45E+08
414	9.47E+08
415	9.49E+08
416	9.52E+08
417	9.54E+08
418	9.56E+08
419	9.58E+08
420	9.61E+08
421	9.63E+08
422	9.65E+08
423	9.68E+08
424	9.70E+08
425	9.72E+08
426	9.75E+08
427	9.77E+08
428	9.79E+08
429	9.81E+08
430	9.84E+08
431	9.86E+08
432	9.88E+08
433	9.91E+08
434	9.93E+08
435	9.95E+08
436	9.97E+08
437	1.00E+09
438	1.00E+09
439	1.00E+09
440	1.01E+09
441	1.01E+09
442	1.01E+09
443	1.01E+09
444	1.02E+09
445	1.02E+09
446	1.02E+09
447	1.02E+09
448	1.02E+09
449	1.03E+09
450	1.03E+09
451	1.03E+09
452	1.03E+09
453	1.04E+09
454	1.04E+09
455	1.04E+09
456	1.04E+09
457	1.05E+09
458	1.05E+09
459	1.05E+09
460	1.05E+09
461	1.05E+09
462	1.06E+09
463	1.06E+09
464	1.06E+09
465	1.06E+09
466	1.07E+09
467	1.07E+09
468	1.07E+09
469	1.07E+09
470	1.08E+09
471	1.08E+09
472	1.08E+09
473	1.08E+09
474	1.08E+09
475	1.09E+09
476	1.09E+09
477	1.09E+09
478	1.09E+09
479	1.10E+09
480	1.10E+09
481	1.10E+09
482	1.10E+09
483	1.10E+09
484	1.11E+09
485	1.11E+09
486	1.11E+09
487	1.11E+09
488	1.12E+09
489	1.12E+09
490	1.12E+09
491	1.12E+09
492	1.13E+09
493	1.13E+09
494	1.13E+09
495	1.13E+09
496	1.13E+09
497	1.14E+09
498	1.14E+09
499	1.14E+09
500	1.14E+09
501	1.15E+09
502	1.15E+09
503	1.15E+09
504	1.15E+09
505	1.16E+09
506	1.16E+09
507	1.16E+09
508	1.16E+09
509	1.16E+09
510	1.17E+09
511	1.17E+09
512	1.17E+09
513	1.17E+09
514	1.18E+09
515	1.18E+09
516	1.18E+09
517	1.18E+09
518	1.18E+09
519	1.19E+09
520	1.19E+09
521	1.19E+09
522	1.19E+09
523	1.20E+09
524	1.20E+09
525	1.20E+09
526	1.20E+09
527	1.21E+09
528	1.21E+09
529	1.21E+09
530	1.21E+09
531	1.21E+09
532	1.22E+09
533	1.22E+09
534	1.22E+09
535	1.22E+09
536	1.23E+09
537	1.23E+09
538	1.23E+09
539	1.23E+09
540	1.24E+09
541	1.24E+09
542	1.24E+09
543	1.24E+09
544	1.24E+09
545	1.25E+09
546	1.25E+09
547	1.25E+09
548	1.25E+09
549	1.26E+09
550	1.26E+09
551	1.26E+09
552	1.26E+09
553	1.27E+09
554	1.27E+09
555	1.27E+09
556	1.27E+09
557	1.27E+09
558	1.28E+09
559	1.28E+09
560	1.28E+09
561	1.28E+09
562	1.29E+09
563	1.29E+09
564	1.29E+09
565	1.29E+09
566	1.29E+09
567	1.30E+09
568	1.30E+09
569	1.30E+09
570	1.30E+09
571	1.31E+09
572	1.31E+09
573	1.31E+09
574	1.31E+09
575	1.32E+09
576	1.32E+09
577	1.32E+09
578	1.32E+09
579	1.32E+09
580	1.33E+09
581	1.33E+09
582	1.33E+09
583	1.33E+09
584	1.34E+09
585	1.34E+09
586	1.34E+09
587	1.34E+09
588	1.35E+09
589	1.35E+09
590	1.35E+09
591	1.35E+09
592	1.35E+09
593	1.36E+09
594	1.36E+09
595	1.36E+09
596	1.36E+09
597	1.37E+09
598	1.37E+09
599	1.37E+09
600	1.37E+09
601	1.37E+09
602	1.38E+09
603	1.38E+09
604	1.38E+09
605	1.38E+09
606	1.39E+09
607	1.39E+09
608	1.39E+09
609	1.39E+09
610	1.40E+09
611	1.40E+09
612	1.40E+09
613	1.40E+09
614	1.40E+09
615	1.41E+09
616	1.41E+09
617	1.41E+09
618	1.41E+09
619	1.42E+09
620	1.42E+09
621	1.42E+09
622	1.42E+09
623	1.43E+09
624	1.43E+09
625	1.43E+09
626	1.43E+09
627	1.43E+09
628	1.44E+09
629	1.44E+09
630	1.44E+09
631	1.44E+09
632	1.45E+09
633	1.45E+09
634	1.45E+09
635	1.45E+09
636	1.45E+09
637	1.46E+09
638	1.46E+09
639	1.46E+09
640	1.46E+09
641	1.47E+09
642	1.47E+09
643	1.47E+09
644	1.47E+09
645	1.48E+09
646	1.48E+09
647	1.48E+09
648	1.48E+09
649	1.48E+09
650	1.49E+09
651	1.49E+09
652	1.49E+09
653	1.49E+09
654	1.50E+09
655	1.50E+09
656	1.50E+09
657	1.50E+09
658	1.51E+09
659	1.51E+09
660	1.51E+09
661	1.51E+09
662	1.51E+09
663	1.52E+09
664	1.52E+09
665	1.52E+09
666	1.52E+09
667	1.53E+09
668	1.53E+09
669	1.53E+09
670	1.53E+09
671	1.53E+09
672	1.54E+09
673	1.54E+09
674	1.54E+09
675	1.54E+09
676	1.55E+09
677	1.55E+09
678	1.55E+09
679	1.55E+09
680	1.56E+09
681	1.56E+09
682	1.56E+09
683	1.56E+09
684	1.56E+09
685	1.57E+09
686	1.57E+09
687	1.57E+09
688	1.57E+09
689	1.58E+09
690	1.58E+09
691	1.58E+09
692	1.58E+09
693	1.59E+09
694	1.59E+09
695	1.59E+09
696	1.59E+09
697	1.59E+09
698	1.60E+09
699	1.60E+09
700	1.60E+09
701	1.60E+09
702	1.61E+09
703	1.61E+09
704	1.61E+09
705	1.61E+09
706	1.62E+09
707	1.62E+09
708	1.62E+09
709	1.62E+09
710	1.62E+09
711	1.63E+09
712	1.63E+09
713	1.63E+09
714	1.63E+09
715	1.64E+09
716	1.64E+09
717	1.64E+09
718	1.64E+09
719	1.64E+09
720	1.65E+09
721	1.65E+09
722	1.65E+09
723	1.65E+09
724	1.66E+09
725	1.66E+09
726	1.66E+09
727	1.66E+09
728	1.67E+09
729	1.67E+09
730	1.67E+09
731	1.67E+09
732	1.67E+09
733	1.68E+09
734	1.68E+09
735	1.68E+09
736	1.68E+09
737	1.69E+09
738	1.69E+09
739	1.69E+09
740	1.69E+09
741	1.70E+09
742	1.70E+09
743	1.70E+09
744	1.70E+09
745	1.70E+09
746	1.71E+09
747	1.71E+09
748	1.71E+09
749	1.71E+09
750	1.72E+09
751	1.72E+09
752	1.72E+09
753	1.72E+09
754	1.72E+09
755	1.73E+09
756	1.73E+09
757	1.73E+09
758	1.73E+09
759	1.74E+09
760	1.74E+09
761	1.74E+09
762	1.74E+09
763	1.75E+09
764	1.75E+09
765	1.75E+09
766	1.75E+09
767	1.75E+09
768	1.76E+09
769	1.76E+09
770	1.76E+09
771	1.76E+09
772	1.77E+09
773	1.77E+09
774	1.77E+09
775	1.77E+09
776	1.78E+09
777	1.78E+09
778	1.78E+09
779	1.78E+09
780	1.78E+09
781	1.79E+09
782	1.79E+09
783	1.79E+09
784	1.79E+09
785	1.80E+09
786	1.80E+09
787	1.80E+09
788	1.80E+09
789	1.80E+09
790	1.81E+09
791	1.81E+09
792	1.81E+09
793	1.81E+09
794	1.82E+09
795	1.82E+09
796	1.82E+09
797	1.82E+09
798	1.83E+09
799	1.83E+09
800	1.83E+09
801	1.83E+09
802	1.83E+09
803	1.84E+09
804	1.84E+09
805	1.84E+09
806	1.84E+09
807	1.85E+09
808	1.85E+09
809	1.85E+09
810	1.85E+09
811	1.86E+09
812	1.86E+09
813	1.86E+09
814	1.86E+09
815	1.86E+09
816	1.87E+09
817	1.87E+09
818	1.87E+09
819	1.87E+09
820	1.88E+09
821	1.88E+09
822	1.88E+09
823	1.88E+09
824	1.88E+09
825	1.89E+09
826	1.89E+09
827	1.89E+09
828	1.89E+09
829	1.90E+09
830	1.90E+09
831	1.90E+09
832	1.90E+09
833	1.91E+09
834	1.91E+09
835	1.91E+09
836	1.91E+09
837	1.91E+09
838	1.92E+09
839	1.92E+09
840	1.92E+09
841	1.92E+09
842	1.93E+09
843	1.93E+09
844	1.93E+09
845	1.93E+09
846	1.94E+09
847	1.94E+09
848	1.94E+09
849	1.94E+09
850	1.94E+09
851	1.95E+09
852	1.95E+09
853	1.95E+09
854	1.95E+09
855	1.96E+09
856	1.96E+09
857	1.96E+09
858	1.96E+09
859	1.97E+09
860	1.97E+09
861	1.97E+09
862	1.97E+09
863	1.97E+09
864	1.98E+09
865	1.98E+09
866	1.98E+09
867	1.98E+09
868	1.99E+09
869	1.99E+09
870	1.99E+09
871	1.99E+09
872	1.99E+09
873	2.00E+09
874	2.00E+09
875	2.00E+09
876	2.00E+09
877	2.01E+09
878	2.01E+09
879	2.01E+09
880	2.01E+09
881	2.02E+09
882	2.02E+09
883	2.02E+09
884	2.02E+09
885	2.02E+09
886	2.03E+09
887	2.03E+09
888	2.03E+09
889	2.03E+09
890	2.04E+09
891	2.04E+09
892	2.04E+09
893	2.04E+09
894	2.05E+09
895	2.05E+09
896	2.05E+09
897	2.05E+09
898	2.05E+09
899	2.06E+09
900	2.06E+09
901	2.06E+09
902	2.06E+09
903	2.07E+09
904	2.07E+09
905	2.07E+09
906	2.07E+09
907	2.07E+09
908	2.08E+09
909	2.08E+09
910	2.08E+09
911	2.08E+09
912	2.09E+09
913	2.09E+09
914	2.09E+09
915	2.09E+09
916	2.10E+09
917	2.10E+09
918	2.10E+09
919	2.10E+09
920	2.10E+09
921	2.11E+09
922	2.11E+09
923	2.11E+09
924	2.11E+09
925	2.12E+09
926	2.12E+09
927	2.12E+09
928	2.12E+09
929	2.13E+09
930	2.13E+09
931	2.13E+09
932	2.13E+09
933	2.13E+09
934	2.14E+09
935	2.14E+09
936	2.14E+09
937	2.14E+09
938	2.15E+09
939	2.15E+09
940	2.15E+09
941	2.15E+09
942	2.15E+09
943	2.16E+09
944	2.16E+09
945	2.16E+09
946	2.16E+09
947	2.17E+09
948	2.17E+09
949	2.17E+09
950	2.17E+09
951	2.18E+09
952	2.18E+09
953	2.18E+09
954	2.18E+09
955	2.18E+09
956	2.19E+09
957	2.19E+09
958	2.19E+09
959	2.19E+09
960	2.20E+09
961	2.20E+09
962	2.20E+09
963	2.20E+09
964	2.21E+09
965	2.21E+09
966	2.21E+09
967	2.21E+09
968	2.21E+09
969	2.22E+09
970	2.22E+09
971	2.22E+09
972	2.22E+09
973	2.23E+09
974	2.23E+09
975	2.23E+09
976	2.23E+09
977	2.23E+09
978	2.24E+09
979	2.24E+09
980	2.24E+09
981	2.24E+09
982	2.25E+09
983	2.25E+09
984	2.25E+09
985	2.25E+09
986	2.26E+09
987	2.26E+09
988	2.26E+09
989	2.26E+09
990	2.26E+09
991	2.27E+09
992	2.27E+09
993	2.27E+09
994	2.27E+09
995	2.28E+09
996	2.28E+09
997	2.28E+09
998	2.28E+09
999	2.29E+09
1000	2.29E+09
1001	2.29E+09
1002	2.29E+09
1003	2.29E+09
1004	2.30E+09
1005	2.30E+09
1006	2.30E+09
1007	2.30E+09
1008	2.31E+09
1009	2.31E+09
1010	2.31E+09
1011	2.31E+09
1012	2.32E+09
1013	2.32E+09
1014	2.32E+09
1015	2.32E+09
1016	2.32E+09
1017	2.33E+09
1018	2.33E+09
1019	2.33E+09
1020	2.33E+09
1021	2.34E+09
1022	2.34E+09
1023	2.34E+09
1024	2.34E+09
1025	2.34E+09
1026	2.35E+09
1027	2.35E+09
1028	2.35E+09
1029	2.35E+09
1030	2.36E+09
1031	2.36E+09
1032	2.36E+09
1033	2.36E+09
1034	2.37E+09
1035	2.37E+09
1036	2.37E+09
1037	2.37E+09
1038	2.37E+09
1039	2.38E+09
1040	2.38E+09
1041	2.38E+09
1042	2.38E+09
1043	2.39E+09
1044	2.39E+09
1045	2.39E+09
1046	2.39E+09
1047	2.40E+09
1048	2.40E+09
1049	2.40E+09
1050	2.40E+09
1051	2.40E+09
1052	2.41E+09
1053	2.41E+09
1054	2.41E+09
1055	2.41E+09
1056	2.42E+09
1057	2.42E+09
1058	2.42E+09
1059	2.42E+09
1060	2.42E+09
1061	2.43E+09
1062	2.43E+09
1063	2.43E+09
1064	2.43E+09
1065	2.44E+09
1066	2.44E+09
1067	2.44E+09
1068	2.44E+09
1069	2.45E+09
1070	2.45E+09
1071	2.45E+09
1072	2.45E+09
1073	2.45E+09
1074	2.46E+09
1075	2.46E+09
1076	2.46E+09
1077	2.46E+09
1078	2.47E+09
1079	2.47E+09
1080	2.47E+09
1081	2.47E+09
1082	2.48E+09
1083	2.48E+09
1084	2.48E+09
1085	2.48E+09
1086	2.48E+09
1087	2.49E+09
1088	2.49E+09
1089	2.49E+09
1090	2.49E+09
1091	2.50E+09
1092	2.50E+09
1093	2.50E+09
1094	2.50E+09
1095	2.50E+09
1096	2.51E+09
1097	2.51E+09
1098	2.51E+09
1099	2.51E+09
1100	2.52E+09
1101	2.52E+09
1102	2.52E+09
1103	2.52E+09
1104	2.53E+09
1105	2.53E+09
1106	2.53E+09
1107	2.53E+09
1108	2.53E+09
1109	2.54E+09
1110	2.54E+09
1111	2.54E+09
1112	2.54E+09
1113	2.55E+09
1114	2.55E+09
1115	2.55E+09
1116	2.55E+09
1117	2.56E+09
1118	2.56E+09
1119	2.56E+09
1120	2.56E+09
1121	2.56E+09
1122	2.57E+09
1123	2.57E+09
1124	2.57E+09
1125	2.57E+09
1126	2.58E+09
1127	2.58E+09
1128	2.58E+09
1129	2.58E+09
1130	2.58E+09
1131	2.59E+09
1132	2.59E+09
1133	2.59E+09
1134	2.59E+09
1135	2.60E+09
1136	2.60E+09
1137	2.60E+09
1138	2.60E+09
1139	2.61E+09
1140	2.61E+09
1141	2.61E+09
1142	2.61E+09
1143	2.61E+09
1144	2.62E+09
1145	2.62E+09
1146	2.62E+09
1147	2.62E+09
1148	2.63E+09
1149	2.63E+09
1150	2.63E+09
1151	2.63E+09
1152	2.64E+09
1153	2.64E+09
1154	2.64E+09
1155	2.64E+09
1156	2.64E+09
1157	2.65E+09
1158	2.65E+09
1159	2.65E+09
1160	2.65E+09
1161	2.66E+09
1162	2.66E+09
1163	2.66E+09
1164	2.66E+09
1165	2.67E+09
1166	2.67E+09
1167	2.67E+09
1168	2.67E+09
1169	2.67E+09
1170	2.68E+09
1171	2.68E+09
1172	2.68E+09
1173	2.68E+09
1174	2.69E+09
1175	2.69E+09
1176	2.69E+09
1177	2.69E+09
1178	2.69E+09
1179	2.70E+09
1180	2.70E+09
1181	2.70E+09
1182	2.70E+09
1183	2.71E+09
1184	2.71E+09
1185	2.71E+09
1186	2.71E+09
1187	2.72E+09
1188	2.72E+09
1189	2.72E+09
1190	2.72E+09
1191	2.72E+09
1192	2.73E+09
1193	2.73E+09
1194	2.73E+09
1195	2.73E+09
1196	2.74E+09
1197	2.74E+09
1198	2.74E+09
1199	2.74E+09
1200	2.75E+09
1201	2.75E+09
1202	2.75E+09
1203	2.75E+09
1204	2.75E+09
1205	2.76E+09
1206	2.76E+09
1207	2.76E+09
1208	2.76E+09
1209	2.77E+09
1210	2.77E+09
1211	2.77E+09
1212	2.77E+09
1213	2.77E+09
1214	2.78E+09
1215	2.78E+09
1216	2.78E+09
1217	2.78E+09
1218	2.79E+09
1219	2.79E+09
1220	2.79E+09
1221	2.79E+09
1222	2.80E+09
1223	2.80E+09
1224	2.80E+09
1225	2.80E+09
1226	2.80E+09
1227	2.81E+09
1228	2.81E+09
1229	2.81E+09
1230	2.81E+09
1231	2.82E+09
1232	2.82E+09
1233	2.82E+09
1234	2.82E+09
1235	2.83E+09
1236	2.83E+09
1237	2.83E+09
1238	2.83E+09
1239	2.83E+09
1240	2.84E+09
1241	2.84E+09
1242	2.84E+09
1243	2.84E+09
1244	2.85E+09
1245	2.85E+09
1246	2.85E+09
1247	2.85E+09
1248	2.85E+09
1249	2.86E+09
1250	2.86E+09
1251	2.86E+09
1252	2.86E+09
1253	2.87E+09
1254	2.87E+09
1255	2.87E+09
1256	2.87E+09
1257	2.88E+09
1258	2.88E+09
1259	2.88E+09
1260	2.88E+09
1261	2.88E+09
1262	2.89E+09
1263	2.89E+09
1264	2.89E+09
1265	2.89E+09
1266	2.90E+09
1267	2.90E+09
1268	2.90E+09
1269	2.90E+09
1270	2.91E+09
1271	2.91E+09
1272	2.91E+09
1273	2.91E+09
1274	2.91E+09
1275	2.92E+09
1276	2.92E+09
1277	2.92E+09
1278	2.92E+09
1279	2.93E+09
1280	2.93E+09
1281	2.93E+09
1282	2.93E+09
1283	2.93E+09
1284	2.94E+09
1285	2.94E+09
1286	2.94E+09
1287	2.94E+09
1288	2.95E+09
1289	2.95E+09
1290	2.95E+09
1291	2.95E+09
1292	2.96E+09
1293	2.96E+09
1294	2.96E+09
1295	2.96E+09
1296	2.96E+09
1297	2.97E+09
1298	2.97E+09
1299	2.97E+09
1300	2.97E+09
1301	2.98E+09
1302	2.98E+09
1303	2.98E+09
1304	2.98E+09
1305	2.99E+09
1306	2.99E+09
1307	2.99E+09
1308	2.99E+09
1309	2.99E+09
1310	3.00E+09
1311	3.00E+09
1312	3.00E+09
1313	3.00E+09
1314	3.01E+09
1315	3.01E+09
1316	3.01E+09
1317	3.01E+09
1318	3.02E+09
1319	3.02E+09
1320	3.02E+09
1321	3.02E+09
1322	3.02E+09
1323	3.03E+09
1324	3.03E+09
1325	3.03E+09
1326	3.03E+09
1327	3.04E+09
1328	3.04E+09
1329	3.04E+09
1330	3.04E+09
1331	3.04E+09
1332	3.05E+09
1333	3.05E+09
1334	3.05E+09
1335	3.05E+09
1336	3.06E+09
1337	3.06E+09
1338	3.06E+09
1339	3.06E+09
1340	3.07E+09
1341	3.07E+09
1342	3.07E+09
1343	3.07E+09
1344	3.07E+09
1345	3.08E+09
1346	3.08E+09
1347	3.08E+09
1348	3.08E+09
1349	3.09E+09
1350	3.09E+09
1351	3.09E+09
1352	3.09E+09
1353	3.10E+09
1354	3.10E+09
1355	3.10E+09
1356	3.10E+09
1357	3.10E+09
1358	3.11E+09
1359	3.11E+09
1360	3.11E+09
1361	3.11E+09
1362	3.12E+09
1363	3.12E+09
1364	3.12E+09
1365	3.12E+09
1366	3.12E+09
1367	3.13E+09
1368	3.13E+09
1369	3.13E+09
1370	3.13E+09
1371	3.14E+09
1372	3.14E+09
1373	3.14E+09
1374	3.14E+09
1375	3.15E+09
1376	3.15E+09
1377	3.15E+09
1378	3.15E+09
1379	3.15E+09
1380	3.16E+09
1381	3.16E+09
1382	3.16E+09
1383	3.16E+09
1384	3.17E+09
1385	3.17E+09
1386	3.17E+09
1387	3.17E+09
1388	3.18E+09
1389	3.18E+09
1390	3.18E+09
1391	3.18E+09
1392	3.18E+09
1393	3.19E+09
1394	3.19E+09
1395	3.19E+09
1396	3.19E+09
1397	3.20E+09
1398	3.20E+09
1399	3.20E+09
1400	3.20E+09
1401	3.20E+09
1402	3.21E+09
1403	3.21E+09
1404	3.21E+09
1405	3.21E+09
1406	3.22E+09
1407	3.22E+09
1408	3.22E+09
1409	3.22E+09
1410	3.23E+09
1411	3.23E+09
1412	3.23E+09
1413	3.23E+09
1414	3.23E+09
1415	3.24E+09
1416	3.24E+09
1417	3.24E+09
1418	3.24E+09
1419	3.25E+09
1420	3.25E+09
1421	3.25E+09
1422	3.25E+09
1423	3.26E+09
1424	3.26E+09
1425	3.26E+09
1426	3.26E+09
1427	3.26E+09
1428	3.27E+09
1429	3.27E+09
1430	3.27E+09
1431	3.27E+09
1432	3.28E+09
1433	3.28E+09
1434	3.28E+09
1435	3.28E+09
1436	3.28E+09
1437	3.29E+09
1438	3.29E+09
1439	3.29E+09
1440	3.29E+09
1441	3.30E+09
1442	3.30E+09
1443	3.30E+09
1444	3.30E+09
1445	3.31E+09
1446	3.31E+09
1447	3.31E+09
1448	3.31E+09
1449	3.31E+09
1450	3.32E+09
1451	3.32E+09
1452	3.32E+09
1453	3.32E+09
1454	3.33E+09
1455	3.33E+09
1456	3.33E+09
1457	3.33E+09
1458	3.34E+09
1459	3.34E+09
1460	3.34E+09
1461	3.34E+09
1462	3.34E+09
1463	3.35E+09
1464	3.35E+09
1465	3.35E+09
1466	3.35E+09
1467	3.36E+09
1468	3.36E+09
1469	3.36E+09
1470	3.36E+09
1471	3.37E+09
1472	3.37E+09
1473	3.37E+09
1474	3.37E+09
1475	3.37E+09
1476	3.38E+09
1477	3.38E+09
1478	3.38E+09
1479	3.38E+09
1480	3.39E+09
1481	3.39E+09
1482	3.39E+09
1483	3.39E+09
1484	3.39E+09
1485	3.40E+09
1486	3.40E+09
1487	3.40E+09
1488	3.40E+09
1489	3.41E+09
1490	3.41E+09
1491	3.41E+09
1492	3.41E+09
1493	3.42E+09
1494	3.42E+09
1495	3.42E+09
1496	3.42E+09
1497	3.42E+09
1498	3.43E+09
1499	3.43E+09
1500	3.43E+09
1501	3.43E+09
1502	3.44E+09
1503	3.44E+09
1504	3.44E+09
1505	3.44E+09
1506	3.45E+09
1507	3.45E+09
1508	3.45E+09
1509	3.45E+09
1510	3.45E+09
1511	3.46E+09
1512	3.46E+09
1513	3.46E+09
1514	3.46E+09
1515	3.47E+09
1516	3.47E+09
1517	3.47E+09
1518	3.47E+09
1519	3.47E+09
1520	3.48E+09
1521	3.48E+09
1522	3.48E+09
1523	3.48E+09
1524	3.49E+09
1525	3.49E+09
1526	3.49E+09
1527	3.49E+09
1528	3.50E+09
1529	3.50E+09
1530	3.50E+09
1531	3.50E+09
1532	3.50E+09
1533	3.51E+09
1534	3.51E+09
1535	3.51E+09
1536	3.51E+09
1537	3.52E+09
1538	3.52E+09
1539	3.52E+09
1540	3.52E+09
1541	3.53E+09
1542	3.53E+09
1543	3.53E+09
1544	3.53E+09
1545	3.53E+09
1546	3.54E+09
1547	3.54E+09
1548	3.54E+09
1549	3.54E+09
1550	3.55E+09
1551	3.55E+09
1552	3.55E+09
1553	3.55E+09
1554	3.55E+09
1555	3.56E+09
1556	3.56E+09
1557	3.56E+09
1558	3.56E+09
1559	3.57E+09
1560	3.57E+09
1561	3.57E+09
1562	3.57E+09
1563	3.58E+09
1564	3.58E+09
1565	3.58E+09
1566	3.58E+09
1567	3.58E+09
1568	3.59E+09
1569	3.59E+09
1570	3.59E+09
1571	3.59E+09
1572	3.60E+09
1573	3.60E+09
1574	3.60E+09
1575	3.60E+09
1576	3.61E+09
1577	3.61E+09
1578	3.61E+09
1579	3.61E+09
1580	3.61E+09
1581	3.62E+09
1582	3.62E+09
1583	3.62E+09
1584	3.62E+09
1585	3.63E+09
1586	3.63E+09
1587	3.63E+09
1588	3.63E+09
1589	3.63E+09
1590	3.64E+09
1591	3.64E+09
1592	3.64E+09
1593	3.64E+09
1594	3.65E+09
1595	3.65E+09
1596	3.65E+09
1597	3.65E+09
1598	3.66E+09
1599	3.66E+09
1600	3.66E+09
1601	3.66E+09
1602	3.66E+09
1603	3.67E+09
1604	3.67E+09
1605	3.67E+09
1606	3.67E+09
1607	3.68E+09
1608	3.68E+09
1609	3.68E+09
1610	3.68E+09
1611	3.69E+09
1612	3.69E+09
1613	3.69E+09
1614	3.69E+09
1615	3.69E+09
1616	3.70E+09
1617	3.70E+09
1618	3.70E+09
1619	3.70E+09
1620	3.71E+09
1621	3.71E+09
1622	3.71E+09
1623	3.71E+09
1624	3.72E+09
1625	3.72E+09
1626	3.72E+09
1627	3.72E+09
1628	3.72E+09
1629	3.73E+09
1630	3.73E+09
1631	3.73E+09
1632	3.73E+09
1633	3.74E+09
1634	3.74E+09
1635	3.74E+09
1636	3.74E+09
1637	3.74E+09
1638	3.75E+09
1639	3.75E+09
1640	3.75E+09
1641	3.75E+09
1642	3.76E+09
1643	3.76E+09
1644	3.76E+09
1645	3.76E+09
1646	3.77E+09
1647	3.77E+09
1648	3.77E+09
1649	3.77E+09
1650	3.77E+09
1651	3.78E+09
1652	3.78E+09
1653	3.78E+09
1654	3.78E+09
1655	3.79E+09
1656	3.79E+09
1657	3.79E+09
1658	3.79E+09
1659	3.80E+09
1660	3.80E+09
1661	3.80E+09
1662	3.80E+09
1663	3.80E+09
1664	3.81E+09
1665	3.81E+09
1666	3.81E+09
1667	3.81E+09
1668	3.82E+09
1669	3.82E+09
1670	3.82E+09
1671	3.82E+09
1672	3.82E+09
1673	3.83E+09
1674	3.83E+09
1675	3.83E+09
1676	3.83E+09
1677	3.84E+09
1678	3.84E+09
1679	3.84E+09
1680	3.84E+09
1681	3.85E+09
1682	3.85E+09
1683	3.85E+09
1684	3.85E+09
1685	3.85E+09
1686	3.86E+09
1687	3.86E+09
1688	3.86E+09
1689	3.86E+09
1690	3.87E+09
1691	3.87E+09
1692	3.87E+09
1693	3.87E+09
1694	3.88E+09
1695	3.88E+09
1696	3.88E+09
1697	3.88E+09
1698	3.88E+09
1699	3.89E+09
1700	3.89E+09
1701	3.89E+09
1702	3.89E+09
1703	3.90E+09
1704	3.90E+09
1705	3.90E+09
1706	3.90E+09
1707	3.90E+09
1708	3.91E+09
1709	3.91E+09
1710	3.91E+09
1711	3.91E+09
1712	3.92E+09
1713	3.92E+09
1714	3.92E+09
1715	3.92E+09
1716	3.93E+09
1717	3.93E+09
1718	3.93E+09
1719	3.93E+09
1720	3.93E+09
1721	3.94E+09
1722	3.94E+09
1723	3.94E+09
1724	3.94E+09
1725	3.95E+09
1726	3.95E+09
1727	3.95E+09
1728	3.95E+09
1729	3.96E+09
1730	3.96E+09
1731	3.96E+09
1732	3.96E+09
1733	3.96E+09
1734	3.97E+09
1735	3.97E+09
1736	3.97E+09
1737	3.97E+09
1738	3.98E+09
1739	3.98E+09
1740	3.98E+09
1741	3.98E+09
1742	3.98E+09
1743	3.99E+09
1744	3.99E+09
1745	3.99E+09
1746	3.99E+09
1747	4.00E+09
1748	4.00E+09
1749	4.00E+09
1750	4.00E+09
1751	4.01E+09
1752	4.01E+09
1753	4.01E+09
1754	4.01E+09
1755	4.01E+09
1756	4.02E+09
1757	4.02E+09
1758	4.02E+09
1759	4.02E+09
1760	4.03E+09
1761	4.03E+09
1762	4.03E+09
1763	4.03E+09
1764	4.04E+09
1765	4.04E+09
1766	4.04E+09
1767	4.04E+09
1768	4.04E+09
1769	4.05E+09
1770	4.05E+09
1771	4.05E+09
1772	4.05E+09
1773	4.06E+09
1774	4.06E+09
1775	4.06E+09
1776	4.06E+09
1777	4.06E+09
1778	4.07E+09
1779	4.07E+09
1780	4.07E+09
1781	4.07E+09
1782	4.08E+09
1783	4.08E+09
1784	4.08E+09
1785	4.08E+09
1786	4.09E+09
1787	4.09E+09
1788	4.09E+09
1789	4.09E+09
1790	4.09E+09
1791	4.10E+09
1792	4.10E+09
1793	4.10E+09
1794	4.10E+09
1795	4.11E+09
1796	4.11E+09
1797	4.11E+09
1798	4.11E+09
1799	4.12E+09
1800	4.12E+09
1801	4.12E+09
1802	4.12E+09
1803	4.12E+09
1804	4.13E+09
1805	4.13E+09
1806	4.13E+09
1807	4.13E+09
1808	4.14E+09
1809	4.14E+09
1810	4.14E+09
1811	4.14E+09
1812	4.15E+09
1813	4.15E+09
1814	4.15E+09
1815	4.15E+09
1816	4.15E+09
1817	4.16E+09
1818	4.16E+09
1819	4.16E+09
1820	4.16E+09
1821	4.17E+09
1822	4.17E+09
1823	4.17E+09
1824	4.17E+09
1825	4.17E+09
1826	4.18E+09
1827	4.18E+09
1828	4.18E+09
1829	4.18E+09
1830	4.19E+09
1831	4.19E+09
1832	4.19E+09
1833	4.19E+09
1834	4.20E+09
1835	4.20E+09
1836	4.20E+09
1837	4.20E+09
1838	4.20E+09
1839	4.21E+09
1840	4.21E+09
1841	4.21E+09
1842	4.21E+09
1843	4.22E+09
1844	4.22E+09
1845	4.22E+09
1846	4.22E+09
1847	4.23E+09
1848	4.23E+09
1849	4.23E+09
1850	4.23E+09
1851	4.23E+09
1852	4.24E+09
1853	4.24E+09
1854	4.24E+09
1855	4.24E+09
1856	4.25E+09
1857	4.25E+09
1858	4.25E+09
1859	4.25E+09
1860	4.25E+09
1861	4.26E+09
1862	4.26E+09
1863	4.26E+09
1864	4.26E+09
1865	4.27E+09
1866	4.27E+09
1867	4.27E+09
1868	4.27E+09
1869	4.28E+09
1870	4.28E+09
1871	4.28E+09
1872	4.28E+09
1873	4.28E+09
1874	4.29E+09
1875	4.29E+09
1876	4.29E+09
1877	4.29E+09
1878	4.30E+09
1879	4.30E+09
1880	4.30E+09
1881	4.30E+09
1882	4.31E+09
1883	4.31E+09
1884	4.31E+09
1885	4.31E+09
1886	4.31E+09
1887	4.32E+09
1888	4.32E+09
1889	4.32E+09
1890	4.32E+09
1891	4.33E+09
1892	4.33E+09
1893	4.33E+09
1894	4.33E+09
1895	4.33E+09
1896	4.34E+09
1897	4.34E+09
1898	4.34E+09
1899	4.34E+09
1900	4.35E+09
1901	4.35E+09
1902	4.35E+09
1903	4.35E+09
1904	4.36E+09
1905	4.36E+09
1906	4.36E+09
1907	4.36E+09
1908	4.36E+09
1909	4.37E+09
1910	4.37E+09
1911	4.37E+09
1912	4.37E+09
1913	4.38E+09
1914	4.38E+09
1915	4.38E+09
1916	4.38E+09
1917	4.39E+09
1918	4.39E+09
1919	4.39E+09
1920	4.39E+09
1921	4.39E+09
1922	4.40E+09
1923	4.40E+09
1924	4.40E+09
1925	4.40E+09
1926	4.41E+09
1927	4.41E+09
1928	4.41E+09
1929	4.41E+09
1930	4.41E+09
1931	4.42E+09
1932	4.42E+09
1933	4.42E+09
1934	4.42E+09
1935	4.43E+09
1936	4.43E+09
1937	4.43E+09
1938	4.43E+09
1939	4.44E+09
1940	4.44E+09
1941	4.44E+09
1942	4.44E+09
1943	4.44E+09
1944	4.45E+09
1945	4.45E+09
1946	4.45E+09
1947	4.45E+09
1948	4.46E+09
1949	4.46E+09
1950	4.46E+09
1951	4.46E+09
1952	4.47E+09
1953	4.47E+09
1954	4.47E+09
1955	4.47E+09
1956	4.47E+09
1957	4.48E+09
1958	4.48E+09
1959	4.48E+09
1960	4.48E+09
1961	4.49E+09
1962	4.49E+09
1963	4.49E+09
1964	4.49E+09
1965	4.50E+09
1966	4.50E+09
1967	4.50E+09
1968	4.50E+09
1969	4.50E+09
1970	4.51E+09
1971	4.51E+09
1972	4.51E+09
1973	4.51E+09
1974	4.52E+09
1975	4.52E+09
1976	4.52E+09
1977	4.52E+09
1978	4.52E+09
1979	4.53E+09
1980	4.53E+09
1981	4.53E+09
1982	4.53E+09
1983	4.54E+09
1984	4.54E+09
1985	4.54E+09
1986	4.54E+09
1987	4.55E+09
1988	4.55E+09
1989	4.55E+09
1990	4.55E+09
1991	4.55E+09
1992	4.56E+09
1993	4.56E+09
1994	4.56E+09
1995	4.56E+09
1996	4.57E+09
1997	4.57E+09
1998	4.57E+09
1999	4.57E+09
2000	4.58E+09
2001	4.58E+09
2002	4.58E+09
2003	4.58E+09
2004	4.58E+09
2005	4.59E+09
2006	4.59E+09
2007	4.59E+09
2008	4.59E+09
2009	4.60E+09
2010	4.60E+09
2011	4.60E+09
2012	4.60E+09
2013	4.60E+09
2014	4.61E+09
2015	4.61E+09
2016	4.61E+09
2017	4.61E+09
2018	4.62E+09
2019	4.62E+09
2020	4.62E+09
2021	4.62E+09
2022	4.63E+09
2023	4.63E+09
2024	4.63E+09
2025	4.63E+09
2026	4.63E+09
2027	4.64E+09
2028	4.64E+09
2029	4.64E+09
2030	4.64E+09
2031	4.65E+09
2032	4.65E+09
2033	4.65E+09
2034	4.65E+09
2035	4.66E+09
2036	4.66E+09
2037	4.66E+09
2038	4.66E+09
2039	4.66E+09
2040	4.67E+09
2041	4.67E+09
2042	4.67E+09
2043	4.67E+09
2044	4.68E+09
2045	4.68E+09
2046	4.68E+09
2047	4.68E+09
2048	4.68E+09
2049	4.69E+09
2050	4.69E+09
2051	4.69E+09
2052	4.69E+09
2053	4.70E+09
2054	4.70E+09
2055	4.70E+09
2056	4.70E+09
2057	4.71E+09
2058	4.71E+09
2059	4.71E+09
2060	4.71E+09
2061	4.71E+09
2062	4.72E+09
2063	4.72E+09
2064	4.72E+09
2065	4.72E+09
2066	4.73E+09
2067	4.73E+09
2068	4.73E+09
2069	4.73E+09
2070	4.74E+09
2071	4.74E+09
2072	4.74E+09
2073	4.74E+09
2074	4.74E+09
2075	4.75E+09
2076	4.75E+09
2077	4.75E+09
2078	4.75E+09
2079	4.76E+09
2080	4.76E+09
2081	4.76E+09
2082	4.76E+09
2083	4.76E+09
2084	4.77E+09
2085	4.77E+09
2086	4.77E+09
2087	4.77E+09
2088	4.78E+09
2089	4.78E+09
2090	4.78E+09
2091	4.78E+09
2092	4.79E+09
2093	4.79E+09
2094	4.79E+09
2095	4.79E+09
2096	4.79E+09
2097	4.80E+09
2098	4.80E+09
2099	4.80E+09
2100	4.80E+09
2101	4.81E+09
2102	4.81E+09
2103	4.81E+09
2104	4.81E+09
2105	4.82E+09
2106	4.82E+09
2107	4.82E+09
2108	4.82E+09
2109	4.82E+09
2110	4.83E+09
2111	4.83E+09
2112	4.83E+09
2113	4.83E+09
2114	4.84E+09
2115	4.84E+09
2116	4.84E+09
2117	4.84E+09
2118	4.85E+09
2119	4.85E+09
2120	4.85E+09
2121	4.85E+09
2122	4.85E+09
2123	4.86E+09
2124	4.86E+09
2125	4.86E+09
2126	4.86E+09
2127	4.87E+09
2128	4.87E+09
2129	4.87E+09
2130	4.87E+09
2131	4.87E+09
2132	4.88E+09
2133	4.88E+09
2134	4.88E+09
2135	4.88E+09
2136	4.89E+09
2137	4.89E+09
2138	4.89E+09
2139	4.89E+09
2140	4.90E+09
2141	4.90E+09
2142	4.90E+09
2143	4.90E+09
2144	4.90E+09
2145	4.91E+09
2146	4.91E+09
2147	4.91E+09
2148	4.91E+09
2149	4.92E+09
2150	4.92E+09
2151	4.92E+09
2152	4.92E+09
2153	4.93E+09
2154	4.93E+09
2155	4.93E+09
2156	4.93E+09
2157	4.93E+09
2158	4.94E+09
2159	4.94E+09
2160	4.94E+09
2161	4.94E+09
2162	4.95E+09
2163	4.95E+09
2164	4.95E+09
2165	4.95E+09
2166	4.95E+09
2167	4.96E+09
2168	4.96E+09
2169	4.96E+09
2170	4.96E+09
2171	4.97E+09
2172	4.97E+09
2173	4.97E+09
2174	4.97E+09
2175	4.98E+09
2176	4.98E+09
2177	4.98E+09
2178	4.98E+09
2179	4.98E+09
2180	4.99E+09
2181	4.99E+09
2182	4.99E+09
2183	4.99E+09
2184	5.00E+09
2185	5.00E+09
2186	5.00E+09
2187	5.00E+09
2188	5.01E+09
2189	5.01E+09
2190	5.01E+09
2191	5.01E+09
2192	5.01E+09
2193	5.02E+09
2194	5.02E+09
2195	5.02E+09
2196	5.02E+09
2197	5.03E+09
2198	5.03E+09
2199	5.03E+09
2200	5.03E+09
2201	5.03E+09
2202	5.04E+09
2203	5.04E+09
2204	5.04E+09
2205	5.04E+09
2206	5.05E+09
2207	5.05E+09
2208	5.05E+09
2209	5.05E+09
2210	5.06E+09
2211	5.06E+09
2212	5.06E+09
2213	5.06E+09
2214	5.06E+09
2215	5.07E+09
2216	5.07E+09
2217	5.07E+09
2218	5.07E+09
2219	5.08E+09
2220	5.08E+09
2221	5.08E+09
2222	5.08E+09
2223	5.09E+09
2224	5.09E+09
2225	5.09E+09
2226	5.09E+09
2227	5.09E+09
2228	5.10E+09
2229	5.10E+09
2230	5.10E+09
2231	5.10E+09
2232	5.11E+09
2233	5.11E+09
2234	5.11E+09
2235	5.11E+09
2236	5.11E+09
2237	5.12E+09
2238	5.12E+09
2239	5.12E+09
2240	5.12E+09
2241	5.13E+09
2242	5.13E+09
2243	5.13E+09
2244	5.13E+09
2245	5.14E+09
2246	5.14E+09
2247	5.14E+09
2248	5.14E+09
2249	5.14E+09
2250	5.15E+09
2251	5.15E+09
2252	5.15E+09
2253	5.15E+09
2254	5.16E+09
2255	5.16E+09
2256	5.16E+09
2257	5.16E+09
2258	5.17E+09
2259	5.17E+09
2260	5.17E+09
2261	5.17E+09
2262	5.17E+09
2263	5.18E+09
2264	5.18E+09
2265	5.18E+09
2266	5.18E+09
2267	5.19E+09
2268	5.19E+09
2269	5.19E+09
2270	5.19E+09
2271	5.20E+09
2272	5.20E+09
2273	5.20E+09
2274	5.20E+09
2275	5.20E+09
2276	5.21E+09
2277	5.21E+09
2278	5.21E+09
2279	5.21E+09
2280	5.22E+09
2281	5.22E+09
2282	5.22E+09
2283	5.22E+09
2284	5.22E+09
2285	5.23E+09
2286	5.23E+09
2287	5.23E+09
2288	5.23E+09
2289	5.24E+09
2290	5.24E+09
2291	5.24E+09
2292	5.24E+09
2293	5.25E+09
2294	5.25E+09
2295	5.25E+09
2296	5.25E+09
2297	5.25E+09
2298	5.26E+09
2299	5.26E+09
2300	5.26E+09
2301	5.26E+09
2302	5.27E+09
2303	5.27E+09
2304	5.27E+09
2305	5.27E+09
2306	5.28E+09
2307	5.28E+09
2308	5.28E+09
2309	5.28E+09
2310	5.28E+09
2311	5.29E+09
2312	5.29E+09
2313	5.29E+09
2314	5.29E+09
2315	5.30E+09
2316	5.30E+09
2317	5.30E+09
2318	5.30E+09
2319	5.30E+09
2320	5.31E+09
2321	5.31E+09
2322	5.31E+09
2323	5.31E+09
2324	5.32E+09
2325	5.32E+09
2326	5.32E+09
2327	5.32E+09
2328	5.33E+09
2329	5.33E+09
2330	5.33E+09
2331	5.33E+09
2332	5.33E+09
2333	5.34E+09
2334	5.34E+09
2335	5.34E+09
2336	5.34E+09
2337	5.35E+09
2338	5.35E+09
2339	5.35E+09
2340	5.35E+09
2341	5.36E+09
2342	5.36E+09
2343	5.36E+09
2344	5.36E+09
2345	5.36E+09
2346	5.37E+09
2347	5.37E+09
2348	5.37E+09
2349	5.37E+09
2350	5.38E+09
2351	5.38E+09
2352	5.38E+09
2353	5.38E+09
2354	5.38E+09
2355	5.39E+09
2356	5.39E+09
2357	5.39E+09
2358	5.39E+09
2359	5.40E+09
2360	5.40E+09
2361	5.40E+09
2362	5.40E+09
2363	5.41E+09
2364	5.41E+09
2365	5.41E+09
2366	5.41E+09
2367	5.41E+09
2368	5.42E+09
2369	5.42E+09
2370	5.42E+09
2371	5.42E+09
2372	5.43E+09
2373	5.43E+09
2374	5.43E+09
2375	5.43E+09
2376	5.44E+09
2377	5.44E+09
2378	5.44E+09
2379	5.44E+09
2380	5.44E+09
2381	5.45E+09
2382	5.45E+09
2383	5.45E+09
2384	5.45E+09
2385	5.46E+09
2386	5.46E+09
2387	5.46E+09
2388	5.46E+09
2389	5.46E+09
2390	5.47E+09
2391	5.47E+09
2392	5.47E+09
2393	5.47E+09
2394	5.48E+09
2395	5.48E+09
2396	5.48E+09
2397	5.48E+09
2398	5.49E+09
2399	5.49E+09
2400	5.49E+09
2401	5.49E+09
2402	5.49E+09
2403	5.50E+09
2404	5.50E+09
2405	5.50E+09
2406	5.50E+09
2407	5.51E+09
2408	5.51E+09
2409	5.51E+09
2410	5.51E+09
2411	5.52E+09
2412	5.52E+09
2413	5.52E+09
2414	5.52E+09
2415	5.52E+09
2416	5.53E+09
2417	5.53E+09
2418	5.53E+09
2419	5.53E+09
2420	5.54E+09
2421	5.54E+09
2422	5.54E+09
2423	5.54E+09
2424	5.55E+09
2425	5.55E+09
2426	5.55E+09
2427	5.55E+09
2428	5.55E+09
2429	5.56E+09
2430	5.56E+09
2431	5.56E+09
2432	5.56E+09
2433	5.57E+09
2434	5.57E+09
2435	5.57E+09
2436	5.57E+09
2437	5.57E+09
2438	5.58E+09
2439	5.58E+09
2440	5.58E+09
2441	5.58E+09
2442	5.59E+09
2443	5.59E+09
2444	5.59E+09
2445	5.59E+09
2446	5.60E+09
2447	5.60E+09
2448	5.60E+09
2449	5.60E+09
2450	5.60E+09
2451	5.61E+09
2452	5.61E+09
2453	5.61E+09
2454	5.61E+09
2455	5.62E+09
2456	5.62E+09
2457	5.62E+09
2458	5.62E+09
2459	5.63E+09
2460	5.63E+09
2461	5.63E+09
2462	5.63E+09
2463	5.63E+09
2464	5.64E+09
2465	5.64E+09
2466	5.64E+09
2467	5.64E+09
2468	5.65E+09
2469	5.65E+09
2470	5.65E+09
2471	5.65E+09
2472	5.65E+09
2473	5.66E+09
2474	5.66E+09
2475	5.66E+09
2476	5.66E+09
2477	5.67E+09
2478	5.67E+09
2479	5.67E+09
2480	5.67E+09
2481	5.68E+09
2482	5.68E+09
2483	5.68E+09
2484	5.68E+09
2485	5.68E+09
2486	5.69E+09
2487	5.69E+09
2488	5.69E+09
2489	5.69E+09
2490	5.70E+09
2491	5.70E+09
2492	5.70E+09
2493	5.70E+09
2494	5.71E+09
2495	5.71E+09
2496	5.71E+09
2497	5.71E+09
2498	5.71E+09
2499	5.72E+09
2500	5.72E+09
