Independent Variable - Plot	Dependent Variable - Plot
1	4.09E-11
1.999	1.63E-10
2.998	3.67E-10
3.997	6.53E-10
4.996	1.02E-09
5.995	1.47E-09
6.994	2.00E-09
7.993	2.61E-09
8.992	3.31E-09
9.991	4.08E-09
10.99	4.94E-09
11.989	5.88E-09
12.988	6.90E-09
13.987	8.00E-09
14.986	9.18E-09
15.985	1.04E-08
16.984	1.18E-08
17.983	1.32E-08
18.982	1.47E-08
19.981	1.63E-08
20.98	1.80E-08
21.979	1.97E-08
22.978	2.16E-08
23.977	2.35E-08
24.976	2.55E-08
25.975	2.76E-08
26.974	2.97E-08
27.973	3.20E-08
28.972	3.43E-08
29.971	3.67E-08
30.97	3.92E-08
31.969	4.18E-08
32.968	4.44E-08
33.967	4.72E-08
34.966	5.00E-08
35.965	5.29E-08
36.964	5.59E-08
37.963	5.89E-08
38.962	6.21E-08
39.961	6.53E-08
40.96	6.86E-08
41.959	7.20E-08
42.958	7.54E-08
43.957	7.90E-08
44.956	8.26E-08
45.955	8.63E-08
46.954	9.01E-08
47.953	9.40E-08
48.952	9.80E-08
49.951	1.02E-07
50.95	1.06E-07
51.949	1.10E-07
52.948	1.15E-07
53.947	1.19E-07
54.946	1.23E-07
55.945	1.28E-07
56.944	1.33E-07
57.943	1.37E-07
58.942	1.42E-07
59.941	1.47E-07
60.94	1.52E-07
61.939	1.57E-07
62.938	1.62E-07
63.937	1.67E-07
64.936	1.72E-07
65.935	1.78E-07
66.934	1.83E-07
67.933	1.89E-07
68.932	1.94E-07
69.931	2.00E-07
70.93	2.06E-07
71.929	2.12E-07
72.928	2.17E-07
73.927	2.23E-07
74.926	2.30E-07
75.925	2.36E-07
76.924	2.42E-07
77.923	2.48E-07
78.922	2.55E-07
79.921	2.61E-07
80.92	2.68E-07
81.919	2.74E-07
82.918	2.81E-07
83.917	2.88E-07
84.916	2.95E-07
85.915	3.02E-07
86.914	3.09E-07
87.913	3.16E-07
88.912	3.23E-07
89.911	3.30E-07
90.91	3.38E-07
91.909	3.45E-07
92.908	3.53E-07
93.907	3.61E-07
94.906	3.68E-07
95.905	3.76E-07
96.904	3.84E-07
97.903	3.92E-07
98.902	4.00E-07
99.901	4.08E-07
100.9	4.16E-07
101.899	4.24E-07
102.898	4.33E-07
103.897	4.41E-07
104.896	4.50E-07
105.895	4.58E-07
106.894	4.67E-07
107.893	4.76E-07
108.892	4.85E-07
109.891	4.94E-07
110.89	5.03E-07
111.889	5.12E-07
112.888	5.21E-07
113.887	5.30E-07
114.886	5.40E-07
115.885	5.49E-07
116.884	5.59E-07
117.883	5.68E-07
118.882	5.78E-07
119.881	5.88E-07
120.88	5.97E-07
121.879	6.07E-07
122.878	6.17E-07
123.877	6.27E-07
124.876	6.38E-07
125.875	6.48E-07
126.874	6.58E-07
127.873	6.68E-07
128.872	6.79E-07
129.871	6.90E-07
130.87	7.00E-07
131.869	7.11E-07
132.868	7.22E-07
133.867	7.33E-07
134.866	7.44E-07
135.865	7.55E-07
136.864	7.66E-07
137.863	7.77E-07
138.862	7.88E-07
139.861	8.00E-07
140.86	8.11E-07
141.859	8.23E-07
142.858	8.34E-07
143.857	8.46E-07
144.856	8.58E-07
145.855	8.70E-07
146.854	8.82E-07
147.853	8.94E-07
148.852	9.06E-07
149.851	9.18E-07
150.85	9.30E-07
151.849	9.43E-07
152.848	9.55E-07
153.847	9.68E-07
154.846	9.80E-07
155.845	9.93E-07
156.844	1.01E-06
157.843	1.02E-06
158.842	1.03E-06
159.841	1.04E-06
160.84	1.06E-06
161.839	1.07E-06
162.838	1.08E-06
163.837	1.10E-06
164.836	1.11E-06
165.835	1.12E-06
166.834	1.14E-06
167.833	1.15E-06
168.832	1.17E-06
169.831	1.18E-06
170.83	1.19E-06
171.829	1.21E-06
172.828	1.22E-06
173.827	1.24E-06
174.826	1.25E-06
175.825	1.26E-06
176.824	1.28E-06
177.823	1.29E-06
178.822	1.31E-06
179.821	1.32E-06
180.82	1.34E-06
181.819	1.35E-06
182.818	1.37E-06
183.817	1.38E-06
184.816	1.40E-06
185.815	1.41E-06
186.814	1.43E-06
187.813	1.44E-06
188.812	1.46E-06
189.811	1.47E-06
190.81	1.49E-06
191.809	1.50E-06
192.808	1.52E-06
193.807	1.54E-06
194.806	1.55E-06
195.805	1.57E-06
196.804	1.58E-06
197.803	1.60E-06
198.802	1.62E-06
199.801	1.63E-06
200.8	1.65E-06
201.799	1.66E-06
202.798	1.68E-06
203.797	1.70E-06
204.796	1.71E-06
205.795	1.73E-06
206.794	1.75E-06
207.793	1.77E-06
208.792	1.78E-06
209.791	1.80E-06
210.79	1.82E-06
211.789	1.83E-06
212.788	1.85E-06
213.787	1.87E-06
214.786	1.89E-06
215.785	1.90E-06
216.784	1.92E-06
217.783	1.94E-06
218.782	1.96E-06
219.781	1.97E-06
220.78	1.99E-06
221.779	2.01E-06
222.778	2.03E-06
223.777	2.05E-06
224.776	2.07E-06
225.775	2.08E-06
226.774	2.10E-06
227.773	2.12E-06
228.772	2.14E-06
229.771	2.16E-06
230.77	2.18E-06
231.769	2.20E-06
232.768	2.22E-06
233.767	2.23E-06
234.766	2.25E-06
235.765	2.27E-06
236.764	2.29E-06
237.763	2.31E-06
238.762	2.33E-06
239.761	2.35E-06
240.76	2.37E-06
241.759	2.39E-06
242.758	2.41E-06
243.757	2.43E-06
244.756	2.45E-06
245.755	2.47E-06
246.754	2.49E-06
247.753	2.51E-06
248.752	2.53E-06
249.751	2.55E-06
250.75	2.57E-06
251.749	2.59E-06
252.748	2.61E-06
253.747	2.63E-06
254.746	2.65E-06
255.745	2.67E-06
256.744	2.69E-06
257.743	2.72E-06
258.742	2.74E-06
259.741	2.76E-06
260.74	2.78E-06
261.739	2.80E-06
262.738	2.82E-06
263.737	2.84E-06
264.736	2.87E-06
265.735	2.89E-06
266.734	2.91E-06
267.733	2.93E-06
268.732	2.95E-06
269.731	2.97E-06
270.73	3.00E-06
271.729	3.02E-06
272.728	3.04E-06
273.727	3.06E-06
274.726	3.09E-06
275.725	3.11E-06
276.724	3.13E-06
277.723	3.15E-06
278.722	3.18E-06
279.721	3.20E-06
280.72	3.22E-06
281.719	3.24E-06
282.718	3.27E-06
283.717	3.29E-06
284.716	3.31E-06
285.715	3.34E-06
286.714	3.36E-06
287.713	3.38E-06
288.712	3.41E-06
289.711	3.43E-06
290.71	3.46E-06
291.709	3.48E-06
292.708	3.50E-06
293.707	3.53E-06
294.706	3.55E-06
295.705	3.57E-06
296.704	3.60E-06
297.703	3.62E-06
298.702	3.65E-06
299.701	3.67E-06
300.7	3.70E-06
301.699	3.72E-06
302.698	3.75E-06
303.697	3.77E-06
304.696	3.80E-06
305.695	3.82E-06
306.694	3.85E-06
307.693	3.87E-06
308.692	3.90E-06
309.691	3.92E-06
310.69	3.95E-06
311.689	3.97E-06
312.688	4.00E-06
313.687	4.02E-06
314.686	4.05E-06
315.685	4.07E-06
316.684	4.10E-06
317.683	4.13E-06
318.682	4.15E-06
319.681	4.18E-06
320.68	4.20E-06
321.679	4.23E-06
322.678	4.26E-06
323.677	4.28E-06
324.676	4.31E-06
325.675	4.34E-06
326.674	4.36E-06
327.673	4.39E-06
328.672	4.42E-06
329.671	4.44E-06
330.67	4.47E-06
331.669	4.50E-06
332.668	4.52E-06
333.667	4.55E-06
334.666	4.58E-06
335.665	4.61E-06
336.664	4.63E-06
337.663	4.66E-06
338.662	4.69E-06
339.661	4.72E-06
340.66	4.74E-06
341.659	4.77E-06
342.658	4.80E-06
343.657	4.83E-06
344.656	4.86E-06
345.655	4.88E-06
346.654	4.91E-06
347.653	4.94E-06
348.652	4.97E-06
349.651	5.00E-06
350.65	5.03E-06
351.649	5.06E-06
352.648	5.08E-06
353.647	5.11E-06
354.646	5.14E-06
355.645	5.17E-06
356.644	5.20E-06
357.643	5.23E-06
358.642	5.26E-06
359.641	5.29E-06
360.64	5.32E-06
361.639	5.35E-06
362.638	5.38E-06
363.637	5.41E-06
364.636	5.44E-06
365.635	5.47E-06
366.634	5.50E-06
367.633	5.53E-06
368.632	5.56E-06
369.631	5.59E-06
370.63	5.62E-06
371.629	5.65E-06
372.628	5.68E-06
373.627	5.71E-06
374.626	5.74E-06
375.625	5.77E-06
376.624	5.80E-06
377.623	5.83E-06
378.622	5.86E-06
379.621	5.89E-06
380.62	5.92E-06
381.619	5.95E-06
382.618	5.99E-06
383.617	6.02E-06
384.616	6.05E-06
385.615	6.08E-06
386.614	6.11E-06
387.613	6.14E-06
388.612	6.17E-06
389.611	6.21E-06
390.61	6.24E-06
391.609	6.27E-06
392.608	6.30E-06
393.607	6.33E-06
394.606	6.37E-06
395.605	6.40E-06
396.604	6.43E-06
397.603	6.46E-06
398.602	6.50E-06
399.601	6.53E-06
400.6	6.56E-06
401.599	6.59E-06
402.598	6.63E-06
403.597	6.66E-06
404.596	6.69E-06
405.595	6.73E-06
406.594	6.76E-06
407.593	6.79E-06
408.592	6.83E-06
409.591	6.86E-06
410.59	6.89E-06
411.589	6.93E-06
412.588	6.96E-06
413.587	6.99E-06
414.586	7.03E-06
415.585	7.06E-06
416.584	7.09E-06
417.583	7.13E-06
418.582	7.16E-06
419.581	7.20E-06
420.58	7.23E-06
421.579	7.27E-06
422.578	7.30E-06
423.577	7.34E-06
424.576	7.37E-06
425.575	7.40E-06
426.574	7.44E-06
427.573	7.47E-06
428.572	7.51E-06
429.571	7.54E-06
430.57	7.58E-06
431.569	7.61E-06
432.568	7.65E-06
433.567	7.69E-06
434.566	7.72E-06
435.565	7.76E-06
436.564	7.79E-06
437.563	7.83E-06
438.562	7.86E-06
439.561	7.90E-06
440.56	7.94E-06
441.559	7.97E-06
442.558	8.01E-06
443.557	8.04E-06
444.556	8.08E-06
445.555	8.12E-06
446.554	8.15E-06
447.553	8.19E-06
448.552	8.23E-06
449.551	8.26E-06
450.55	8.30E-06
451.549	8.34E-06
452.548	8.37E-06
453.547	8.41E-06
454.546	8.45E-06
455.545	8.48E-06
456.544	8.52E-06
457.543	8.56E-06
458.542	8.60E-06
459.541	8.63E-06
460.54	8.67E-06
461.539	8.71E-06
462.538	8.75E-06
463.537	8.78E-06
464.536	8.82E-06
465.535	8.86E-06
466.534	8.90E-06
467.533	8.94E-06
468.532	8.97E-06
469.531	9.01E-06
470.53	9.05E-06
471.529	9.09E-06
472.528	9.13E-06
473.527	9.17E-06
474.526	9.21E-06
475.525	9.24E-06
476.524	9.28E-06
477.523	9.32E-06
478.522	9.36E-06
479.521	9.40E-06
480.52	9.44E-06
481.519	9.48E-06
482.518	9.52E-06
483.517	9.56E-06
484.516	9.60E-06
485.515	9.64E-06
486.514	9.68E-06
487.513	9.72E-06
488.512	9.76E-06
489.511	9.80E-06
490.51	9.84E-06
491.509	9.88E-06
492.508	9.92E-06
493.507	9.96E-06
494.506	1.00E-05
495.505	1.00E-05
496.504	1.01E-05
497.503	1.01E-05
498.502	1.02E-05
499.501	1.02E-05
500.5	1.02E-05
501.499	1.03E-05
502.498	1.03E-05
503.497	1.04E-05
504.496	1.04E-05
505.495	1.04E-05
506.494	1.05E-05
507.493	1.05E-05
508.492	1.06E-05
509.491	1.06E-05
510.49	1.07E-05
511.489	1.07E-05
512.488	1.07E-05
513.487	1.08E-05
514.486	1.08E-05
515.485	1.09E-05
516.484	1.09E-05
517.483	1.09E-05
518.482	1.10E-05
519.481	1.10E-05
520.48	1.11E-05
521.479	1.11E-05
522.478	1.12E-05
523.477	1.12E-05
524.476	1.12E-05
525.475	1.13E-05
526.474	1.13E-05
527.473	1.14E-05
528.472	1.14E-05
529.471	1.15E-05
530.47	1.15E-05
531.469	1.15E-05
532.468	1.16E-05
533.467	1.16E-05
534.466	1.17E-05
535.465	1.17E-05
536.464	1.18E-05
537.463	1.18E-05
538.462	1.19E-05
539.461	1.19E-05
540.46	1.19E-05
541.459	1.20E-05
542.458	1.20E-05
543.457	1.21E-05
544.456	1.21E-05
545.455	1.22E-05
546.454	1.22E-05
547.453	1.23E-05
548.452	1.23E-05
549.451	1.23E-05
550.45	1.24E-05
551.449	1.24E-05
552.448	1.25E-05
553.447	1.25E-05
554.446	1.26E-05
555.445	1.26E-05
556.444	1.27E-05
557.443	1.27E-05
558.442	1.27E-05
559.441	1.28E-05
560.44	1.28E-05
561.439	1.29E-05
562.438	1.29E-05
563.437	1.30E-05
564.436	1.30E-05
565.435	1.31E-05
566.434	1.31E-05
567.433	1.32E-05
568.432	1.32E-05
569.431	1.33E-05
570.43	1.33E-05
571.429	1.33E-05
572.428	1.34E-05
573.427	1.34E-05
574.426	1.35E-05
575.425	1.35E-05
576.424	1.36E-05
577.423	1.36E-05
578.422	1.37E-05
579.421	1.37E-05
580.42	1.38E-05
581.419	1.38E-05
582.418	1.39E-05
583.417	1.39E-05
584.416	1.40E-05
585.415	1.40E-05
586.414	1.41E-05
587.413	1.41E-05
588.412	1.42E-05
589.411	1.42E-05
590.41	1.43E-05
591.409	1.43E-05
592.408	1.43E-05
593.407	1.44E-05
594.406	1.44E-05
595.405	1.45E-05
596.404	1.45E-05
597.403	1.46E-05
598.402	1.46E-05
599.401	1.47E-05
600.4	1.47E-05
601.399	1.48E-05
602.398	1.48E-05
603.397	1.49E-05
604.396	1.49E-05
605.395	1.50E-05
606.394	1.50E-05
607.393	1.51E-05
608.392	1.51E-05
609.391	1.52E-05
610.39	1.52E-05
611.389	1.53E-05
612.388	1.53E-05
613.387	1.54E-05
614.386	1.54E-05
615.385	1.55E-05
616.384	1.55E-05
617.383	1.56E-05
618.382	1.56E-05
619.381	1.57E-05
620.38	1.57E-05
621.379	1.58E-05
622.378	1.58E-05
623.377	1.59E-05
624.376	1.59E-05
625.375	1.60E-05
626.374	1.60E-05
627.373	1.61E-05
628.372	1.61E-05
629.371	1.62E-05
630.37	1.62E-05
631.369	1.63E-05
632.368	1.63E-05
633.367	1.64E-05
634.366	1.65E-05
635.365	1.65E-05
636.364	1.66E-05
637.363	1.66E-05
638.362	1.67E-05
639.361	1.67E-05
640.36	1.68E-05
641.359	1.68E-05
642.358	1.69E-05
643.357	1.69E-05
644.356	1.70E-05
645.355	1.70E-05
646.354	1.71E-05
647.353	1.71E-05
648.352	1.72E-05
649.351	1.72E-05
650.35	1.73E-05
651.349	1.73E-05
652.348	1.74E-05
653.347	1.75E-05
654.346	1.75E-05
655.345	1.76E-05
656.344	1.76E-05
657.343	1.77E-05
658.342	1.77E-05
659.341	1.78E-05
660.34	1.78E-05
661.339	1.79E-05
662.338	1.79E-05
663.337	1.80E-05
664.336	1.80E-05
665.335	1.81E-05
666.334	1.82E-05
667.333	1.82E-05
668.332	1.83E-05
669.331	1.83E-05
670.33	1.84E-05
671.329	1.84E-05
672.328	1.85E-05
673.327	1.85E-05
674.326	1.86E-05
675.325	1.86E-05
676.324	1.87E-05
677.323	1.88E-05
678.322	1.88E-05
679.321	1.89E-05
680.32	1.89E-05
681.319	1.90E-05
682.318	1.90E-05
683.317	1.91E-05
684.316	1.91E-05
685.315	1.92E-05
686.314	1.93E-05
687.313	1.93E-05
688.312	1.94E-05
689.311	1.94E-05
690.31	1.95E-05
691.309	1.95E-05
692.308	1.96E-05
693.307	1.97E-05
694.306	1.97E-05
695.305	1.98E-05
696.304	1.98E-05
697.303	1.99E-05
698.302	1.99E-05
699.301	2.00E-05
700.3	2.00E-05
701.299	2.01E-05
702.298	2.02E-05
703.297	2.02E-05
704.296	2.03E-05
705.295	2.03E-05
706.294	2.04E-05
707.293	2.05E-05
708.292	2.05E-05
709.291	2.06E-05
710.29	2.06E-05
711.289	2.07E-05
712.288	2.07E-05
713.287	2.08E-05
714.286	2.09E-05
715.285	2.09E-05
716.284	2.10E-05
717.283	2.10E-05
718.282	2.11E-05
719.281	2.12E-05
720.28	2.12E-05
721.279	2.13E-05
722.278	2.13E-05
723.277	2.14E-05
724.276	2.14E-05
725.275	2.15E-05
726.274	2.16E-05
727.273	2.16E-05
728.272	2.17E-05
729.271	2.17E-05
730.27	2.18E-05
731.269	2.19E-05
732.268	2.19E-05
733.267	2.20E-05
734.266	2.20E-05
735.265	2.21E-05
736.264	2.22E-05
737.263	2.22E-05
738.262	2.23E-05
739.261	2.23E-05
740.26	2.24E-05
741.259	2.25E-05
742.258	2.25E-05
743.257	2.26E-05
744.256	2.26E-05
745.255	2.27E-05
746.254	2.28E-05
747.253	2.28E-05
748.252	2.29E-05
749.251	2.30E-05
750.25	2.30E-05
751.249	2.31E-05
752.248	2.31E-05
753.247	2.32E-05
754.246	2.33E-05
755.245	2.33E-05
756.244	2.34E-05
757.243	2.34E-05
758.242	2.35E-05
759.241	2.36E-05
760.24	2.36E-05
761.239	2.37E-05
762.238	2.38E-05
763.237	2.38E-05
764.236	2.39E-05
765.235	2.39E-05
766.234	2.40E-05
767.233	2.41E-05
768.232	2.41E-05
769.231	2.42E-05
770.23	2.43E-05
771.229	2.43E-05
772.228	2.44E-05
773.227	2.44E-05
774.226	2.45E-05
775.225	2.46E-05
776.224	2.46E-05
777.223	2.47E-05
778.222	2.48E-05
779.221	2.48E-05
780.22	2.49E-05
781.219	2.50E-05
782.218	2.50E-05
783.217	2.51E-05
784.216	2.51E-05
785.215	2.52E-05
786.214	2.53E-05
787.213	2.53E-05
788.212	2.54E-05
789.211	2.55E-05
790.21	2.55E-05
791.209	2.56E-05
792.208	2.57E-05
793.207	2.57E-05
794.206	2.58E-05
795.205	2.59E-05
796.204	2.59E-05
797.203	2.60E-05
798.202	2.60E-05
799.201	2.61E-05
800.2	2.62E-05
801.199	2.62E-05
802.198	2.63E-05
803.197	2.64E-05
804.196	2.64E-05
805.195	2.65E-05
806.194	2.66E-05
807.193	2.66E-05
808.192	2.67E-05
809.191	2.68E-05
810.19	2.68E-05
811.189	2.69E-05
812.188	2.70E-05
813.187	2.70E-05
814.186	2.71E-05
815.185	2.72E-05
816.184	2.72E-05
817.183	2.73E-05
818.182	2.74E-05
819.181	2.74E-05
820.18	2.75E-05
821.179	2.76E-05
822.178	2.76E-05
823.177	2.77E-05
824.176	2.78E-05
825.175	2.78E-05
826.174	2.79E-05
827.173	2.80E-05
828.172	2.80E-05
829.171	2.81E-05
830.17	2.82E-05
831.169	2.82E-05
832.168	2.83E-05
833.167	2.84E-05
834.166	2.84E-05
835.165	2.85E-05
836.164	2.86E-05
837.163	2.87E-05
838.162	2.87E-05
839.161	2.88E-05
840.16	2.89E-05
841.159	2.89E-05
842.158	2.90E-05
843.157	2.91E-05
844.156	2.91E-05
845.155	2.92E-05
846.154	2.93E-05
847.153	2.93E-05
848.152	2.94E-05
849.151	2.95E-05
850.15	2.95E-05
851.149	2.96E-05
852.148	2.97E-05
853.147	2.98E-05
854.146	2.98E-05
855.145	2.99E-05
856.144	3.00E-05
857.143	3.00E-05
858.142	3.01E-05
859.141	3.02E-05
860.14	3.02E-05
861.139	3.03E-05
862.138	3.04E-05
863.137	3.05E-05
864.136	3.05E-05
865.135	3.06E-05
866.134	3.07E-05
867.133	3.07E-05
868.132	3.08E-05
869.131	3.09E-05
870.13	3.10E-05
871.129	3.10E-05
872.128	3.11E-05
873.127	3.12E-05
874.126	3.12E-05
875.125	3.13E-05
876.124	3.14E-05
877.123	3.15E-05
878.122	3.15E-05
879.121	3.16E-05
880.12	3.17E-05
881.119	3.17E-05
882.118	3.18E-05
883.117	3.19E-05
884.116	3.20E-05
885.115	3.20E-05
886.114	3.21E-05
887.113	3.22E-05
888.112	3.22E-05
889.111	3.23E-05
890.11	3.24E-05
891.109	3.25E-05
892.108	3.25E-05
893.107	3.26E-05
894.106	3.27E-05
895.105	3.28E-05
896.104	3.28E-05
897.103	3.29E-05
898.102	3.30E-05
899.101	3.30E-05
900.1	3.31E-05
901.099	3.32E-05
902.098	3.33E-05
903.097	3.33E-05
904.096	3.34E-05
905.095	3.35E-05
906.094	3.36E-05
907.093	3.36E-05
908.092	3.37E-05
909.091	3.38E-05
910.09	3.39E-05
911.089	3.39E-05
912.088	3.40E-05
913.087	3.41E-05
914.086	3.42E-05
915.085	3.42E-05
916.084	3.43E-05
917.083	3.44E-05
918.082	3.45E-05
919.081	3.45E-05
920.08	3.46E-05
921.079	3.47E-05
922.078	3.48E-05
923.077	3.48E-05
924.076	3.49E-05
925.075	3.50E-05
926.074	3.51E-05
927.073	3.51E-05
928.072	3.52E-05
929.071	3.53E-05
930.07	3.54E-05
931.069	3.54E-05
932.068	3.55E-05
933.067	3.56E-05
934.066	3.57E-05
935.065	3.57E-05
936.064	3.58E-05
937.063	3.59E-05
938.062	3.60E-05
939.061	3.61E-05
940.06	3.61E-05
941.059	3.62E-05
942.058	3.63E-05
943.057	3.64E-05
944.056	3.64E-05
945.055	3.65E-05
946.054	3.66E-05
947.053	3.67E-05
948.052	3.67E-05
949.051	3.68E-05
950.05	3.69E-05
951.049	3.70E-05
952.048	3.71E-05
953.047	3.71E-05
954.046	3.72E-05
955.045	3.73E-05
956.044	3.74E-05
957.043	3.74E-05
958.042	3.75E-05
959.041	3.76E-05
960.04	3.77E-05
961.039	3.78E-05
962.038	3.78E-05
963.037	3.79E-05
964.036	3.80E-05
965.035	3.81E-05
966.034	3.82E-05
967.033	3.82E-05
968.032	3.83E-05
969.031	3.84E-05
970.03	3.85E-05
971.029	3.85E-05
972.028	3.86E-05
973.027	3.87E-05
974.026	3.88E-05
975.025	3.89E-05
976.024	3.89E-05
977.023	3.90E-05
978.022	3.91E-05
979.021	3.92E-05
980.02	3.93E-05
981.019	3.93E-05
982.018	3.94E-05
983.017	3.95E-05
984.016	3.96E-05
985.015	3.97E-05
986.014	3.97E-05
987.013	3.98E-05
988.012	3.99E-05
989.011	4.00E-05
990.01	4.01E-05
991.009	4.02E-05
992.008	4.02E-05
993.007	4.03E-05
994.006	4.04E-05
995.005	4.05E-05
996.004	4.06E-05
997.003	4.06E-05
998.002	4.07E-05
999.001	4.08E-05
1000	4.09E-05
