Independent Variable - Plot	Dependent Variable - Plot
1	1.91E-11
1.999	7.62E-11
2.998	1.71E-10
3.997	3.05E-10
4.996	4.76E-10
5.995	6.85E-10
6.994	9.33E-10
7.993	1.22E-09
8.992	1.54E-09
9.991	1.90E-09
10.99	2.30E-09
11.989	2.74E-09
12.988	3.22E-09
13.987	3.73E-09
14.986	4.28E-09
15.985	4.87E-09
16.984	5.50E-09
17.983	6.17E-09
18.982	6.87E-09
19.981	7.61E-09
20.98	8.39E-09
21.979	9.21E-09
22.978	1.01E-08
23.977	1.10E-08
24.976	1.19E-08
25.975	1.29E-08
26.974	1.39E-08
27.973	1.49E-08
28.972	1.60E-08
29.971	1.71E-08
30.97	1.83E-08
31.969	1.95E-08
32.968	2.07E-08
33.967	2.20E-08
34.966	2.33E-08
35.965	2.47E-08
36.964	2.61E-08
37.963	2.75E-08
38.962	2.89E-08
39.961	3.04E-08
40.96	3.20E-08
41.959	3.36E-08
42.958	3.52E-08
43.957	3.68E-08
44.956	3.85E-08
45.955	4.03E-08
46.954	4.20E-08
47.953	4.38E-08
48.952	4.57E-08
49.951	4.76E-08
50.95	4.95E-08
51.949	5.15E-08
52.948	5.35E-08
53.947	5.55E-08
54.946	5.76E-08
55.945	5.97E-08
56.944	6.18E-08
57.943	6.40E-08
58.942	6.62E-08
59.941	6.85E-08
60.94	7.08E-08
61.939	7.31E-08
62.938	7.55E-08
63.937	7.79E-08
64.936	8.04E-08
65.935	8.29E-08
66.934	8.54E-08
67.933	8.80E-08
68.932	9.06E-08
69.931	9.32E-08
70.93	9.59E-08
71.929	9.86E-08
72.928	1.01E-07
73.927	1.04E-07
74.926	1.07E-07
75.925	1.10E-07
76.924	1.13E-07
77.923	1.16E-07
78.922	1.19E-07
79.921	1.22E-07
80.92	1.25E-07
81.919	1.28E-07
82.918	1.31E-07
83.917	1.34E-07
84.916	1.37E-07
85.915	1.41E-07
86.914	1.44E-07
87.913	1.47E-07
88.912	1.51E-07
89.911	1.54E-07
90.91	1.58E-07
91.909	1.61E-07
92.908	1.65E-07
93.907	1.68E-07
94.906	1.72E-07
95.905	1.75E-07
96.904	1.79E-07
97.903	1.83E-07
98.902	1.86E-07
99.901	1.90E-07
100.9	1.94E-07
101.899	1.98E-07
102.898	2.02E-07
103.897	2.06E-07
104.896	2.10E-07
105.895	2.14E-07
106.894	2.18E-07
107.893	2.22E-07
108.892	2.26E-07
109.891	2.30E-07
110.89	2.34E-07
111.889	2.39E-07
112.888	2.43E-07
113.887	2.47E-07
114.886	2.52E-07
115.885	2.56E-07
116.884	2.60E-07
117.883	2.65E-07
118.882	2.69E-07
119.881	2.74E-07
120.88	2.79E-07
121.879	2.83E-07
122.878	2.88E-07
123.877	2.93E-07
124.876	2.97E-07
125.875	3.02E-07
126.874	3.07E-07
127.873	3.12E-07
128.872	3.17E-07
129.871	3.22E-07
130.87	3.27E-07
131.869	3.32E-07
132.868	3.37E-07
133.867	3.42E-07
134.866	3.47E-07
135.865	3.52E-07
136.864	3.57E-07
137.863	3.62E-07
138.862	3.68E-07
139.861	3.73E-07
140.86	3.78E-07
141.859	3.84E-07
142.858	3.89E-07
143.857	3.95E-07
144.856	4.00E-07
145.855	4.06E-07
146.854	4.11E-07
147.853	4.17E-07
148.852	4.22E-07
149.851	4.28E-07
150.85	4.34E-07
151.849	4.40E-07
152.848	4.45E-07
153.847	4.51E-07
154.846	4.57E-07
155.845	4.63E-07
156.844	4.69E-07
157.843	4.75E-07
158.842	4.81E-07
159.841	4.87E-07
160.84	4.93E-07
161.839	4.99E-07
162.838	5.06E-07
163.837	5.12E-07
164.836	5.18E-07
165.835	5.24E-07
166.834	5.31E-07
167.833	5.37E-07
168.832	5.43E-07
169.831	5.50E-07
170.83	5.56E-07
171.829	5.63E-07
172.828	5.69E-07
173.827	5.76E-07
174.826	5.83E-07
175.825	5.89E-07
176.824	5.96E-07
177.823	6.03E-07
178.822	6.10E-07
179.821	6.17E-07
180.82	6.23E-07
181.819	6.30E-07
182.818	6.37E-07
183.817	6.44E-07
184.816	6.51E-07
185.815	6.58E-07
186.814	6.65E-07
187.813	6.73E-07
188.812	6.80E-07
189.811	6.87E-07
190.81	6.94E-07
191.809	7.01E-07
192.808	7.09E-07
193.807	7.16E-07
194.806	7.24E-07
195.805	7.31E-07
196.804	7.38E-07
197.803	7.46E-07
198.802	7.54E-07
199.801	7.61E-07
200.8	7.69E-07
201.799	7.76E-07
202.798	7.84E-07
203.797	7.92E-07
204.796	8.00E-07
205.795	8.07E-07
206.794	8.15E-07
207.793	8.23E-07
208.792	8.31E-07
209.791	8.39E-07
210.79	8.47E-07
211.789	8.55E-07
212.788	8.63E-07
213.787	8.71E-07
214.786	8.80E-07
215.785	8.88E-07
216.784	8.96E-07
217.783	9.04E-07
218.782	9.13E-07
219.781	9.21E-07
220.78	9.29E-07
221.779	9.38E-07
222.778	9.46E-07
223.777	9.55E-07
224.776	9.63E-07
225.775	9.72E-07
226.774	9.80E-07
227.773	9.89E-07
228.772	9.98E-07
229.771	1.01E-06
230.77	1.02E-06
231.769	1.02E-06
232.768	1.03E-06
233.767	1.04E-06
234.766	1.05E-06
235.765	1.06E-06
236.764	1.07E-06
237.763	1.08E-06
238.762	1.09E-06
239.761	1.10E-06
240.76	1.11E-06
241.759	1.11E-06
242.758	1.12E-06
243.757	1.13E-06
244.756	1.14E-06
245.755	1.15E-06
246.754	1.16E-06
247.753	1.17E-06
248.752	1.18E-06
249.751	1.19E-06
250.75	1.20E-06
251.749	1.21E-06
252.748	1.22E-06
253.747	1.23E-06
254.746	1.24E-06
255.745	1.25E-06
256.744	1.26E-06
257.743	1.27E-06
258.742	1.28E-06
259.741	1.29E-06
260.74	1.30E-06
261.739	1.31E-06
262.738	1.32E-06
263.737	1.33E-06
264.736	1.34E-06
265.735	1.35E-06
266.734	1.36E-06
267.733	1.37E-06
268.732	1.38E-06
269.731	1.39E-06
270.73	1.40E-06
271.729	1.41E-06
272.728	1.42E-06
273.727	1.43E-06
274.726	1.44E-06
275.725	1.45E-06
276.724	1.46E-06
277.723	1.47E-06
278.722	1.48E-06
279.721	1.49E-06
280.72	1.50E-06
281.719	1.51E-06
282.718	1.52E-06
283.717	1.53E-06
284.716	1.55E-06
285.715	1.56E-06
286.714	1.57E-06
287.713	1.58E-06
288.712	1.59E-06
289.711	1.60E-06
290.71	1.61E-06
291.709	1.62E-06
292.708	1.63E-06
293.707	1.64E-06
294.706	1.66E-06
295.705	1.67E-06
296.704	1.68E-06
297.703	1.69E-06
298.702	1.70E-06
299.701	1.71E-06
300.7	1.72E-06
301.699	1.74E-06
302.698	1.75E-06
303.697	1.76E-06
304.696	1.77E-06
305.695	1.78E-06
306.694	1.79E-06
307.693	1.81E-06
308.692	1.82E-06
309.691	1.83E-06
310.69	1.84E-06
311.689	1.85E-06
312.688	1.86E-06
313.687	1.88E-06
314.686	1.89E-06
315.685	1.90E-06
316.684	1.91E-06
317.683	1.92E-06
318.682	1.94E-06
319.681	1.95E-06
320.68	1.96E-06
321.679	1.97E-06
322.678	1.99E-06
323.677	2.00E-06
324.676	2.01E-06
325.675	2.02E-06
326.674	2.03E-06
327.673	2.05E-06
328.672	2.06E-06
329.671	2.07E-06
330.67	2.08E-06
331.669	2.10E-06
332.668	2.11E-06
333.667	2.12E-06
334.666	2.14E-06
335.665	2.15E-06
336.664	2.16E-06
337.663	2.17E-06
338.662	2.19E-06
339.661	2.20E-06
340.66	2.21E-06
341.659	2.23E-06
342.658	2.24E-06
343.657	2.25E-06
344.656	2.26E-06
345.655	2.28E-06
346.654	2.29E-06
347.653	2.30E-06
348.652	2.32E-06
349.651	2.33E-06
350.65	2.34E-06
351.649	2.36E-06
352.648	2.37E-06
353.647	2.38E-06
354.646	2.40E-06
355.645	2.41E-06
356.644	2.43E-06
357.643	2.44E-06
358.642	2.45E-06
359.641	2.47E-06
360.64	2.48E-06
361.639	2.49E-06
362.638	2.51E-06
363.637	2.52E-06
364.636	2.54E-06
365.635	2.55E-06
366.634	2.56E-06
367.633	2.58E-06
368.632	2.59E-06
369.631	2.60E-06
370.63	2.62E-06
371.629	2.63E-06
372.628	2.65E-06
373.627	2.66E-06
374.626	2.68E-06
375.625	2.69E-06
376.624	2.70E-06
377.623	2.72E-06
378.622	2.73E-06
379.621	2.75E-06
380.62	2.76E-06
381.619	2.78E-06
382.618	2.79E-06
383.617	2.81E-06
384.616	2.82E-06
385.615	2.84E-06
386.614	2.85E-06
387.613	2.86E-06
388.612	2.88E-06
389.611	2.89E-06
390.61	2.91E-06
391.609	2.92E-06
392.608	2.94E-06
393.607	2.95E-06
394.606	2.97E-06
395.605	2.98E-06
396.604	3.00E-06
397.603	3.01E-06
398.602	3.03E-06
399.601	3.04E-06
400.6	3.06E-06
401.599	3.08E-06
402.598	3.09E-06
403.597	3.11E-06
404.596	3.12E-06
405.595	3.14E-06
406.594	3.15E-06
407.593	3.17E-06
408.592	3.18E-06
409.591	3.20E-06
410.59	3.21E-06
411.589	3.23E-06
412.588	3.25E-06
413.587	3.26E-06
414.586	3.28E-06
415.585	3.29E-06
416.584	3.31E-06
417.583	3.32E-06
418.582	3.34E-06
419.581	3.36E-06
420.58	3.37E-06
421.579	3.39E-06
422.578	3.40E-06
423.577	3.42E-06
424.576	3.44E-06
425.575	3.45E-06
426.574	3.47E-06
427.573	3.49E-06
428.572	3.50E-06
429.571	3.52E-06
430.57	3.53E-06
431.569	3.55E-06
432.568	3.57E-06
433.567	3.58E-06
434.566	3.60E-06
435.565	3.62E-06
436.564	3.63E-06
437.563	3.65E-06
438.562	3.67E-06
439.561	3.68E-06
440.56	3.70E-06
441.559	3.72E-06
442.558	3.73E-06
443.557	3.75E-06
444.556	3.77E-06
445.555	3.78E-06
446.554	3.80E-06
447.553	3.82E-06
448.552	3.84E-06
449.551	3.85E-06
450.55	3.87E-06
451.549	3.89E-06
452.548	3.90E-06
453.547	3.92E-06
454.546	3.94E-06
455.545	3.96E-06
456.544	3.97E-06
457.543	3.99E-06
458.542	4.01E-06
459.541	4.03E-06
460.54	4.04E-06
461.539	4.06E-06
462.538	4.08E-06
463.537	4.10E-06
464.536	4.11E-06
465.535	4.13E-06
466.534	4.15E-06
467.533	4.17E-06
468.532	4.19E-06
469.531	4.20E-06
470.53	4.22E-06
471.529	4.24E-06
472.528	4.26E-06
473.527	4.28E-06
474.526	4.29E-06
475.525	4.31E-06
476.524	4.33E-06
477.523	4.35E-06
478.522	4.37E-06
479.521	4.38E-06
480.52	4.40E-06
481.519	4.42E-06
482.518	4.44E-06
483.517	4.46E-06
484.516	4.48E-06
485.515	4.49E-06
486.514	4.51E-06
487.513	4.53E-06
488.512	4.55E-06
489.511	4.57E-06
490.51	4.59E-06
491.509	4.61E-06
492.508	4.62E-06
493.507	4.64E-06
494.506	4.66E-06
495.505	4.68E-06
496.504	4.70E-06
497.503	4.72E-06
498.502	4.74E-06
499.501	4.76E-06
500.5	4.78E-06
501.499	4.80E-06
502.498	4.81E-06
503.497	4.83E-06
504.496	4.85E-06
505.495	4.87E-06
506.494	4.89E-06
507.493	4.91E-06
508.492	4.93E-06
509.491	4.95E-06
510.49	4.97E-06
511.489	4.99E-06
512.488	5.01E-06
513.487	5.03E-06
514.486	5.05E-06
515.485	5.07E-06
516.484	5.09E-06
517.483	5.11E-06
518.482	5.13E-06
519.481	5.15E-06
520.48	5.16E-06
521.479	5.18E-06
522.478	5.20E-06
523.477	5.22E-06
524.476	5.24E-06
525.475	5.26E-06
526.474	5.28E-06
527.473	5.30E-06
528.472	5.32E-06
529.471	5.34E-06
530.47	5.37E-06
531.469	5.39E-06
532.468	5.41E-06
533.467	5.43E-06
534.466	5.45E-06
535.465	5.47E-06
536.464	5.49E-06
537.463	5.51E-06
538.462	5.53E-06
539.461	5.55E-06
540.46	5.57E-06
541.459	5.59E-06
542.458	5.61E-06
543.457	5.63E-06
544.456	5.65E-06
545.455	5.67E-06
546.454	5.69E-06
547.453	5.71E-06
548.452	5.74E-06
549.451	5.76E-06
550.45	5.78E-06
551.449	5.80E-06
552.448	5.82E-06
553.447	5.84E-06
554.446	5.86E-06
555.445	5.88E-06
556.444	5.90E-06
557.443	5.92E-06
558.442	5.95E-06
559.441	5.97E-06
560.44	5.99E-06
561.439	6.01E-06
562.438	6.03E-06
563.437	6.05E-06
564.436	6.07E-06
565.435	6.10E-06
566.434	6.12E-06
567.433	6.14E-06
568.432	6.16E-06
569.431	6.18E-06
570.43	6.20E-06
571.429	6.23E-06
572.428	6.25E-06
573.427	6.27E-06
574.426	6.29E-06
575.425	6.31E-06
576.424	6.33E-06
577.423	6.36E-06
578.422	6.38E-06
579.421	6.40E-06
580.42	6.42E-06
581.419	6.45E-06
582.418	6.47E-06
583.417	6.49E-06
584.416	6.51E-06
585.415	6.53E-06
586.414	6.56E-06
587.413	6.58E-06
588.412	6.60E-06
589.411	6.62E-06
590.41	6.65E-06
591.409	6.67E-06
592.408	6.69E-06
593.407	6.71E-06
594.406	6.74E-06
595.405	6.76E-06
596.404	6.78E-06
597.403	6.80E-06
598.402	6.83E-06
599.401	6.85E-06
600.4	6.87E-06
601.399	6.90E-06
602.398	6.92E-06
603.397	6.94E-06
604.396	6.96E-06
605.395	6.99E-06
606.394	7.01E-06
607.393	7.03E-06
608.392	7.06E-06
609.391	7.08E-06
610.39	7.10E-06
611.389	7.13E-06
612.388	7.15E-06
613.387	7.17E-06
614.386	7.20E-06
615.385	7.22E-06
616.384	7.24E-06
617.383	7.27E-06
618.382	7.29E-06
619.381	7.31E-06
620.38	7.34E-06
621.379	7.36E-06
622.378	7.39E-06
623.377	7.41E-06
624.376	7.43E-06
625.375	7.46E-06
626.374	7.48E-06
627.373	7.50E-06
628.372	7.53E-06
629.371	7.55E-06
630.37	7.58E-06
631.369	7.60E-06
632.368	7.62E-06
633.367	7.65E-06
634.366	7.67E-06
635.365	7.70E-06
636.364	7.72E-06
637.363	7.75E-06
638.362	7.77E-06
639.361	7.79E-06
640.36	7.82E-06
641.359	7.84E-06
642.358	7.87E-06
643.357	7.89E-06
644.356	7.92E-06
645.355	7.94E-06
646.354	7.97E-06
647.353	7.99E-06
648.352	8.01E-06
649.351	8.04E-06
650.35	8.06E-06
651.349	8.09E-06
652.348	8.11E-06
653.347	8.14E-06
654.346	8.16E-06
655.345	8.19E-06
656.344	8.21E-06
657.343	8.24E-06
658.342	8.26E-06
659.341	8.29E-06
660.34	8.31E-06
661.339	8.34E-06
662.338	8.36E-06
663.337	8.39E-06
664.336	8.41E-06
665.335	8.44E-06
666.334	8.47E-06
667.333	8.49E-06
668.332	8.52E-06
669.331	8.54E-06
670.33	8.57E-06
671.329	8.59E-06
672.328	8.62E-06
673.327	8.64E-06
674.326	8.67E-06
675.325	8.70E-06
676.324	8.72E-06
677.323	8.75E-06
678.322	8.77E-06
679.321	8.80E-06
680.32	8.82E-06
681.319	8.85E-06
682.318	8.88E-06
683.317	8.90E-06
684.316	8.93E-06
685.315	8.95E-06
686.314	8.98E-06
687.313	9.01E-06
688.312	9.03E-06
689.311	9.06E-06
690.31	9.09E-06
691.309	9.11E-06
692.308	9.14E-06
693.307	9.16E-06
694.306	9.19E-06
695.305	9.22E-06
696.304	9.24E-06
697.303	9.27E-06
698.302	9.30E-06
699.301	9.32E-06
700.3	9.35E-06
701.299	9.38E-06
702.298	9.40E-06
703.297	9.43E-06
704.296	9.46E-06
705.295	9.48E-06
706.294	9.51E-06
707.293	9.54E-06
708.292	9.57E-06
709.291	9.59E-06
710.29	9.62E-06
711.289	9.65E-06
712.288	9.67E-06
713.287	9.70E-06
714.286	9.73E-06
715.285	9.75E-06
716.284	9.78E-06
717.283	9.81E-06
718.282	9.84E-06
719.281	9.86E-06
720.28	9.89E-06
721.279	9.92E-06
722.278	9.95E-06
723.277	9.97E-06
724.276	1.00E-05
725.275	1.00E-05
726.274	1.01E-05
727.273	1.01E-05
728.272	1.01E-05
729.271	1.01E-05
730.27	1.02E-05
731.269	1.02E-05
732.268	1.02E-05
733.267	1.03E-05
734.266	1.03E-05
735.265	1.03E-05
736.264	1.03E-05
737.263	1.04E-05
738.262	1.04E-05
739.261	1.04E-05
740.26	1.04E-05
741.259	1.05E-05
742.258	1.05E-05
743.257	1.05E-05
744.256	1.06E-05
745.255	1.06E-05
746.254	1.06E-05
747.253	1.06E-05
748.252	1.07E-05
749.251	1.07E-05
750.25	1.07E-05
751.249	1.08E-05
752.248	1.08E-05
753.247	1.08E-05
754.246	1.08E-05
755.245	1.09E-05
756.244	1.09E-05
757.243	1.09E-05
758.242	1.10E-05
759.241	1.10E-05
760.24	1.10E-05
761.239	1.10E-05
762.238	1.11E-05
763.237	1.11E-05
764.236	1.11E-05
765.235	1.12E-05
766.234	1.12E-05
767.233	1.12E-05
768.232	1.13E-05
769.231	1.13E-05
770.23	1.13E-05
771.229	1.13E-05
772.228	1.14E-05
773.227	1.14E-05
774.226	1.14E-05
775.225	1.15E-05
776.224	1.15E-05
777.223	1.15E-05
778.222	1.15E-05
779.221	1.16E-05
780.22	1.16E-05
781.219	1.16E-05
782.218	1.17E-05
783.217	1.17E-05
784.216	1.17E-05
785.215	1.18E-05
786.214	1.18E-05
787.213	1.18E-05
788.212	1.18E-05
789.211	1.19E-05
790.21	1.19E-05
791.209	1.19E-05
792.208	1.20E-05
793.207	1.20E-05
794.206	1.20E-05
795.205	1.21E-05
796.204	1.21E-05
797.203	1.21E-05
798.202	1.21E-05
799.201	1.22E-05
800.2	1.22E-05
801.199	1.22E-05
802.198	1.23E-05
803.197	1.23E-05
804.196	1.23E-05
805.195	1.24E-05
806.194	1.24E-05
807.193	1.24E-05
808.192	1.25E-05
809.191	1.25E-05
810.19	1.25E-05
811.189	1.25E-05
812.188	1.26E-05
813.187	1.26E-05
814.186	1.26E-05
815.185	1.27E-05
816.184	1.27E-05
817.183	1.27E-05
818.182	1.28E-05
819.181	1.28E-05
820.18	1.28E-05
821.179	1.29E-05
822.178	1.29E-05
823.177	1.29E-05
824.176	1.30E-05
825.175	1.30E-05
826.174	1.30E-05
827.173	1.30E-05
828.172	1.31E-05
829.171	1.31E-05
830.17	1.31E-05
831.169	1.32E-05
832.168	1.32E-05
833.167	1.32E-05
834.166	1.33E-05
835.165	1.33E-05
836.164	1.33E-05
837.163	1.34E-05
838.162	1.34E-05
839.161	1.34E-05
840.16	1.35E-05
841.159	1.35E-05
842.158	1.35E-05
843.157	1.36E-05
844.156	1.36E-05
845.155	1.36E-05
846.154	1.37E-05
847.153	1.37E-05
848.152	1.37E-05
849.151	1.37E-05
850.15	1.38E-05
851.149	1.38E-05
852.148	1.38E-05
853.147	1.39E-05
854.146	1.39E-05
855.145	1.39E-05
856.144	1.40E-05
857.143	1.40E-05
858.142	1.40E-05
859.141	1.41E-05
860.14	1.41E-05
861.139	1.41E-05
862.138	1.42E-05
863.137	1.42E-05
864.136	1.42E-05
865.135	1.43E-05
866.134	1.43E-05
867.133	1.43E-05
868.132	1.44E-05
869.131	1.44E-05
870.13	1.44E-05
871.129	1.45E-05
872.128	1.45E-05
873.127	1.45E-05
874.126	1.46E-05
875.125	1.46E-05
876.124	1.46E-05
877.123	1.47E-05
878.122	1.47E-05
879.121	1.47E-05
880.12	1.48E-05
881.119	1.48E-05
882.118	1.48E-05
883.117	1.49E-05
884.116	1.49E-05
885.115	1.49E-05
886.114	1.50E-05
887.113	1.50E-05
888.112	1.50E-05
889.111	1.51E-05
890.11	1.51E-05
891.109	1.51E-05
892.108	1.52E-05
893.107	1.52E-05
894.106	1.52E-05
895.105	1.53E-05
896.104	1.53E-05
897.103	1.53E-05
898.102	1.54E-05
899.101	1.54E-05
900.1	1.54E-05
901.099	1.55E-05
902.098	1.55E-05
903.097	1.56E-05
904.096	1.56E-05
905.095	1.56E-05
906.094	1.57E-05
907.093	1.57E-05
908.092	1.57E-05
909.091	1.58E-05
910.09	1.58E-05
911.089	1.58E-05
912.088	1.59E-05
913.087	1.59E-05
914.086	1.59E-05
915.085	1.60E-05
916.084	1.60E-05
917.083	1.60E-05
918.082	1.61E-05
919.081	1.61E-05
920.08	1.61E-05
921.079	1.62E-05
922.078	1.62E-05
923.077	1.62E-05
924.076	1.63E-05
925.075	1.63E-05
926.074	1.64E-05
927.073	1.64E-05
928.072	1.64E-05
929.071	1.65E-05
930.07	1.65E-05
931.069	1.65E-05
932.068	1.66E-05
933.067	1.66E-05
934.066	1.66E-05
935.065	1.67E-05
936.064	1.67E-05
937.063	1.67E-05
938.062	1.68E-05
939.061	1.68E-05
940.06	1.68E-05
941.059	1.69E-05
942.058	1.69E-05
943.057	1.70E-05
944.056	1.70E-05
945.055	1.70E-05
946.054	1.71E-05
947.053	1.71E-05
948.052	1.71E-05
949.051	1.72E-05
950.05	1.72E-05
951.049	1.72E-05
952.048	1.73E-05
953.047	1.73E-05
954.046	1.74E-05
955.045	1.74E-05
956.044	1.74E-05
957.043	1.75E-05
958.042	1.75E-05
959.041	1.75E-05
960.04	1.76E-05
961.039	1.76E-05
962.038	1.76E-05
963.037	1.77E-05
964.036	1.77E-05
965.035	1.78E-05
966.034	1.78E-05
967.033	1.78E-05
968.032	1.79E-05
969.031	1.79E-05
970.03	1.79E-05
971.029	1.80E-05
972.028	1.80E-05
973.027	1.81E-05
974.026	1.81E-05
975.025	1.81E-05
976.024	1.82E-05
977.023	1.82E-05
978.022	1.82E-05
979.021	1.83E-05
980.02	1.83E-05
981.019	1.83E-05
982.018	1.84E-05
983.017	1.84E-05
984.016	1.85E-05
985.015	1.85E-05
986.014	1.85E-05
987.013	1.86E-05
988.012	1.86E-05
989.011	1.86E-05
990.01	1.87E-05
991.009	1.87E-05
992.008	1.88E-05
993.007	1.88E-05
994.006	1.88E-05
995.005	1.89E-05
996.004	1.89E-05
997.003	1.90E-05
998.002	1.90E-05
999.001	1.90E-05
1000	1.91E-05
