Independent Variable - Plot	Dependent Variable - Plot
0	0
1	2.86E-07
2	1.14E-06
3	2.58E-06
4	4.58E-06
5	7.15E-06
6	1.03E-05
7	1.40E-05
8	1.83E-05
9	2.32E-05
10	2.86E-05
11	3.46E-05
12	4.12E-05
13	4.84E-05
14	5.61E-05
15	6.44E-05
16	7.33E-05
17	8.27E-05
18	9.27E-05
19	0.000103302
20	0.000114463
21	0.000126195
22	0.0001385
23	0.000151377
24	0.000164826
25	0.000178848
26	0.000193442
27	0.000208608
28	0.000224347
29	0.000240657
30	0.000257541
31	0.000274996
32	0.000293024
33	0.000311624
34	0.000330797
35	0.000350541
36	0.000370859
37	0.000391748
38	0.00041321
39	0.000435244
40	0.00045785
41	0.000481029
42	0.00050478
43	0.000529103
44	0.000553999
45	0.000579467
46	0.000605507
47	0.000632119
48	0.000659304
49	0.000687061
50	0.000715391
51	0.000744293
52	0.000773767
53	0.000803813
54	0.000834432
55	0.000865623
56	0.000897386
57	0.000929722
58	0.00096263
59	0.00099611
60	0.00103016
61	0.00106479
62	0.00109998
63	0.00113575
64	0.0011721
65	0.00120901
66	0.0012465
67	0.00128456
68	0.00132319
69	0.00136239
70	0.00140217
71	0.00144251
72	0.00148343
73	0.00152493
74	0.00156699
75	0.00160963
76	0.00165284
77	0.00169662
78	0.00174098
79	0.0017859
80	0.0018314
81	0.00187747
82	0.00192412
83	0.00197133
84	0.00201912
85	0.00206748
86	0.00211641
87	0.00216592
88	0.00221599
89	0.00226664
90	0.00231787
91	0.00236966
92	0.00242203
93	0.00247497
94	0.00252848
95	0.00258256
96	0.00263722
97	0.00269244
98	0.00274825
99	0.00280462
100	0.00286156
101	0.00291908
102	0.00297717
103	0.00303583
104	0.00309507
105	0.00315487
106	0.00321525
107	0.0032762
108	0.00333773
109	0.00339982
110	0.00346249
111	0.00352573
112	0.00358954
113	0.00365393
114	0.00371889
115	0.00378442
116	0.00385052
117	0.00391719
118	0.00398444
119	0.00405226
120	0.00412065
121	0.00418961
122	0.00425915
123	0.00432926
124	0.00439994
125	0.00447119
126	0.00454302
127	0.00461542
128	0.00468839
129	0.00476193
130	0.00483604
131	0.00491073
132	0.00498599
133	0.00506182
134	0.00513822
135	0.0052152
136	0.00529275
137	0.00537087
138	0.00544956
139	0.00552883
140	0.00560866
141	0.00568907
142	0.00577006
143	0.00585161
144	0.00593374
145	0.00601644
146	0.00609971
147	0.00618355
148	0.00626797
149	0.00635296
150	0.00643852
151	0.00652465
152	0.00661136
153	0.00669863
154	0.00678648
155	0.00687491
156	0.0069639
157	0.00705347
158	0.00714361
159	0.00723432
160	0.0073256
161	0.00741746
162	0.00750989
163	0.00760289
164	0.00769646
165	0.00779061
166	0.00788532
167	0.00798061
168	0.00807648
169	0.00817291
170	0.00826992
171	0.0083675
172	0.00846565
173	0.00856437
174	0.00866367
175	0.00876354
176	0.00886398
177	0.00896499
178	0.00906658
179	0.00916873
180	0.00927146
181	0.00937477
182	0.00947864
183	0.00958309
184	0.00968811
185	0.0097937
186	0.00989986
187	0.0100066
188	0.0101139
189	0.0102218
190	0.0103302
191	0.0104393
192	0.0105489
193	0.010659
194	0.0107698
195	0.0108811
196	0.010993
197	0.0111054
198	0.0112185
199	0.0113321
200	0.0114463
201	0.011561
202	0.0116763
203	0.0117922
204	0.0119087
205	0.0120257
206	0.0121433
207	0.0122615
208	0.0123803
209	0.0124996
210	0.0126195
211	0.01274
212	0.012861
213	0.0129826
214	0.0131048
215	0.0132276
216	0.0133509
217	0.0134748
218	0.0135993
219	0.0137243
220	0.01385
221	0.0139762
222	0.0141029
223	0.0142303
224	0.0143582
225	0.0144867
226	0.0146157
227	0.0147453
228	0.0148755
229	0.0150063
230	0.0151377
231	0.0152696
232	0.0154021
233	0.0155351
234	0.0156688
235	0.015803
236	0.0159378
237	0.0160731
238	0.016209
239	0.0163455
240	0.0164826
241	0.0166202
242	0.0167585
243	0.0168972
244	0.0170366
245	0.0171765
246	0.017317
247	0.0174581
248	0.0175998
249	0.017742
250	0.0178848
251	0.0180281
252	0.0181721
253	0.0183166
254	0.0184617
255	0.0186073
256	0.0187535
257	0.0189003
258	0.0190477
259	0.0191957
260	0.0193442
261	0.0194933
262	0.0196429
263	0.0197931
264	0.019944
265	0.0200953
266	0.0202473
267	0.0203998
268	0.0205529
269	0.0207066
270	0.0208608
271	0.0210156
272	0.021171
273	0.0213269
274	0.0214835
275	0.0216406
276	0.0217982
277	0.0219565
278	0.0221153
279	0.0222747
280	0.0224347
281	0.0225952
282	0.0227563
283	0.022918
284	0.0230802
285	0.023243
286	0.0234064
287	0.0235704
288	0.0237349
289	0.0239001
290	0.0240657
291	0.024232
292	0.0243988
293	0.0245662
294	0.0247342
295	0.0249028
296	0.0250719
297	0.0252416
298	0.0254118
299	0.0255827
300	0.0257541
301	0.025926
302	0.0260986
303	0.0262717
304	0.0264454
305	0.0266197
306	0.0267945
307	0.0269699
308	0.0271459
309	0.0273225
310	0.0274996
311	0.0276773
312	0.0278556
313	0.0280344
314	0.0282139
315	0.0283939
316	0.0285744
317	0.0287556
318	0.0289373
319	0.0291196
320	0.0293024
321	0.0294858
322	0.0296698
323	0.0298544
324	0.0300395
325	0.0302253
326	0.0304115
327	0.0305984
328	0.0307858
329	0.0309738
330	0.0311624
331	0.0313516
332	0.0315413
333	0.0317316
334	0.0319225
335	0.0321139
336	0.0323059
337	0.0324985
338	0.0326916
339	0.0328854
340	0.0330797
341	0.0332745
342	0.03347
343	0.033666
344	0.0338626
345	0.0340598
346	0.0342575
347	0.0344558
348	0.0346547
349	0.0348541
350	0.0350541
351	0.0352547
352	0.0354559
353	0.0356577
354	0.03586
355	0.0360628
356	0.0362663
357	0.0364703
358	0.0366749
359	0.0368801
360	0.0370859
361	0.0372922
362	0.0374991
363	0.0377065
364	0.0379146
365	0.0381232
366	0.0383324
367	0.0385421
368	0.0387524
369	0.0389633
370	0.0391748
371	0.0393868
372	0.0395995
373	0.0398126
374	0.0400264
375	0.0402407
376	0.0404556
377	0.0406711
378	0.0408872
379	0.0411038
380	0.041321
381	0.0415387
382	0.0417571
383	0.041976
384	0.0421955
385	0.0424155
386	0.0426361
387	0.0428573
388	0.0430791
389	0.0433015
390	0.0435244
391	0.0437479
392	0.0439719
393	0.0441966
394	0.0444218
395	0.0446475
396	0.0448739
397	0.0451008
398	0.0453283
399	0.0455564
400	0.045785
401	0.0460142
402	0.046244
403	0.0464744
404	0.0467053
405	0.0469368
406	0.0471689
407	0.0474015
408	0.0476347
409	0.0478685
410	0.0481029
411	0.0483378
412	0.0485733
413	0.0488094
414	0.049046
415	0.0492833
416	0.0495211
417	0.0497594
418	0.0499984
419	0.0502379
420	0.050478
421	0.0507186
422	0.0509599
423	0.0512017
424	0.051444
425	0.051687
426	0.0519305
427	0.0521746
428	0.0524193
429	0.0526645
430	0.0529103
431	0.0531567
432	0.0534036
433	0.0536512
434	0.0538993
435	0.0541479
436	0.0543972
437	0.054647
438	0.0548974
439	0.0551483
440	0.0553999
441	0.055652
442	0.0559046
443	0.0561579
444	0.0564117
445	0.0566661
446	0.0569211
447	0.0571766
448	0.0574327
449	0.0576894
450	0.0579467
451	0.0582045
452	0.0584629
453	0.0587219
454	0.0589814
455	0.0592415
456	0.0595022
457	0.0597635
458	0.0600253
459	0.0602877
460	0.0605507
461	0.0608142
462	0.0610783
463	0.061343
464	0.0616083
465	0.0618741
466	0.0621406
467	0.0624075
468	0.0626751
469	0.0629432
470	0.0632119
471	0.0634812
472	0.063751
473	0.0640215
474	0.0642925
475	0.064564
476	0.0648362
477	0.0651089
478	0.0653821
479	0.065656
480	0.0659304
481	0.0662054
482	0.066481
483	0.0667571
484	0.0670338
485	0.0673111
486	0.067589
487	0.0678674
488	0.0681464
489	0.068426
490	0.0687061
491	0.0689869
492	0.0692681
493	0.06955
494	0.0698324
495	0.0701155
496	0.070399
497	0.0706832
498	0.0709679
499	0.0712532
500	0.0715391
501	0.0718255
502	0.0721125
503	0.0724001
504	0.0726883
505	0.072977
506	0.0732663
507	0.0735562
508	0.0738466
509	0.0741377
510	0.0744293
511	0.0747214
512	0.0750142
513	0.0753075
514	0.0756014
515	0.0758958
516	0.0761908
517	0.0764864
518	0.0767826
519	0.0770794
520	0.0773767
521	0.0776746
522	0.077973
523	0.0782721
524	0.0785717
525	0.0788718
526	0.0791726
527	0.0794739
528	0.0797758
529	0.0800783
530	0.0803813
531	0.0806849
532	0.0809891
533	0.0812939
534	0.0815992
535	0.0819051
536	0.0822116
537	0.0825186
538	0.0828262
539	0.0831344
540	0.0834432
541	0.0837525
542	0.0840624
543	0.0843729
544	0.084684
545	0.0849956
546	0.0853078
547	0.0856205
548	0.0859339
549	0.0862478
550	0.0865623
551	0.0868773
552	0.087193
553	0.0875092
554	0.087826
555	0.0881433
556	0.0884612
557	0.0887797
558	0.0890988
559	0.0894184
560	0.0897386
561	0.0900594
562	0.0903808
563	0.0907027
564	0.0910252
565	0.0913482
566	0.0916719
567	0.0919961
568	0.0923209
569	0.0926463
570	0.0929722
571	0.0932987
572	0.0936258
573	0.0939534
574	0.0942816
575	0.0946104
576	0.0949398
577	0.0952697
578	0.0956002
579	0.0959313
580	0.096263
581	0.0965952
582	0.096928
583	0.0972614
584	0.0975953
585	0.0979298
586	0.0982649
587	0.0986006
588	0.0989368
589	0.0992736
590	0.099611
591	0.099949
592	0.100287
593	0.100627
594	0.100966
595	0.101306
596	0.101647
597	0.101989
598	0.102331
599	0.102673
600	0.103016
601	0.10336
602	0.103704
603	0.104049
604	0.104394
605	0.10474
606	0.105087
607	0.105434
608	0.105782
609	0.10613
610	0.106479
611	0.106828
612	0.107178
613	0.107529
614	0.10788
615	0.108231
616	0.108584
617	0.108937
618	0.10929
619	0.109644
620	0.109998
621	0.110354
622	0.110709
623	0.111066
624	0.111422
625	0.11178
626	0.112138
627	0.112496
628	0.112855
629	0.113215
630	0.113575
631	0.113936
632	0.114298
633	0.11466
634	0.115022
635	0.115385
636	0.115749
637	0.116113
638	0.116478
639	0.116844
640	0.11721
641	0.117576
642	0.117943
643	0.118311
644	0.118679
645	0.119048
646	0.119418
647	0.119788
648	0.120158
649	0.120529
650	0.120901
651	0.121273
652	0.121646
653	0.12202
654	0.122394
655	0.122768
656	0.123143
657	0.123519
658	0.123895
659	0.124272
660	0.12465
661	0.125028
662	0.125406
663	0.125785
664	0.126165
665	0.126545
666	0.126926
667	0.127308
668	0.12769
669	0.128072
670	0.128456
671	0.128839
672	0.129224
673	0.129608
674	0.129994
675	0.13038
676	0.130767
677	0.131154
678	0.131541
679	0.13193
680	0.132319
681	0.132708
682	0.133098
683	0.133489
684	0.13388
685	0.134272
686	0.134664
687	0.135057
688	0.13545
689	0.135844
690	0.136239
691	0.136634
692	0.13703
693	0.137426
694	0.137823
695	0.138221
696	0.138619
697	0.139017
698	0.139417
699	0.139816
700	0.140217
701	0.140617
702	0.141019
703	0.141421
704	0.141824
705	0.142227
706	0.142631
707	0.143035
708	0.14344
709	0.143845
710	0.144251
711	0.144658
712	0.145065
713	0.145473
714	0.145881
715	0.14629
716	0.1467
717	0.14711
718	0.14752
719	0.147932
720	0.148343
721	0.148756
722	0.149169
723	0.149582
724	0.149996
725	0.150411
726	0.150826
727	0.151242
728	0.151658
729	0.152075
730	0.152493
731	0.152911
732	0.153329
733	0.153749
734	0.154168
735	0.154589
736	0.15501
737	0.155431
738	0.155853
739	0.156276
740	0.156699
741	0.157123
742	0.157547
743	0.157972
744	0.158398
745	0.158824
746	0.159251
747	0.159678
748	0.160106
749	0.160534
750	0.160963
751	0.161392
752	0.161823
753	0.162253
754	0.162684
755	0.163116
756	0.163549
757	0.163982
758	0.164415
759	0.164849
760	0.165284
761	0.165719
762	0.166155
763	0.166591
764	0.167028
765	0.167466
766	0.167904
767	0.168343
768	0.168782
769	0.169222
770	0.169662
771	0.170103
772	0.170545
773	0.170987
774	0.171429
775	0.171873
776	0.172316
777	0.172761
778	0.173206
779	0.173651
780	0.174098
781	0.174544
782	0.174991
783	0.175439
784	0.175888
785	0.176337
786	0.176786
787	0.177236
788	0.177687
789	0.178138
790	0.17859
791	0.179043
792	0.179496
793	0.179949
794	0.180403
795	0.180858
796	0.181313
797	0.181769
798	0.182225
799	0.182682
800	0.18314
801	0.183598
802	0.184057
803	0.184516
804	0.184976
805	0.185436
806	0.185897
807	0.186359
808	0.186821
809	0.187284
810	0.187747
811	0.188211
812	0.188675
813	0.18914
814	0.189606
815	0.190072
816	0.190539
817	0.191006
818	0.191474
819	0.191942
820	0.192412
821	0.192881
822	0.193351
823	0.193822
824	0.194293
825	0.194765
826	0.195238
827	0.195711
828	0.196184
829	0.196658
830	0.197133
831	0.197608
832	0.198084
833	0.198561
834	0.199038
835	0.199515
836	0.199994
837	0.200472
838	0.200952
839	0.201431
840	0.201912
841	0.202393
842	0.202875
843	0.203357
844	0.203839
845	0.204323
846	0.204807
847	0.205291
848	0.205776
849	0.206262
850	0.206748
851	0.207235
852	0.207722
853	0.20821
854	0.208698
855	0.209187
856	0.209677
857	0.210167
858	0.210658
859	0.211149
860	0.211641
861	0.212134
862	0.212627
863	0.21312
864	0.213615
865	0.214109
866	0.214605
867	0.215101
868	0.215597
869	0.216094
870	0.216592
871	0.21709
872	0.217589
873	0.218088
874	0.218588
875	0.219088
876	0.219589
877	0.220091
878	0.220593
879	0.221096
880	0.221599
881	0.222103
882	0.222608
883	0.223113
884	0.223619
885	0.224125
886	0.224632
887	0.225139
888	0.225647
889	0.226155
890	0.226664
891	0.227174
892	0.227684
893	0.228195
894	0.228706
895	0.229218
896	0.229731
897	0.230244
898	0.230758
899	0.231272
900	0.231787
901	0.232302
902	0.232818
903	0.233334
904	0.233852
905	0.234369
906	0.234887
907	0.235406
908	0.235926
909	0.236446
910	0.236966
911	0.237487
912	0.238009
913	0.238531
914	0.239054
915	0.239577
916	0.240101
917	0.240626
918	0.241151
919	0.241676
920	0.242203
921	0.24273
922	0.243257
923	0.243785
924	0.244313
925	0.244842
926	0.245372
927	0.245902
928	0.246433
929	0.246965
930	0.247497
931	0.248029
932	0.248562
933	0.249096
934	0.24963
935	0.250165
936	0.2507
937	0.251236
938	0.251773
939	0.25231
940	0.252848
941	0.253386
942	0.253925
943	0.254464
944	0.255004
945	0.255545
946	0.256086
947	0.256628
948	0.25717
949	0.257713
950	0.258256
951	0.2588
952	0.259345
953	0.25989
954	0.260435
955	0.260982
956	0.261529
957	0.262076
958	0.262624
959	0.263173
960	0.263722
961	0.264271
962	0.264822
963	0.265372
964	0.265924
965	0.266476
966	0.267028
967	0.267582
968	0.268135
969	0.26869
970	0.269244
971	0.2698
972	0.270356
973	0.270912
974	0.27147
975	0.272027
976	0.272586
977	0.273145
978	0.273704
979	0.274264
980	0.274825
981	0.275386
982	0.275947
983	0.27651
984	0.277073
985	0.277636
986	0.2782
987	0.278765
988	0.27933
989	0.279896
990	0.280462
991	0.281029
992	0.281596
993	0.282164
994	0.282733
995	0.283302
996	0.283872
997	0.284442
998	0.285013
999	0.285584
1000	0.286156
1001	0.286729
1002	0.287302
1003	0.287876
1004	0.28845
1005	0.289025
1006	0.2896
1007	0.290177
1008	0.290753
1009	0.29133
1010	0.291908
1011	0.292486
1012	0.293065
1013	0.293645
1014	0.294225
1015	0.294805
1016	0.295387
1017	0.295968
1018	0.296551
1019	0.297134
1020	0.297717
1021	0.298301
1022	0.298886
1023	0.299471
1024	0.300057
1025	0.300643
1026	0.30123
1027	0.301817
1028	0.302405
1029	0.302994
1030	0.303583
1031	0.304173
1032	0.304763
1033	0.305354
1034	0.305946
1035	0.306538
1036	0.30713
1037	0.307724
1038	0.308317
1039	0.308912
1040	0.309507
1041	0.310102
1042	0.310698
1043	0.311295
1044	0.311892
1045	0.31249
1046	0.313088
1047	0.313687
1048	0.314287
1049	0.314887
1050	0.315487
1051	0.316089
1052	0.31669
1053	0.317293
1054	0.317896
1055	0.318499
1056	0.319103
1057	0.319708
1058	0.320313
1059	0.320919
1060	0.321525
1061	0.322132
1062	0.32274
1063	0.323348
1064	0.323956
1065	0.324566
1066	0.325175
1067	0.325786
1068	0.326397
1069	0.327008
1070	0.32762
1071	0.328233
1072	0.328846
1073	0.32946
1074	0.330074
1075	0.330689
1076	0.331305
1077	0.331921
1078	0.332538
1079	0.333155
1080	0.333773
1081	0.334391
1082	0.33501
1083	0.33563
1084	0.33625
1085	0.33687
1086	0.337492
1087	0.338113
1088	0.338736
1089	0.339359
1090	0.339982
1091	0.340606
1092	0.341231
1093	0.341856
1094	0.342482
1095	0.343109
1096	0.343736
1097	0.344363
1098	0.344991
1099	0.34562
1100	0.346249
1101	0.346879
1102	0.347509
1103	0.34814
1104	0.348772
1105	0.349404
1106	0.350037
1107	0.35067
1108	0.351304
1109	0.351938
1110	0.352573
1111	0.353209
1112	0.353845
1113	0.354482
1114	0.355119
1115	0.355757
1116	0.356395
1117	0.357034
1118	0.357674
1119	0.358314
1120	0.358954
1121	0.359596
1122	0.360238
1123	0.36088
1124	0.361523
1125	0.362167
1126	0.362811
1127	0.363455
1128	0.364101
1129	0.364747
1130	0.365393
1131	0.36604
1132	0.366688
1133	0.367336
1134	0.367984
1135	0.368634
1136	0.369284
1137	0.369934
1138	0.370585
1139	0.371237
1140	0.371889
1141	0.372541
1142	0.373195
1143	0.373849
1144	0.374503
1145	0.375158
1146	0.375814
1147	0.37647
1148	0.377127
1149	0.377784
1150	0.378442
1151	0.3791
1152	0.379759
1153	0.380419
1154	0.381079
1155	0.38174
1156	0.382401
1157	0.383063
1158	0.383725
1159	0.384388
1160	0.385052
1161	0.385716
1162	0.386381
1163	0.387046
1164	0.387712
1165	0.388379
1166	0.389046
1167	0.389713
1168	0.390381
1169	0.39105
1170	0.391719
1171	0.392389
1172	0.39306
1173	0.393731
1174	0.394402
1175	0.395075
1176	0.395747
1177	0.396421
1178	0.397095
1179	0.397769
1180	0.398444
1181	0.39912
1182	0.399796
1183	0.400473
1184	0.40115
1185	0.401828
1186	0.402506
1187	0.403185
1188	0.403865
1189	0.404545
1190	0.405226
1191	0.405907
1192	0.406589
1193	0.407272
1194	0.407955
1195	0.408638
1196	0.409323
1197	0.410007
1198	0.410693
1199	0.411379
1200	0.412065
1201	0.412752
1202	0.41344
1203	0.414128
1204	0.414817
1205	0.415506
1206	0.416196
1207	0.416887
1208	0.417578
1209	0.418269
1210	0.418961
1211	0.419654
1212	0.420348
1213	0.421042
1214	0.421736
1215	0.422431
1216	0.423127
1217	0.423823
1218	0.42452
1219	0.425217
1220	0.425915
1221	0.426614
1222	0.427313
1223	0.428012
1224	0.428713
1225	0.429413
1226	0.430115
1227	0.430817
1228	0.431519
1229	0.432222
1230	0.432926
1231	0.43363
1232	0.434335
1233	0.43504
1234	0.435746
1235	0.436453
1236	0.43716
1237	0.437868
1238	0.438576
1239	0.439285
1240	0.439994
1241	0.440704
1242	0.441414
1243	0.442126
1244	0.442837
1245	0.443549
1246	0.444262
1247	0.444976
1248	0.44569
1249	0.446404
1250	0.447119
1251	0.447835
1252	0.448551
1253	0.449268
1254	0.449985
1255	0.450703
1256	0.451422
1257	0.452141
1258	0.452861
1259	0.453581
1260	0.454302
1261	0.455023
1262	0.455745
1263	0.456468
1264	0.457191
1265	0.457914
1266	0.458639
1267	0.459364
1268	0.460089
1269	0.460815
1270	0.461542
1271	0.462269
1272	0.462996
1273	0.463725
1274	0.464453
1275	0.465183
1276	0.465913
1277	0.466643
1278	0.467375
1279	0.468106
1280	0.468839
1281	0.469571
1282	0.470305
1283	0.471039
1284	0.471773
1285	0.472508
1286	0.473244
1287	0.47398
1288	0.474717
1289	0.475455
1290	0.476193
1291	0.476931
1292	0.47767
1293	0.47841
1294	0.47915
1295	0.479891
1296	0.480633
1297	0.481375
1298	0.482117
1299	0.48286
1300	0.483604
1301	0.484348
1302	0.485093
1303	0.485839
1304	0.486585
1305	0.487331
1306	0.488079
1307	0.488826
1308	0.489575
1309	0.490323
1310	0.491073
1311	0.491823
1312	0.492573
1313	0.493325
1314	0.494076
1315	0.494829
1316	0.495582
1317	0.496335
1318	0.497089
1319	0.497844
1320	0.498599
1321	0.499355
1322	0.500111
1323	0.500868
1324	0.501625
1325	0.502383
1326	0.503142
1327	0.503901
1328	0.504661
1329	0.505421
1330	0.506182
1331	0.506943
1332	0.507705
1333	0.508468
1334	0.509231
1335	0.509995
1336	0.510759
1337	0.511524
1338	0.51229
1339	0.513056
1340	0.513822
1341	0.514589
1342	0.515357
1343	0.516126
1344	0.516894
1345	0.517664
1346	0.518434
1347	0.519205
1348	0.519976
1349	0.520748
1350	0.52152
1351	0.522293
1352	0.523066
1353	0.52384
1354	0.524615
1355	0.52539
1356	0.526166
1357	0.526942
1358	0.527719
1359	0.528497
1360	0.529275
1361	0.530053
1362	0.530833
1363	0.531612
1364	0.532393
1365	0.533174
1366	0.533955
1367	0.534737
1368	0.53552
1369	0.536303
1370	0.537087
1371	0.537871
1372	0.538656
1373	0.539442
1374	0.540228
1375	0.541014
1376	0.541801
1377	0.542589
1378	0.543378
1379	0.544167
1380	0.544956
1381	0.545746
1382	0.546537
1383	0.547328
1384	0.54812
1385	0.548912
1386	0.549705
1387	0.550499
1388	0.551293
1389	0.552087
1390	0.552883
1391	0.553678
1392	0.554475
1393	0.555272
1394	0.556069
1395	0.556867
1396	0.557666
1397	0.558465
1398	0.559265
1399	0.560065
1400	0.560866
1401	0.561668
1402	0.56247
1403	0.563273
1404	0.564076
1405	0.56488
1406	0.565684
1407	0.566489
1408	0.567295
1409	0.568101
1410	0.568907
1411	0.569715
1412	0.570522
1413	0.571331
1414	0.57214
1415	0.572949
1416	0.573759
1417	0.57457
1418	0.575381
1419	0.576193
1420	0.577006
1421	0.577819
1422	0.578632
1423	0.579446
1424	0.580261
1425	0.581076
1426	0.581892
1427	0.582708
1428	0.583525
1429	0.584343
1430	0.585161
1431	0.58598
1432	0.586799
1433	0.587619
1434	0.588439
1435	0.58926
1436	0.590082
1437	0.590904
1438	0.591727
1439	0.59255
1440	0.593374
1441	0.594198
1442	0.595023
1443	0.595849
1444	0.596675
1445	0.597502
1446	0.598329
1447	0.599157
1448	0.599985
1449	0.600814
1450	0.601644
1451	0.602474
1452	0.603305
1453	0.604136
1454	0.604968
1455	0.6058
1456	0.606633
1457	0.607467
1458	0.608301
1459	0.609136
1460	0.609971
1461	0.610807
1462	0.611643
1463	0.61248
1464	0.613318
1465	0.614156
1466	0.614995
1467	0.615834
1468	0.616674
1469	0.617514
1470	0.618355
1471	0.619197
1472	0.620039
1473	0.620882
1474	0.621725
1475	0.622569
1476	0.623413
1477	0.624258
1478	0.625104
1479	0.62595
1480	0.626797
1481	0.627644
1482	0.628492
1483	0.62934
1484	0.630189
1485	0.631039
1486	0.631889
1487	0.63274
1488	0.633591
1489	0.634443
1490	0.635296
1491	0.636149
1492	0.637002
1493	0.637856
1494	0.638711
1495	0.639567
1496	0.640422
1497	0.641279
1498	0.642136
1499	0.642994
1500	0.643852
1501	0.64471
1502	0.64557
1503	0.64643
1504	0.64729
1505	0.648151
1506	0.649013
1507	0.649875
1508	0.650738
1509	0.651601
1510	0.652465
1511	0.653329
1512	0.654195
1513	0.65506
1514	0.655926
1515	0.656793
1516	0.65766
1517	0.658528
1518	0.659397
1519	0.660266
1520	0.661136
1521	0.662006
1522	0.662877
1523	0.663748
1524	0.66462
1525	0.665492
1526	0.666365
1527	0.667239
1528	0.668113
1529	0.668988
1530	0.669863
1531	0.670739
1532	0.671616
1533	0.672493
1534	0.67337
1535	0.674249
1536	0.675127
1537	0.676007
1538	0.676887
1539	0.677767
1540	0.678648
1541	0.67953
1542	0.680412
1543	0.681295
1544	0.682178
1545	0.683062
1546	0.683947
1547	0.684832
1548	0.685718
1549	0.686604
1550	0.687491
1551	0.688378
1552	0.689266
1553	0.690154
1554	0.691043
1555	0.691933
1556	0.692823
1557	0.693714
1558	0.694606
1559	0.695497
1560	0.69639
1561	0.697283
1562	0.698177
1563	0.699071
1564	0.699966
1565	0.700861
1566	0.701757
1567	0.702654
1568	0.703551
1569	0.704448
1570	0.705347
1571	0.706246
1572	0.707145
1573	0.708045
1574	0.708945
1575	0.709847
1576	0.710748
1577	0.71165
1578	0.712553
1579	0.713457
1580	0.714361
1581	0.715265
1582	0.71617
1583	0.717076
1584	0.717982
1585	0.718889
1586	0.719796
1587	0.720704
1588	0.721613
1589	0.722522
1590	0.723432
1591	0.724342
1592	0.725253
1593	0.726164
1594	0.727076
1595	0.727989
1596	0.728902
1597	0.729816
1598	0.73073
1599	0.731645
1600	0.73256
1601	0.733476
1602	0.734393
1603	0.73531
1604	0.736228
1605	0.737146
1606	0.738065
1607	0.738984
1608	0.739904
1609	0.740825
1610	0.741746
1611	0.742667
1612	0.74359
1613	0.744513
1614	0.745436
1615	0.74636
1616	0.747285
1617	0.74821
1618	0.749135
1619	0.750062
1620	0.750989
1621	0.751916
1622	0.752844
1623	0.753773
1624	0.754702
1625	0.755632
1626	0.756562
1627	0.757493
1628	0.758424
1629	0.759356
1630	0.760289
1631	0.761222
1632	0.762156
1633	0.76309
1634	0.764025
1635	0.76496
1636	0.765896
1637	0.766833
1638	0.76777
1639	0.768708
1640	0.769646
1641	0.770585
1642	0.771524
1643	0.772464
1644	0.773405
1645	0.774346
1646	0.775288
1647	0.77623
1648	0.777173
1649	0.778117
1650	0.779061
1651	0.780005
1652	0.78095
1653	0.781896
1654	0.782842
1655	0.783789
1656	0.784737
1657	0.785685
1658	0.786633
1659	0.787583
1660	0.788532
1661	0.789483
1662	0.790434
1663	0.791385
1664	0.792337
1665	0.79329
1666	0.794243
1667	0.795197
1668	0.796151
1669	0.797106
1670	0.798061
1671	0.799017
1672	0.799974
1673	0.800931
1674	0.801889
1675	0.802847
1676	0.803806
1677	0.804766
1678	0.805726
1679	0.806686
1680	0.807648
1681	0.808609
1682	0.809572
1683	0.810535
1684	0.811498
1685	0.812462
1686	0.813427
1687	0.814392
1688	0.815358
1689	0.816324
1690	0.817291
1691	0.818259
1692	0.819227
1693	0.820195
1694	0.821164
1695	0.822134
1696	0.823105
1697	0.824076
1698	0.825047
1699	0.826019
1700	0.826992
1701	0.827965
1702	0.828939
1703	0.829913
1704	0.830888
1705	0.831864
1706	0.83284
1707	0.833816
1708	0.834794
1709	0.835771
1710	0.83675
1711	0.837729
1712	0.838708
1713	0.839688
1714	0.840669
1715	0.84165
1716	0.842632
1717	0.843614
1718	0.844597
1719	0.845581
1720	0.846565
1721	0.84755
1722	0.848535
1723	0.849521
1724	0.850507
1725	0.851494
1726	0.852481
1727	0.85347
1728	0.854458
1729	0.855447
1730	0.856437
1731	0.857428
1732	0.858419
1733	0.85941
1734	0.860402
1735	0.861395
1736	0.862388
1737	0.863382
1738	0.864376
1739	0.865371
1740	0.866367
1741	0.867363
1742	0.86836
1743	0.869357
1744	0.870355
1745	0.871353
1746	0.872352
1747	0.873352
1748	0.874352
1749	0.875352
1750	0.876354
1751	0.877356
1752	0.878358
1753	0.879361
1754	0.880364
1755	0.881369
1756	0.882373
1757	0.883379
1758	0.884384
1759	0.885391
1760	0.886398
1761	0.887405
1762	0.888413
1763	0.889422
1764	0.890431
1765	0.891441
1766	0.892452
1767	0.893463
1768	0.894474
1769	0.895486
1770	0.896499
1771	0.897512
1772	0.898526
1773	0.899541
1774	0.900556
1775	0.901571
1776	0.902587
1777	0.903604
1778	0.904621
1779	0.905639
1780	0.906658
1781	0.907677
1782	0.908696
1783	0.909716
1784	0.910737
1785	0.911758
1786	0.91278
1787	0.913803
1788	0.914826
1789	0.915849
1790	0.916873
1791	0.917898
1792	0.918923
1793	0.919949
1794	0.920976
1795	0.922003
1796	0.92303
1797	0.924059
1798	0.925087
1799	0.926117
1800	0.927146
1801	0.928177
1802	0.929208
1803	0.93024
1804	0.931272
1805	0.932304
1806	0.933338
1807	0.934372
1808	0.935406
1809	0.936441
1810	0.937477
1811	0.938513
1812	0.93955
1813	0.940587
1814	0.941625
1815	0.942663
1816	0.943702
1817	0.944742
1818	0.945782
1819	0.946823
1820	0.947864
1821	0.948906
1822	0.949949
1823	0.950992
1824	0.952035
1825	0.953079
1826	0.954124
1827	0.955169
1828	0.956215
1829	0.957262
1830	0.958309
1831	0.959357
1832	0.960405
1833	0.961453
1834	0.962503
1835	0.963553
1836	0.964603
1837	0.965654
1838	0.966706
1839	0.967758
1840	0.968811
1841	0.969864
1842	0.970918
1843	0.971973
1844	0.973028
1845	0.974083
1846	0.975139
1847	0.976196
1848	0.977254
1849	0.978311
1850	0.97937
1851	0.980429
1852	0.981489
1853	0.982549
1854	0.98361
1855	0.984671
1856	0.985733
1857	0.986795
1858	0.987859
1859	0.988922
1860	0.989986
1861	0.991051
1862	0.992117
1863	0.993182
1864	0.994249
1865	0.995316
1866	0.996384
1867	0.997452
1868	0.998521
1869	0.99959
1870	1.00066
1871	1.00173
1872	1.0028
1873	1.00387
1874	1.00495
1875	1.00602
1876	1.00709
1877	1.00817
1878	1.00924
1879	1.01032
1880	1.01139
1881	1.01247
1882	1.01354
1883	1.01462
1884	1.0157
1885	1.01678
1886	1.01786
1887	1.01894
1888	1.02002
1889	1.0211
1890	1.02218
1891	1.02326
1892	1.02434
1893	1.02543
1894	1.02651
1895	1.02759
1896	1.02868
1897	1.02976
1898	1.03085
1899	1.03194
1900	1.03302
1901	1.03411
1902	1.0352
1903	1.03629
1904	1.03738
1905	1.03847
1906	1.03956
1907	1.04065
1908	1.04174
1909	1.04283
1910	1.04393
1911	1.04502
1912	1.04611
1913	1.04721
1914	1.0483
1915	1.0494
1916	1.0505
1917	1.05159
1918	1.05269
1919	1.05379
1920	1.05489
1921	1.05599
1922	1.05709
1923	1.05819
1924	1.05929
1925	1.06039
1926	1.06149
1927	1.06259
1928	1.0637
1929	1.0648
1930	1.0659
1931	1.06701
1932	1.06811
1933	1.06922
1934	1.07033
1935	1.07143
1936	1.07254
1937	1.07365
1938	1.07476
1939	1.07587
1940	1.07698
1941	1.07809
1942	1.0792
1943	1.08031
1944	1.08142
1945	1.08254
1946	1.08365
1947	1.08476
1948	1.08588
1949	1.08699
1950	1.08811
1951	1.08923
1952	1.09034
1953	1.09146
1954	1.09258
1955	1.0937
1956	1.09482
1957	1.09594
1958	1.09706
1959	1.09818
1960	1.0993
1961	1.10042
1962	1.10154
1963	1.10267
1964	1.10379
1965	1.10491
1966	1.10604
1967	1.10716
1968	1.10829
1969	1.10942
1970	1.11054
1971	1.11167
1972	1.1128
1973	1.11393
1974	1.11506
1975	1.11619
1976	1.11732
1977	1.11845
1978	1.11958
1979	1.12071
1980	1.12185
1981	1.12298
1982	1.12411
1983	1.12525
1984	1.12638
1985	1.12752
1986	1.12866
1987	1.12979
1988	1.13093
1989	1.13207
1990	1.13321
1991	1.13435
1992	1.13549
1993	1.13663
1994	1.13777
1995	1.13891
1996	1.14005
1997	1.14119
1998	1.14234
1999	1.14348
2000	1.14463
2001	1.14577
2002	1.14692
2003	1.14806
2004	1.14921
2005	1.15036
2006	1.1515
2007	1.15265
2008	1.1538
2009	1.15495
2010	1.1561
2011	1.15725
2012	1.1584
2013	1.15955
2014	1.16071
2015	1.16186
2016	1.16301
2017	1.16417
2018	1.16532
2019	1.16648
2020	1.16763
2021	1.16879
2022	1.16995
2023	1.1711
2024	1.17226
2025	1.17342
2026	1.17458
2027	1.17574
2028	1.1769
2029	1.17806
2030	1.17922
2031	1.18038
2032	1.18155
2033	1.18271
2034	1.18387
2035	1.18504
2036	1.1862
2037	1.18737
2038	1.18853
2039	1.1897
2040	1.19087
2041	1.19204
2042	1.1932
2043	1.19437
2044	1.19554
2045	1.19671
2046	1.19788
2047	1.19905
2048	1.20023
2049	1.2014
2050	1.20257
2051	1.20375
2052	1.20492
2053	1.20609
2054	1.20727
2055	1.20845
2056	1.20962
2057	1.2108
2058	1.21198
2059	1.21315
2060	1.21433
2061	1.21551
2062	1.21669
2063	1.21787
2064	1.21905
2065	1.22023
2066	1.22142
2067	1.2226
2068	1.22378
2069	1.22497
2070	1.22615
2071	1.22734
2072	1.22852
2073	1.22971
2074	1.23089
2075	1.23208
2076	1.23327
2077	1.23446
2078	1.23565
2079	1.23684
2080	1.23803
2081	1.23922
2082	1.24041
2083	1.2416
2084	1.24279
2085	1.24399
2086	1.24518
2087	1.24637
2088	1.24757
2089	1.24876
2090	1.24996
2091	1.25116
2092	1.25235
2093	1.25355
2094	1.25475
2095	1.25595
2096	1.25715
2097	1.25835
2098	1.25955
2099	1.26075
2100	1.26195
2101	1.26315
2102	1.26435
2103	1.26556
2104	1.26676
2105	1.26797
2106	1.26917
2107	1.27038
2108	1.27158
2109	1.27279
2110	1.274
2111	1.2752
2112	1.27641
2113	1.27762
2114	1.27883
2115	1.28004
2116	1.28125
2117	1.28246
2118	1.28368
2119	1.28489
2120	1.2861
2121	1.28731
2122	1.28853
2123	1.28974
2124	1.29096
2125	1.29217
2126	1.29339
2127	1.29461
2128	1.29583
2129	1.29704
2130	1.29826
2131	1.29948
2132	1.3007
2133	1.30192
2134	1.30314
2135	1.30436
2136	1.30559
2137	1.30681
2138	1.30803
2139	1.30926
2140	1.31048
2141	1.31171
2142	1.31293
2143	1.31416
2144	1.31539
2145	1.31661
2146	1.31784
2147	1.31907
2148	1.3203
2149	1.32153
2150	1.32276
2151	1.32399
2152	1.32522
2153	1.32645
2154	1.32768
2155	1.32892
2156	1.33015
2157	1.33138
2158	1.33262
2159	1.33385
2160	1.33509
2161	1.33633
2162	1.33756
2163	1.3388
2164	1.34004
2165	1.34128
2166	1.34252
2167	1.34376
2168	1.345
2169	1.34624
2170	1.34748
2171	1.34872
2172	1.34997
2173	1.35121
2174	1.35245
2175	1.3537
2176	1.35494
2177	1.35619
2178	1.35744
2179	1.35868
2180	1.35993
2181	1.36118
2182	1.36243
2183	1.36367
2184	1.36492
2185	1.36617
2186	1.36743
2187	1.36868
2188	1.36993
2189	1.37118
2190	1.37243
2191	1.37369
2192	1.37494
2193	1.3762
2194	1.37745
2195	1.37871
2196	1.37996
2197	1.38122
2198	1.38248
2199	1.38374
2200	1.385
2201	1.38626
2202	1.38752
2203	1.38878
2204	1.39004
2205	1.3913
2206	1.39256
2207	1.39382
2208	1.39509
2209	1.39635
2210	1.39762
2211	1.39888
2212	1.40015
2213	1.40141
2214	1.40268
2215	1.40395
2216	1.40522
2217	1.40648
2218	1.40775
2219	1.40902
2220	1.41029
2221	1.41156
2222	1.41283
2223	1.41411
2224	1.41538
2225	1.41665
2226	1.41793
2227	1.4192
2228	1.42048
2229	1.42175
2230	1.42303
2231	1.4243
2232	1.42558
2233	1.42686
2234	1.42814
2235	1.42942
2236	1.43069
2237	1.43197
2238	1.43326
2239	1.43454
2240	1.43582
2241	1.4371
2242	1.43838
2243	1.43967
2244	1.44095
2245	1.44223
2246	1.44352
2247	1.44481
2248	1.44609
2249	1.44738
2250	1.44867
2251	1.44995
2252	1.45124
2253	1.45253
2254	1.45382
2255	1.45511
2256	1.4564
2257	1.45769
2258	1.45899
2259	1.46028
2260	1.46157
2261	1.46287
2262	1.46416
2263	1.46545
2264	1.46675
2265	1.46805
2266	1.46934
2267	1.47064
2268	1.47194
2269	1.47324
2270	1.47453
2271	1.47583
2272	1.47713
2273	1.47843
2274	1.47974
2275	1.48104
2276	1.48234
2277	1.48364
2278	1.48495
2279	1.48625
2280	1.48755
2281	1.48886
2282	1.49017
2283	1.49147
2284	1.49278
2285	1.49409
2286	1.49539
2287	1.4967
2288	1.49801
2289	1.49932
2290	1.50063
2291	1.50194
2292	1.50325
2293	1.50457
2294	1.50588
2295	1.50719
2296	1.50851
2297	1.50982
2298	1.51114
2299	1.51245
2300	1.51377
2301	1.51508
2302	1.5164
2303	1.51772
2304	1.51904
2305	1.52036
2306	1.52168
2307	1.523
2308	1.52432
2309	1.52564
2310	1.52696
2311	1.52828
2312	1.5296
2313	1.53093
2314	1.53225
2315	1.53358
2316	1.5349
2317	1.53623
2318	1.53755
2319	1.53888
2320	1.54021
2321	1.54154
2322	1.54286
2323	1.54419
2324	1.54552
2325	1.54685
2326	1.54818
2327	1.54952
2328	1.55085
2329	1.55218
2330	1.55351
2331	1.55485
2332	1.55618
2333	1.55752
2334	1.55885
2335	1.56019
2336	1.56153
2337	1.56286
2338	1.5642
2339	1.56554
2340	1.56688
2341	1.56822
2342	1.56956
2343	1.5709
2344	1.57224
2345	1.57358
2346	1.57492
2347	1.57627
2348	1.57761
2349	1.57895
2350	1.5803
2351	1.58164
2352	1.58299
2353	1.58434
2354	1.58568
2355	1.58703
2356	1.58838
2357	1.58973
2358	1.59108
2359	1.59243
2360	1.59378
2361	1.59513
2362	1.59648
2363	1.59783
2364	1.59918
2365	1.60054
2366	1.60189
2367	1.60324
2368	1.6046
2369	1.60596
2370	1.60731
2371	1.60867
2372	1.61003
2373	1.61138
2374	1.61274
2375	1.6141
2376	1.61546
2377	1.61682
2378	1.61818
2379	1.61954
2380	1.6209
2381	1.62227
2382	1.62363
2383	1.62499
2384	1.62636
2385	1.62772
2386	1.62909
2387	1.63045
2388	1.63182
2389	1.63319
2390	1.63455
2391	1.63592
2392	1.63729
2393	1.63866
2394	1.64003
2395	1.6414
2396	1.64277
2397	1.64414
2398	1.64551
2399	1.64689
2400	1.64826
2401	1.64963
2402	1.65101
2403	1.65238
2404	1.65376
2405	1.65514
2406	1.65651
2407	1.65789
2408	1.65927
2409	1.66065
2410	1.66202
2411	1.6634
2412	1.66478
2413	1.66616
2414	1.66755
2415	1.66893
2416	1.67031
2417	1.67169
2418	1.67308
2419	1.67446
2420	1.67585
2421	1.67723
2422	1.67862
2423	1.68
2424	1.68139
2425	1.68278
2426	1.68417
2427	1.68555
2428	1.68694
2429	1.68833
2430	1.68972
2431	1.69112
2432	1.69251
2433	1.6939
2434	1.69529
2435	1.69669
2436	1.69808
2437	1.69947
2438	1.70087
2439	1.70226
2440	1.70366
2441	1.70506
2442	1.70645
2443	1.70785
2444	1.70925
2445	1.71065
2446	1.71205
2447	1.71345
2448	1.71485
2449	1.71625
2450	1.71765
2451	1.71906
2452	1.72046
2453	1.72186
2454	1.72327
2455	1.72467
2456	1.72608
2457	1.72748
2458	1.72889
2459	1.7303
2460	1.7317
2461	1.73311
2462	1.73452
2463	1.73593
2464	1.73734
2465	1.73875
2466	1.74016
2467	1.74157
2468	1.74298
2469	1.7444
2470	1.74581
2471	1.74722
2472	1.74864
2473	1.75005
2474	1.75147
2475	1.75289
2476	1.7543
2477	1.75572
2478	1.75714
2479	1.75856
2480	1.75998
2481	1.7614
2482	1.76282
2483	1.76424
2484	1.76566
2485	1.76708
2486	1.7685
2487	1.76993
2488	1.77135
2489	1.77277
2490	1.7742
2491	1.77562
2492	1.77705
2493	1.77848
2494	1.7799
2495	1.78133
2496	1.78276
2497	1.78419
2498	1.78562
2499	1.78705
2500	1.78848
