Independent Variable - Plot	Dependent Variable - Plot
0	0
1	0.000128307
2	0.000513226
3	0.00115476
4	0.00205291
5	0.00320766
6	0.00461904
7	0.00628702
8	0.00821162
9	0.0103928
10	0.0128307
11	0.0155251
12	0.0184761
13	0.0216838
14	0.0251481
15	0.028869
16	0.0328465
17	0.0370806
18	0.0415713
19	0.0463187
20	0.0513226
21	0.0565832
22	0.0621004
23	0.0678742
24	0.0739046
25	0.0801916
26	0.0867353
27	0.0935355
28	0.100592
29	0.107906
30	0.115476
31	0.123303
32	0.131386
33	0.139726
34	0.148322
35	0.157176
36	0.166285
37	0.175652
38	0.185275
39	0.195154
40	0.205291
41	0.215683
42	0.226333
43	0.237239
44	0.248402
45	0.259821
46	0.271497
47	0.283429
48	0.295618
49	0.308064
50	0.320766
51	0.333725
52	0.346941
53	0.360413
54	0.374142
55	0.388127
56	0.402369
57	0.416868
58	0.431623
59	0.446635
60	0.461904
61	0.477429
62	0.493211
63	0.509249
64	0.525544
65	0.542095
66	0.558904
67	0.575968
68	0.59329
69	0.610868
70	0.628702
71	0.646794
72	0.665141
73	0.683746
74	0.702607
75	0.721725
76	0.741099
77	0.76073
78	0.780617
79	0.800761
80	0.821162
81	0.84182
82	0.862734
83	0.883904
84	0.905331
85	0.927015
86	0.948956
87	0.971153
88	0.993606
89	1.01632
90	1.03928
91	1.06251
92	1.08599
93	1.10972
94	1.13372
95	1.15797
96	1.18247
97	1.20724
98	1.23226
99	1.25753
100	1.28307
101	1.30886
102	1.3349
103	1.3612
104	1.38776
105	1.41458
106	1.44165
107	1.46898
108	1.49657
109	1.52441
110	1.55251
111	1.58087
112	1.60948
113	1.63835
114	1.66747
115	1.69685
116	1.72649
117	1.75639
118	1.78654
119	1.81695
120	1.84761
121	1.87854
122	1.90972
123	1.94115
124	1.97284
125	2.00479
126	2.037
127	2.06946
128	2.10218
129	2.13515
130	2.16838
131	2.20187
132	2.23561
133	2.26962
134	2.30387
135	2.33839
136	2.37316
137	2.40819
138	2.44347
139	2.47901
140	2.51481
141	2.55086
142	2.58717
143	2.62374
144	2.66057
145	2.69765
146	2.73498
147	2.77258
148	2.81043
149	2.84853
150	2.8869
151	2.92552
152	2.9644
153	3.00353
154	3.04292
155	3.08257
156	3.12247
157	3.16263
158	3.20305
159	3.24372
160	3.28465
161	3.32584
162	3.36728
163	3.40898
164	3.45093
165	3.49315
166	3.53562
167	3.57834
168	3.62133
169	3.66456
170	3.70806
171	3.75181
172	3.79582
173	3.84009
174	3.88461
175	3.92939
176	3.97443
177	4.01972
178	4.06527
179	4.11107
180	4.15713
181	4.20345
182	4.25003
183	4.29686
184	4.34395
185	4.39129
186	4.43889
187	4.48675
188	4.53487
189	4.58324
190	4.63187
191	4.68075
192	4.72989
193	4.77929
194	4.82895
195	4.87886
196	4.92903
197	4.97945
198	5.03013
199	5.08107
200	5.13226
201	5.18371
202	5.23542
203	5.28739
204	5.33961
205	5.39208
206	5.44482
207	5.49781
208	5.55106
209	5.60456
210	5.65832
211	5.71234
212	5.76661
213	5.82114
214	5.87593
215	5.93097
216	5.98627
217	6.04183
218	6.09764
219	6.15371
220	6.21004
221	6.26662
222	6.32346
223	6.38056
224	6.43791
225	6.49552
226	6.55339
227	6.61151
228	6.66989
229	6.72853
230	6.78742
231	6.84657
232	6.90597
233	6.96564
234	7.02556
235	7.08573
236	7.14616
237	7.20685
238	7.2678
239	7.329
240	7.39046
241	7.45218
242	7.51415
243	7.57638
244	7.63886
245	7.7016
246	7.7646
247	7.82786
248	7.89137
249	7.95514
250	8.01916
251	8.08344
252	8.14798
253	8.21278
254	8.27783
255	8.34314
256	8.4087
257	8.47452
258	8.5406
259	8.60693
260	8.67353
261	8.74037
262	8.80748
263	8.87484
264	8.94246
265	9.01033
266	9.07846
267	9.14685
268	9.21549
269	9.28439
270	9.35355
271	9.42296
272	9.49263
273	9.56256
274	9.63275
275	9.70319
276	9.77388
277	9.84484
278	9.91605
279	9.98751
280	10.0592
281	10.1312
282	10.2035
283	10.2759
284	10.3487
285	10.4217
286	10.495
287	10.5685
288	10.6423
289	10.7163
290	10.7906
291	10.8651
292	10.9399
293	11.015
294	11.0903
295	11.1659
296	11.2417
297	11.3178
298	11.3941
299	11.4707
300	11.5476
301	11.6247
302	11.7021
303	11.7797
304	11.8576
305	11.9357
306	12.0141
307	12.0928
308	12.1717
309	12.2508
310	12.3303
311	12.4099
312	12.4899
313	12.5701
314	12.6505
315	12.7312
316	12.8122
317	12.8934
318	12.9749
319	13.0566
320	13.1386
321	13.2208
322	13.3033
323	13.3861
324	13.4691
325	13.5524
326	13.6359
327	13.7197
328	13.8037
329	13.888
330	13.9726
331	14.0574
332	14.1425
333	14.2278
334	14.3134
335	14.3992
336	14.4853
337	14.5717
338	14.6583
339	14.7451
340	14.8322
341	14.9196
342	15.0073
343	15.0951
344	15.1833
345	15.2717
346	15.3604
347	15.4493
348	15.5384
349	15.6279
350	15.7176
351	15.8075
352	15.8977
353	15.9882
354	16.0789
355	16.1698
356	16.2611
357	16.3525
358	16.4443
359	16.5363
360	16.6285
361	16.721
362	16.8138
363	16.9068
364	17.0001
365	17.0936
366	17.1874
367	17.2815
368	17.3758
369	17.4704
370	17.5652
371	17.6602
372	17.7556
373	17.8512
374	17.947
375	18.0431
376	18.1395
377	18.2361
378	18.333
379	18.4301
380	18.5275
381	18.6251
382	18.723
383	18.8212
384	18.9196
385	19.0182
386	19.1172
387	19.2164
388	19.3158
389	19.4155
390	19.5154
391	19.6156
392	19.7161
393	19.8168
394	19.9178
395	20.019
396	20.1205
397	20.2223
398	20.3243
399	20.4265
400	20.5291
401	20.6318
402	20.7349
403	20.8381
404	20.9417
405	21.0455
406	21.1495
407	21.2539
408	21.3584
409	21.4633
410	21.5683
411	21.6737
412	21.7793
413	21.8851
414	21.9912
415	22.0976
416	22.2042
417	22.3111
418	22.4182
419	22.5256
420	22.6333
421	22.7412
422	22.8494
423	22.9578
424	23.0664
425	23.1754
426	23.2846
427	23.394
428	23.5037
429	23.6137
430	23.7239
431	23.8344
432	23.9451
433	24.0561
434	24.1673
435	24.2788
436	24.3906
437	24.5026
438	24.6148
439	24.7274
440	24.8402
441	24.9532
442	25.0665
443	25.18
444	25.2938
445	25.4079
446	25.5222
447	25.6368
448	25.7516
449	25.8667
450	25.9821
451	26.0977
452	26.2136
453	26.3297
454	26.446
455	26.5627
456	26.6796
457	26.7967
458	26.9141
459	27.0318
460	27.1497
461	27.2678
462	27.3863
463	27.505
464	27.6239
465	27.7431
466	27.8625
467	27.9823
468	28.1022
469	28.2224
470	28.3429
471	28.4637
472	28.5847
473	28.7059
474	28.8274
475	28.9492
476	29.0712
477	29.1935
478	29.316
479	29.4388
480	29.5618
481	29.6851
482	29.8087
483	29.9325
484	30.0566
485	30.1809
486	30.3055
487	30.4303
488	30.5554
489	30.6808
490	30.8064
491	30.9323
492	31.0584
493	31.1848
494	31.3114
495	31.4383
496	31.5655
497	31.6929
498	31.8205
499	31.9485
500	32.0766
501	32.2051
502	32.3338
503	32.4627
504	32.5919
505	32.7214
506	32.8511
507	32.9811
508	33.1113
509	33.2418
510	33.3725
511	33.5035
512	33.6348
513	33.7663
514	33.8981
515	34.0301
516	34.1624
517	34.2949
518	34.4277
519	34.5608
520	34.6941
521	34.8277
522	34.9615
523	35.0956
524	35.2299
525	35.3645
526	35.4994
527	35.6345
528	35.7698
529	35.9054
530	36.0413
531	36.1775
532	36.3138
533	36.4505
534	36.5874
535	36.7246
536	36.862
537	36.9996
538	37.1376
539	37.2758
540	37.4142
541	37.5529
542	37.6919
543	37.8311
544	37.9705
545	38.1103
546	38.2502
547	38.3905
548	38.531
549	38.6717
550	38.8127
551	38.954
552	39.0955
553	39.2373
554	39.3793
555	39.5216
556	39.6642
557	39.807
558	39.9501
559	40.0934
560	40.2369
561	40.3808
562	40.5249
563	40.6692
564	40.8138
565	40.9587
566	41.1038
567	41.2492
568	41.3948
569	41.5407
570	41.6868
571	41.8332
572	41.9799
573	42.1268
574	42.2739
575	42.4214
576	42.569
577	42.717
578	42.8652
579	43.0136
580	43.1623
581	43.3113
582	43.4605
583	43.61
584	43.7597
585	43.9097
586	44.06
587	44.2105
588	44.3612
589	44.5123
590	44.6635
591	44.8151
592	44.9668
593	45.1189
594	45.2712
595	45.4237
596	45.5766
597	45.7296
598	45.883
599	46.0365
600	46.1904
601	46.3445
602	46.4988
603	46.6534
604	46.8083
605	46.9634
606	47.1188
607	47.2744
608	47.4303
609	47.5865
610	47.7429
611	47.8995
612	48.0565
613	48.2136
614	48.3711
615	48.5288
616	48.6867
617	48.8449
618	49.0034
619	49.1621
620	49.3211
621	49.4803
622	49.6398
623	49.7995
624	49.9595
625	50.1198
626	50.2803
627	50.441
628	50.6021
629	50.7633
630	50.9249
631	51.0867
632	51.2487
633	51.411
634	51.5736
635	51.7364
636	51.8995
637	52.0628
638	52.2264
639	52.3903
640	52.5544
641	52.7187
642	52.8834
643	53.0482
644	53.2134
645	53.3788
646	53.5444
647	53.7103
648	53.8765
649	54.0429
650	54.2095
651	54.3765
652	54.5436
653	54.7111
654	54.8788
655	55.0467
656	55.2149
657	55.3834
658	55.5521
659	55.7211
660	55.8904
661	56.0598
662	56.2296
663	56.3996
664	56.5699
665	56.7404
666	56.9112
667	57.0822
668	57.2535
669	57.425
670	57.5968
671	57.7689
672	57.9412
673	58.1138
674	58.2866
675	58.4597
676	58.633
677	58.8066
678	58.9805
679	59.1546
680	59.329
681	59.5036
682	59.6785
683	59.8536
684	60.029
685	60.2047
686	60.3806
687	60.5567
688	60.7332
689	60.9098
690	61.0868
691	61.264
692	61.4414
693	61.6191
694	61.7971
695	61.9753
696	62.1538
697	62.3325
698	62.5115
699	62.6907
700	62.8702
701	63.05
702	63.23
703	63.4103
704	63.5908
705	63.7716
706	63.9526
707	64.1339
708	64.3155
709	64.4973
710	64.6794
711	64.8617
712	65.0443
713	65.2271
714	65.4102
715	65.5935
716	65.7771
717	65.961
718	66.1451
719	66.3295
720	66.5141
721	66.699
722	66.8842
723	67.0696
724	67.2552
725	67.4412
726	67.6273
727	67.8138
728	68.0004
729	68.1874
730	68.3746
731	68.562
732	68.7498
733	68.9377
734	69.1259
735	69.3144
736	69.5032
737	69.6922
738	69.8814
739	70.0709
740	70.2607
741	70.4507
742	70.641
743	70.8315
744	71.0223
745	71.2134
746	71.4047
747	71.5962
748	71.7881
749	71.9801
750	72.1725
751	72.365
752	72.5579
753	72.751
754	72.9444
755	73.138
756	73.3318
757	73.526
758	73.7203
759	73.915
760	74.1099
761	74.305
762	74.5005
763	74.6961
764	74.892
765	75.0882
766	75.2847
767	75.4814
768	75.6783
769	75.8755
770	76.073
771	76.2707
772	76.4687
773	76.6669
774	76.8654
775	77.0641
776	77.2632
777	77.4624
778	77.6619
779	77.8617
780	78.0617
781	78.262
782	78.4626
783	78.6634
784	78.8644
785	79.0657
786	79.2673
787	79.4691
788	79.6712
789	79.8735
790	80.0761
791	80.279
792	80.4821
793	80.6855
794	80.8891
795	81.093
796	81.2971
797	81.5015
798	81.7062
799	81.9111
800	82.1162
801	82.3216
802	82.5273
803	82.7332
804	82.9394
805	83.1459
806	83.3526
807	83.5595
808	83.7668
809	83.9742
810	84.182
811	84.3899
812	84.5982
813	84.8067
814	85.0154
815	85.2244
816	85.4337
817	85.6432
818	85.853
819	86.0631
820	86.2734
821	86.4839
822	86.6947
823	86.9058
824	87.1171
825	87.3287
826	87.5405
827	87.7526
828	87.9649
829	88.1776
830	88.3904
831	88.6035
832	88.8169
833	89.0305
834	89.2444
835	89.4586
836	89.673
837	89.8876
838	90.1025
839	90.3177
840	90.5331
841	90.7488
842	90.9648
843	91.181
844	91.3974
845	91.6141
846	91.8311
847	92.0483
848	92.2658
849	92.4835
850	92.7015
851	92.9198
852	93.1383
853	93.357
854	93.5761
855	93.7953
856	94.0149
857	94.2346
858	94.4547
859	94.675
860	94.8956
861	95.1164
862	95.3374
863	95.5588
864	95.7804
865	96.0022
866	96.2243
867	96.4467
868	96.6693
869	96.8921
870	97.1153
871	97.3386
872	97.5623
873	97.7862
874	98.0103
875	98.2347
876	98.4594
877	98.6843
878	98.9095
879	99.1349
880	99.3606
881	99.5866
882	99.8128
883	100.039
884	100.266
885	100.493
886	100.72
887	100.948
888	101.175
889	101.403
890	101.632
891	101.86
892	102.089
893	102.318
894	102.547
895	102.777
896	103.007
897	103.237
898	103.467
899	103.698
900	103.928
901	104.159
902	104.391
903	104.622
904	104.854
905	105.086
906	105.319
907	105.551
908	105.784
909	106.017
910	106.251
911	106.484
912	106.718
913	106.952
914	107.187
915	107.421
916	107.656
917	107.892
918	108.127
919	108.363
920	108.599
921	108.835
922	109.071
923	109.308
924	109.545
925	109.782
926	110.02
927	110.258
928	110.496
929	110.734
930	110.972
931	111.211
932	111.45
933	111.689
934	111.929
935	112.169
936	112.409
937	112.649
938	112.89
939	113.131
940	113.372
941	113.613
942	113.855
943	114.097
944	114.339
945	114.581
946	114.824
947	115.067
948	115.31
949	115.553
950	115.797
951	116.041
952	116.285
953	116.529
954	116.774
955	117.019
956	117.264
957	117.509
958	117.755
959	118.001
960	118.247
961	118.494
962	118.741
963	118.988
964	119.235
965	119.482
966	119.73
967	119.978
968	120.226
969	120.475
970	120.724
971	120.973
972	121.222
973	121.472
974	121.721
975	121.971
976	122.222
977	122.472
978	122.723
979	122.974
980	123.226
981	123.477
982	123.729
983	123.981
984	124.234
985	124.486
986	124.739
987	124.992
988	125.246
989	125.499
990	125.753
991	126.007
992	126.262
993	126.517
994	126.772
995	127.027
996	127.282
997	127.538
998	127.794
999	128.05
1000	128.307
1001	128.563
1002	128.82
1003	129.078
1004	129.335
1005	129.593
1006	129.851
1007	130.109
1008	130.368
1009	130.627
1010	130.886
1011	131.145
1012	131.404
1013	131.664
1014	131.924
1015	132.185
1016	132.445
1017	132.706
1018	132.967
1019	133.229
1020	133.49
1021	133.752
1022	134.014
1023	134.277
1024	134.539
1025	134.802
1026	135.065
1027	135.329
1028	135.592
1029	135.856
1030	136.12
1031	136.385
1032	136.65
1033	136.915
1034	137.18
1035	137.445
1036	137.711
1037	137.977
1038	138.243
1039	138.51
1040	138.776
1041	139.043
1042	139.311
1043	139.578
1044	139.846
1045	140.114
1046	140.382
1047	140.651
1048	140.92
1049	141.189
1050	141.458
1051	141.728
1052	141.997
1053	142.268
1054	142.538
1055	142.808
1056	143.079
1057	143.35
1058	143.622
1059	143.893
1060	144.165
1061	144.437
1062	144.71
1063	144.982
1064	145.255
1065	145.529
1066	145.802
1067	146.076
1068	146.35
1069	146.624
1070	146.898
1071	147.173
1072	147.448
1073	147.723
1074	147.999
1075	148.274
1076	148.55
1077	148.827
1078	149.103
1079	149.38
1080	149.657
1081	149.934
1082	150.212
1083	150.489
1084	150.767
1085	151.046
1086	151.324
1087	151.603
1088	151.882
1089	152.161
1090	152.441
1091	152.721
1092	153.001
1093	153.281
1094	153.562
1095	153.843
1096	154.124
1097	154.405
1098	154.687
1099	154.969
1100	155.251
1101	155.533
1102	155.816
1103	156.099
1104	156.382
1105	156.666
1106	156.949
1107	157.233
1108	157.517
1109	157.802
1110	158.087
1111	158.372
1112	158.657
1113	158.942
1114	159.228
1115	159.514
1116	159.8
1117	160.087
1118	160.373
1119	160.661
1120	160.948
1121	161.235
1122	161.523
1123	161.811
1124	162.099
1125	162.388
1126	162.677
1127	162.966
1128	163.255
1129	163.545
1130	163.835
1131	164.125
1132	164.415
1133	164.706
1134	164.997
1135	165.288
1136	165.579
1137	165.871
1138	166.163
1139	166.455
1140	166.747
1141	167.04
1142	167.333
1143	167.626
1144	167.919
1145	168.213
1146	168.507
1147	168.801
1148	169.096
1149	169.39
1150	169.685
1151	169.981
1152	170.276
1153	170.572
1154	170.868
1155	171.164
1156	171.461
1157	171.757
1158	172.055
1159	172.352
1160	172.649
1161	172.947
1162	173.245
1163	173.544
1164	173.842
1165	174.141
1166	174.44
1167	174.739
1168	175.039
1169	175.339
1170	175.639
1171	175.939
1172	176.24
1173	176.541
1174	176.842
1175	177.143
1176	177.445
1177	177.747
1178	178.049
1179	178.351
1180	178.654
1181	178.957
1182	179.26
1183	179.564
1184	179.867
1185	180.171
1186	180.476
1187	180.78
1188	181.085
1189	181.39
1190	181.695
1191	182
1192	182.306
1193	182.612
1194	182.918
1195	183.225
1196	183.532
1197	183.839
1198	184.146
1199	184.454
1200	184.761
1201	185.07
1202	185.378
1203	185.686
1204	185.995
1205	186.304
1206	186.614
1207	186.923
1208	187.233
1209	187.543
1210	187.854
1211	188.164
1212	188.475
1213	188.786
1214	189.098
1215	189.409
1216	189.721
1217	190.033
1218	190.346
1219	190.659
1220	190.972
1221	191.285
1222	191.598
1223	191.912
1224	192.226
1225	192.54
1226	192.855
1227	193.169
1228	193.484
1229	193.8
1230	194.115
1231	194.431
1232	194.747
1233	195.063
1234	195.38
1235	195.696
1236	196.013
1237	196.331
1238	196.648
1239	196.966
1240	197.284
1241	197.603
1242	197.921
1243	198.24
1244	198.559
1245	198.878
1246	199.198
1247	199.518
1248	199.838
1249	200.158
1250	200.479
1251	200.8
1252	201.121
1253	201.443
1254	201.764
1255	202.086
1256	202.408
1257	202.731
1258	203.053
1259	203.376
1260	203.7
1261	204.023
1262	204.347
1263	204.671
1264	204.995
1265	205.319
1266	205.644
1267	205.969
1268	206.294
1269	206.62
1270	206.946
1271	207.272
1272	207.598
1273	207.925
1274	208.251
1275	208.578
1276	208.906
1277	209.233
1278	209.561
1279	209.889
1280	210.218
1281	210.546
1282	210.875
1283	211.204
1284	211.533
1285	211.863
1286	212.193
1287	212.523
1288	212.853
1289	213.184
1290	213.515
1291	213.846
1292	214.178
1293	214.509
1294	214.841
1295	215.173
1296	215.506
1297	215.839
1298	216.171
1299	216.505
1300	216.838
1301	217.172
1302	217.506
1303	217.84
1304	218.175
1305	218.509
1306	218.844
1307	219.18
1308	219.515
1309	219.851
1310	220.187
1311	220.523
1312	220.86
1313	221.197
1314	221.534
1315	221.871
1316	222.209
1317	222.546
1318	222.884
1319	223.223
1320	223.561
1321	223.9
1322	224.239
1323	224.579
1324	224.918
1325	225.258
1326	225.598
1327	225.939
1328	226.279
1329	226.62
1330	226.962
1331	227.303
1332	227.645
1333	227.987
1334	228.329
1335	228.671
1336	229.014
1337	229.357
1338	229.7
1339	230.044
1340	230.387
1341	230.731
1342	231.076
1343	231.42
1344	231.765
1345	232.11
1346	232.455
1347	232.801
1348	233.146
1349	233.492
1350	233.839
1351	234.185
1352	234.532
1353	234.879
1354	235.227
1355	235.574
1356	235.922
1357	236.27
1358	236.618
1359	236.967
1360	237.316
1361	237.665
1362	238.014
1363	238.364
1364	238.714
1365	239.064
1366	239.414
1367	239.765
1368	240.116
1369	240.467
1370	240.819
1371	241.17
1372	241.522
1373	241.874
1374	242.227
1375	242.58
1376	242.933
1377	243.286
1378	243.639
1379	243.993
1380	244.347
1381	244.701
1382	245.056
1383	245.411
1384	245.766
1385	246.121
1386	246.476
1387	246.832
1388	247.188
1389	247.545
1390	247.901
1391	248.258
1392	248.615
1393	248.972
1394	249.33
1395	249.688
1396	250.046
1397	250.404
1398	250.763
1399	251.122
1400	251.481
1401	251.84
1402	252.2
1403	252.56
1404	252.92
1405	253.28
1406	253.641
1407	254.002
1408	254.363
1409	254.725
1410	255.086
1411	255.448
1412	255.81
1413	256.173
1414	256.536
1415	256.899
1416	257.262
1417	257.625
1418	257.989
1419	258.353
1420	258.717
1421	259.082
1422	259.447
1423	259.812
1424	260.177
1425	260.543
1426	260.908
1427	261.274
1428	261.641
1429	262.007
1430	262.374
1431	262.741
1432	263.109
1433	263.476
1434	263.844
1435	264.212
1436	264.581
1437	264.949
1438	265.318
1439	265.687
1440	266.057
1441	266.426
1442	266.796
1443	267.166
1444	267.537
1445	267.907
1446	268.278
1447	268.649
1448	269.021
1449	269.393
1450	269.765
1451	270.137
1452	270.509
1453	270.882
1454	271.255
1455	271.628
1456	272.002
1457	272.376
1458	272.75
1459	273.124
1460	273.498
1461	273.873
1462	274.248
1463	274.623
1464	274.999
1465	275.375
1466	275.751
1467	276.127
1468	276.504
1469	276.881
1470	277.258
1471	277.635
1472	278.013
1473	278.391
1474	278.769
1475	279.147
1476	279.526
1477	279.905
1478	280.284
1479	280.663
1480	281.043
1481	281.423
1482	281.803
1483	282.183
1484	282.564
1485	282.945
1486	283.326
1487	283.708
1488	284.089
1489	284.471
1490	284.853
1491	285.236
1492	285.619
1493	286.002
1494	286.385
1495	286.768
1496	287.152
1497	287.536
1498	287.921
1499	288.305
1500	288.69
1501	289.075
1502	289.46
1503	289.846
1504	290.232
1505	290.618
1506	291.004
1507	291.391
1508	291.777
1509	292.165
1510	292.552
1511	292.939
1512	293.327
1513	293.715
1514	294.104
1515	294.492
1516	294.881
1517	295.271
1518	295.66
1519	296.05
1520	296.44
1521	296.83
1522	297.22
1523	297.611
1524	298.002
1525	298.393
1526	298.784
1527	299.176
1528	299.568
1529	299.96
1530	300.353
1531	300.746
1532	301.139
1533	301.532
1534	301.925
1535	302.319
1536	302.713
1537	303.108
1538	303.502
1539	303.897
1540	304.292
1541	304.687
1542	305.083
1543	305.479
1544	305.875
1545	306.271
1546	306.668
1547	307.064
1548	307.462
1549	307.859
1550	308.257
1551	308.654
1552	309.053
1553	309.451
1554	309.85
1555	310.249
1556	310.648
1557	311.047
1558	311.447
1559	311.847
1560	312.247
1561	312.647
1562	313.048
1563	313.449
1564	313.85
1565	314.252
1566	314.653
1567	315.055
1568	315.458
1569	315.86
1570	316.263
1571	316.666
1572	317.069
1573	317.473
1574	317.877
1575	318.281
1576	318.685
1577	319.089
1578	319.494
1579	319.899
1580	320.305
1581	320.71
1582	321.116
1583	321.522
1584	321.928
1585	322.335
1586	322.742
1587	323.149
1588	323.556
1589	323.964
1590	324.372
1591	324.78
1592	325.188
1593	325.597
1594	326.006
1595	326.415
1596	326.825
1597	327.234
1598	327.644
1599	328.054
1600	328.465
1601	328.876
1602	329.287
1603	329.698
1604	330.109
1605	330.521
1606	330.933
1607	331.345
1608	331.758
1609	332.17
1610	332.584
1611	332.997
1612	333.41
1613	333.824
1614	334.238
1615	334.652
1616	335.067
1617	335.482
1618	335.897
1619	336.312
1620	336.728
1621	337.144
1622	337.56
1623	337.976
1624	338.393
1625	338.81
1626	339.227
1627	339.644
1628	340.062
1629	340.48
1630	340.898
1631	341.316
1632	341.735
1633	342.154
1634	342.573
1635	342.992
1636	343.412
1637	343.832
1638	344.252
1639	344.673
1640	345.093
1641	345.514
1642	345.936
1643	346.357
1644	346.779
1645	347.201
1646	347.623
1647	348.046
1648	348.468
1649	348.891
1650	349.315
1651	349.738
1652	350.162
1653	350.586
1654	351.01
1655	351.435
1656	351.86
1657	352.285
1658	352.71
1659	353.136
1660	353.562
1661	353.988
1662	354.414
1663	354.841
1664	355.268
1665	355.695
1666	356.122
1667	356.55
1668	356.978
1669	357.406
1670	357.834
1671	358.263
1672	358.692
1673	359.121
1674	359.55
1675	359.98
1676	360.41
1677	360.84
1678	361.271
1679	361.702
1680	362.133
1681	362.564
1682	362.995
1683	363.427
1684	363.859
1685	364.291
1686	364.724
1687	365.157
1688	365.59
1689	366.023
1690	366.456
1691	366.89
1692	367.324
1693	367.759
1694	368.193
1695	368.628
1696	369.063
1697	369.498
1698	369.934
1699	370.37
1700	370.806
1701	371.242
1702	371.679
1703	372.116
1704	372.553
1705	372.99
1706	373.428
1707	373.866
1708	374.304
1709	374.743
1710	375.181
1711	375.62
1712	376.059
1713	376.499
1714	376.939
1715	377.379
1716	377.819
1717	378.259
1718	378.7
1719	379.141
1720	379.582
1721	380.024
1722	380.465
1723	380.908
1724	381.35
1725	381.792
1726	382.235
1727	382.678
1728	383.121
1729	383.565
1730	384.009
1731	384.453
1732	384.897
1733	385.342
1734	385.787
1735	386.232
1736	386.677
1737	387.123
1738	387.569
1739	388.015
1740	388.461
1741	388.908
1742	389.355
1743	389.802
1744	390.249
1745	390.697
1746	391.145
1747	391.593
1748	392.041
1749	392.49
1750	392.939
1751	393.388
1752	393.838
1753	394.287
1754	394.737
1755	395.188
1756	395.638
1757	396.089
1758	396.54
1759	396.991
1760	397.443
1761	397.894
1762	398.346
1763	398.799
1764	399.251
1765	399.704
1766	400.157
1767	400.61
1768	401.064
1769	401.518
1770	401.972
1771	402.426
1772	402.881
1773	403.335
1774	403.791
1775	404.246
1776	404.702
1777	405.157
1778	405.614
1779	406.07
1780	406.527
1781	406.984
1782	407.441
1783	407.898
1784	408.356
1785	408.814
1786	409.272
1787	409.73
1788	410.189
1789	410.648
1790	411.107
1791	411.567
1792	412.026
1793	412.486
1794	412.947
1795	413.407
1796	413.868
1797	414.329
1798	414.79
1799	415.252
1800	415.713
1801	416.175
1802	416.638
1803	417.1
1804	417.563
1805	418.026
1806	418.489
1807	418.953
1808	419.417
1809	419.881
1810	420.345
1811	420.81
1812	421.275
1813	421.74
1814	422.205
1815	422.671
1816	423.137
1817	423.603
1818	424.069
1819	424.536
1820	425.003
1821	425.47
1822	425.937
1823	426.405
1824	426.873
1825	427.341
1826	427.81
1827	428.278
1828	428.747
1829	429.216
1830	429.686
1831	430.156
1832	430.626
1833	431.096
1834	431.566
1835	432.037
1836	432.508
1837	432.979
1838	433.451
1839	433.923
1840	434.395
1841	434.867
1842	435.34
1843	435.812
1844	436.286
1845	436.759
1846	437.232
1847	437.706
1848	438.18
1849	438.655
1850	439.129
1851	439.604
1852	440.079
1853	440.555
1854	441.03
1855	441.506
1856	441.982
1857	442.459
1858	442.935
1859	443.412
1860	443.889
1861	444.367
1862	444.845
1863	445.323
1864	445.801
1865	446.279
1866	446.758
1867	447.237
1868	447.716
1869	448.196
1870	448.675
1871	449.155
1872	449.636
1873	450.116
1874	450.597
1875	451.078
1876	451.559
1877	452.041
1878	452.522
1879	453.005
1880	453.487
1881	453.969
1882	454.452
1883	454.935
1884	455.419
1885	455.902
1886	456.386
1887	456.87
1888	457.354
1889	457.839
1890	458.324
1891	458.809
1892	459.294
1893	459.78
1894	460.266
1895	460.752
1896	461.239
1897	461.725
1898	462.212
1899	462.699
1900	463.187
1901	463.674
1902	464.162
1903	464.651
1904	465.139
1905	465.628
1906	466.117
1907	466.606
1908	467.096
1909	467.585
1910	468.075
1911	468.566
1912	469.056
1913	469.547
1914	470.038
1915	470.529
1916	471.021
1917	471.512
1918	472.005
1919	472.497
1920	472.989
1921	473.482
1922	473.975
1923	474.469
1924	474.962
1925	475.456
1926	475.95
1927	476.445
1928	476.939
1929	477.434
1930	477.929
1931	478.425
1932	478.92
1933	479.416
1934	479.912
1935	480.409
1936	480.905
1937	481.402
1938	481.9
1939	482.397
1940	482.895
1941	483.393
1942	483.891
1943	484.389
1944	484.888
1945	485.387
1946	485.886
1947	486.386
1948	486.886
1949	487.386
1950	487.886
1951	488.386
1952	488.887
1953	489.388
1954	489.889
1955	490.391
1956	490.893
1957	491.395
1958	491.897
1959	492.4
1960	492.903
1961	493.406
1962	493.909
1963	494.413
1964	494.917
1965	495.421
1966	495.925
1967	496.43
1968	496.935
1969	497.44
1970	497.945
1971	498.451
1972	498.957
1973	499.463
1974	499.969
1975	500.476
1976	500.983
1977	501.49
1978	501.997
1979	502.505
1980	503.013
1981	503.521
1982	504.03
1983	504.539
1984	505.048
1985	505.557
1986	506.066
1987	506.576
1988	507.086
1989	507.596
1990	508.107
1991	508.618
1992	509.129
1993	509.64
1994	510.152
1995	510.663
1996	511.176
1997	511.688
1998	512.2
1999	512.713
2000	513.226
2001	513.74
2002	514.253
2003	514.767
2004	515.281
2005	515.796
2006	516.31
2007	516.825
2008	517.34
2009	517.856
2010	518.371
2011	518.887
2012	519.404
2013	519.92
2014	520.437
2015	520.954
2016	521.471
2017	521.988
2018	522.506
2019	523.024
2020	523.542
2021	524.061
2022	524.579
2023	525.098
2024	525.618
2025	526.137
2026	526.657
2027	527.177
2028	527.697
2029	528.218
2030	528.739
2031	529.26
2032	529.781
2033	530.303
2034	530.824
2035	531.346
2036	531.869
2037	532.391
2038	532.914
2039	533.437
2040	533.961
2041	534.484
2042	535.008
2043	535.532
2044	536.057
2045	536.581
2046	537.106
2047	537.631
2048	538.157
2049	538.683
2050	539.208
2051	539.735
2052	540.261
2053	540.788
2054	541.315
2055	541.842
2056	542.369
2057	542.897
2058	543.425
2059	543.953
2060	544.482
2061	545.011
2062	545.54
2063	546.069
2064	546.598
2065	547.128
2066	547.658
2067	548.189
2068	548.719
2069	549.25
2070	549.781
2071	550.312
2072	550.844
2073	551.376
2074	551.908
2075	552.44
2076	552.973
2077	553.506
2078	554.039
2079	554.572
2080	555.106
2081	555.64
2082	556.174
2083	556.708
2084	557.243
2085	557.778
2086	558.313
2087	558.848
2088	559.384
2089	559.92
2090	560.456
2091	560.992
2092	561.529
2093	562.066
2094	562.603
2095	563.141
2096	563.679
2097	564.217
2098	564.755
2099	565.293
2100	565.832
2101	566.371
2102	566.91
2103	567.45
2104	567.99
2105	568.53
2106	569.07
2107	569.611
2108	570.151
2109	570.692
2110	571.234
2111	571.775
2112	572.317
2113	572.859
2114	573.402
2115	573.944
2116	574.487
2117	575.03
2118	575.574
2119	576.117
2120	576.661
2121	577.205
2122	577.75
2123	578.294
2124	578.839
2125	579.384
2126	579.93
2127	580.476
2128	581.022
2129	581.568
2130	582.114
2131	582.661
2132	583.208
2133	583.755
2134	584.303
2135	584.85
2136	585.398
2137	585.947
2138	586.495
2139	587.044
2140	587.593
2141	588.142
2142	588.692
2143	589.241
2144	589.792
2145	590.342
2146	590.892
2147	591.443
2148	591.994
2149	592.546
2150	593.097
2151	593.649
2152	594.201
2153	594.754
2154	595.306
2155	595.859
2156	596.412
2157	596.966
2158	597.519
2159	598.073
2160	598.627
2161	599.182
2162	599.736
2163	600.291
2164	600.846
2165	601.402
2166	601.958
2167	602.514
2168	603.07
2169	603.626
2170	604.183
2171	604.74
2172	605.297
2173	605.855
2174	606.412
2175	606.97
2176	607.529
2177	608.087
2178	608.646
2179	609.205
2180	609.764
2181	610.324
2182	610.884
2183	611.444
2184	612.004
2185	612.565
2186	613.125
2187	613.686
2188	614.248
2189	614.809
2190	615.371
2191	615.933
2192	616.496
2193	617.058
2194	617.621
2195	618.184
2196	618.748
2197	619.311
2198	619.875
2199	620.439
2200	621.004
2201	621.569
2202	622.134
2203	622.699
2204	623.264
2205	623.83
2206	624.396
2207	624.962
2208	625.529
2209	626.095
2210	626.662
2211	627.229
2212	627.797
2213	628.365
2214	628.933
2215	629.501
2216	630.07
2217	630.638
2218	631.207
2219	631.777
2220	632.346
2221	632.916
2222	633.486
2223	634.056
2224	634.627
2225	635.198
2226	635.769
2227	636.34
2228	636.912
2229	637.484
2230	638.056
2231	638.628
2232	639.201
2233	639.774
2234	640.347
2235	640.92
2236	641.494
2237	642.068
2238	642.642
2239	643.216
2240	643.791
2241	644.366
2242	644.941
2243	645.517
2244	646.092
2245	646.668
2246	647.245
2247	647.821
2248	648.398
2249	648.975
2250	649.552
2251	650.13
2252	650.707
2253	651.285
2254	651.864
2255	652.442
2256	653.021
2257	653.6
2258	654.179
2259	654.759
2260	655.339
2261	655.919
2262	656.499
2263	657.08
2264	657.661
2265	658.242
2266	658.823
2267	659.405
2268	659.987
2269	660.569
2270	661.151
2271	661.734
2272	662.317
2273	662.9
2274	663.483
2275	664.067
2276	664.651
2277	665.235
2278	665.819
2279	666.404
2280	666.989
2281	667.574
2282	668.16
2283	668.745
2284	669.331
2285	669.918
2286	670.504
2287	671.091
2288	671.678
2289	672.265
2290	672.853
2291	673.44
2292	674.028
2293	674.617
2294	675.205
2295	675.794
2296	676.383
2297	676.972
2298	677.562
2299	678.152
2300	678.742
2301	679.332
2302	679.923
2303	680.514
2304	681.105
2305	681.696
2306	682.288
2307	682.88
2308	683.472
2309	684.064
2310	684.657
2311	685.25
2312	685.843
2313	686.436
2314	687.03
2315	687.624
2316	688.218
2317	688.813
2318	689.407
2319	690.002
2320	690.597
2321	691.193
2322	691.789
2323	692.385
2324	692.981
2325	693.577
2326	694.174
2327	694.771
2328	695.368
2329	695.966
2330	696.564
2331	697.162
2332	697.76
2333	698.359
2334	698.957
2335	699.556
2336	700.156
2337	700.755
2338	701.355
2339	701.955
2340	702.556
2341	703.156
2342	703.757
2343	704.358
2344	704.96
2345	705.561
2346	706.163
2347	706.765
2348	707.368
2349	707.97
2350	708.573
2351	709.176
2352	709.78
2353	710.383
2354	710.987
2355	711.592
2356	712.196
2357	712.801
2358	713.406
2359	714.011
2360	714.616
2361	715.222
2362	715.828
2363	716.434
2364	717.041
2365	717.648
2366	718.255
2367	718.862
2368	719.469
2369	720.077
2370	720.685
2371	721.294
2372	721.902
2373	722.511
2374	723.12
2375	723.729
2376	724.339
2377	724.949
2378	725.559
2379	726.169
2380	726.78
2381	727.391
2382	728.002
2383	728.613
2384	729.225
2385	729.837
2386	730.449
2387	731.061
2388	731.674
2389	732.287
2390	732.9
2391	733.514
2392	734.127
2393	734.741
2394	735.355
2395	735.97
2396	736.585
2397	737.2
2398	737.815
2399	738.43
2400	739.046
2401	739.662
2402	740.278
2403	740.895
2404	741.512
2405	742.129
2406	742.746
2407	743.363
2408	743.981
2409	744.599
2410	745.218
2411	745.836
2412	746.455
2413	747.074
2414	747.693
2415	748.313
2416	748.933
2417	749.553
2418	750.173
2419	750.794
2420	751.415
2421	752.036
2422	752.657
2423	753.279
2424	753.901
2425	754.523
2426	755.145
2427	755.768
2428	756.391
2429	757.014
2430	757.638
2431	758.261
2432	758.885
2433	759.509
2434	760.134
2435	760.759
2436	761.384
2437	762.009
2438	762.634
2439	763.26
2440	763.886
2441	764.512
2442	765.139
2443	765.766
2444	766.393
2445	767.02
2446	767.648
2447	768.275
2448	768.903
2449	769.532
2450	770.16
2451	770.789
2452	771.418
2453	772.048
2454	772.677
2455	773.307
2456	773.937
2457	774.568
2458	775.198
2459	775.829
2460	776.46
2461	777.092
2462	777.723
2463	778.355
2464	778.987
2465	779.62
2466	780.252
2467	780.885
2468	781.519
2469	782.152
2470	782.786
2471	783.42
2472	784.054
2473	784.688
2474	785.323
2475	785.958
2476	786.593
2477	787.229
2478	787.865
2479	788.501
2480	789.137
2481	789.773
2482	790.41
2483	791.047
2484	791.685
2485	792.322
2486	792.96
2487	793.598
2488	794.236
2489	794.875
2490	795.514
2491	796.153
2492	796.792
2493	797.432
2494	798.072
2495	798.712
2496	799.352
2497	799.993
2498	800.634
2499	801.275
2500	801.916
