Independent Variable - Plot	Dependent Variable - Plot
0	0
1	0.000548457
2	0.00219383
3	0.00493611
4	0.00877531
5	0.0137114
6	0.0197444
7	0.0268744
8	0.0351012
9	0.044425
10	0.0548457
11	0.0663633
12	0.0789778
13	0.0926892
14	0.107498
15	0.123403
16	0.140405
17	0.158504
18	0.1777
19	0.197993
20	0.219383
21	0.241869
22	0.265453
23	0.290134
24	0.315911
25	0.342785
26	0.370757
27	0.399825
28	0.42999
29	0.461252
30	0.493611
31	0.527067
32	0.56162
33	0.597269
34	0.634016
35	0.671859
36	0.7108
37	0.750837
38	0.791971
39	0.834203
40	0.877531
41	0.921956
42	0.967478
43	1.0141
44	1.06181
45	1.11062
46	1.16053
47	1.21154
48	1.26364
49	1.31684
50	1.37114
51	1.42654
52	1.48303
53	1.54061
54	1.5993
55	1.65908
56	1.71996
57	1.78194
58	1.84501
59	1.90918
60	1.97444
61	2.04081
62	2.10827
63	2.17682
64	2.24648
65	2.31723
66	2.38908
67	2.46202
68	2.53606
69	2.6112
70	2.68744
71	2.76477
72	2.8432
73	2.92273
74	3.00335
75	3.08507
76	3.16789
77	3.2518
78	3.33681
79	3.42292
80	3.51012
81	3.59842
82	3.68782
83	3.77832
84	3.86991
85	3.9626
86	4.05639
87	4.15127
88	4.24725
89	4.34433
90	4.4425
91	4.54177
92	4.64214
93	4.7436
94	4.84616
95	4.94982
96	5.05458
97	5.16043
98	5.26738
99	5.37542
100	5.48457
101	5.59481
102	5.70614
103	5.81858
104	5.93211
105	6.04673
106	6.16246
107	6.27928
108	6.3972
109	6.51621
110	6.63633
111	6.75753
112	6.87984
113	7.00324
114	7.12774
115	7.25334
116	7.38003
117	7.50782
118	7.63671
119	7.76669
120	7.89778
121	8.02995
122	8.16323
123	8.2976
124	8.43307
125	8.56964
126	8.7073
127	8.84606
128	8.98591
129	9.12687
130	9.26892
131	9.41206
132	9.55631
133	9.70165
134	9.84809
135	9.99562
136	10.1443
137	10.294
138	10.4448
139	10.5967
140	10.7498
141	10.9039
142	11.0591
143	11.2154
144	11.3728
145	11.5313
146	11.6909
147	11.8516
148	12.0134
149	12.1763
150	12.3403
151	12.5054
152	12.6715
153	12.8388
154	13.0072
155	13.1767
156	13.3472
157	13.5189
158	13.6917
159	13.8655
160	14.0405
161	14.2165
162	14.3937
163	14.5719
164	14.7513
165	14.9317
166	15.1133
167	15.2959
168	15.4796
169	15.6645
170	15.8504
171	16.0374
172	16.2255
173	16.4148
174	16.6051
175	16.7965
176	16.989
177	17.1826
178	17.3773
179	17.5731
180	17.77
181	17.968
182	18.1671
183	18.3673
184	18.5685
185	18.7709
186	18.9744
187	19.179
188	19.3847
189	19.5914
190	19.7993
191	20.0082
192	20.2183
193	20.4295
194	20.6417
195	20.8551
196	21.0695
197	21.2851
198	21.5017
199	21.7194
200	21.9383
201	22.1582
202	22.3792
203	22.6014
204	22.8246
205	23.0489
206	23.2743
207	23.5008
208	23.7284
209	23.9571
210	24.1869
211	24.4178
212	24.6498
213	24.8829
214	25.1171
215	25.3524
216	25.5888
217	25.8263
218	26.0649
219	26.3045
220	26.5453
221	26.7872
222	27.0301
223	27.2742
224	27.5194
225	27.7656
226	28.013
227	28.2614
228	28.511
229	28.7616
230	29.0134
231	29.2662
232	29.5201
233	29.7752
234	30.0313
235	30.2885
236	30.5468
237	30.8063
238	31.0668
239	31.3284
240	31.5911
241	31.8549
242	32.1198
243	32.3858
244	32.6529
245	32.9211
246	33.1904
247	33.4608
248	33.7323
249	34.0049
250	34.2785
251	34.5533
252	34.8292
253	35.1062
254	35.3842
255	35.6634
256	35.9437
257	36.225
258	36.5075
259	36.791
260	37.0757
261	37.3614
262	37.6483
263	37.9362
264	38.2252
265	38.5154
266	38.8066
267	39.0989
268	39.3924
269	39.6869
270	39.9825
271	40.2792
272	40.577
273	40.8759
274	41.1759
275	41.477
276	41.7792
277	42.0825
278	42.3869
279	42.6924
280	42.999
281	43.3067
282	43.6155
283	43.9253
284	44.2363
285	44.5484
286	44.8616
287	45.1758
288	45.4912
289	45.8076
290	46.1252
291	46.4439
292	46.7636
293	47.0845
294	47.4064
295	47.7294
296	48.0536
297	48.3788
298	48.7051
299	49.0326
300	49.3611
301	49.6907
302	50.0214
303	50.3533
304	50.6862
305	51.0202
306	51.3553
307	51.6915
308	52.0288
309	52.3672
310	52.7067
311	53.0473
312	53.389
313	53.7318
314	54.0756
315	54.4206
316	54.7667
317	55.1139
318	55.4621
319	55.8115
320	56.162
321	56.5135
322	56.8662
323	57.2199
324	57.5748
325	57.9307
326	58.2878
327	58.6459
328	59.0052
329	59.3655
330	59.7269
331	60.0895
332	60.4531
333	60.8178
334	61.1836
335	61.5506
336	61.9186
337	62.2877
338	62.6579
339	63.0292
340	63.4016
341	63.7751
342	64.1497
343	64.5254
344	64.9022
345	65.2801
346	65.659
347	66.0391
348	66.4203
349	66.8026
350	67.1859
351	67.5704
352	67.956
353	68.3426
354	68.7304
355	69.1193
356	69.5092
357	69.9003
358	70.2924
359	70.6856
360	71.08
361	71.4754
362	71.872
363	72.2696
364	72.6683
365	73.0681
366	73.4691
367	73.8711
368	74.2742
369	74.6784
370	75.0837
371	75.4901
372	75.8976
373	76.3062
374	76.7159
375	77.1267
376	77.5386
377	77.9516
378	78.3657
379	78.7809
380	79.1971
381	79.6145
382	80.033
383	80.4526
384	80.8732
385	81.295
386	81.7179
387	82.1418
388	82.5669
389	82.993
390	83.4203
391	83.8486
392	84.278
393	84.7086
394	85.1402
395	85.573
396	86.0068
397	86.4417
398	86.8777
399	87.3149
400	87.7531
401	88.1924
402	88.6328
403	89.0743
404	89.5169
405	89.9606
406	90.4054
407	90.8513
408	91.2983
409	91.7464
410	92.1956
411	92.6458
412	93.0972
413	93.5497
414	94.0033
415	94.458
416	94.9137
417	95.3706
418	95.8285
419	96.2876
420	96.7478
421	97.209
422	97.6714
423	98.1348
424	98.5993
425	99.065
426	99.5317
427	99.9996
428	100.468
429	100.939
430	101.41
431	101.882
432	102.355
433	102.83
434	103.305
435	103.782
436	104.259
437	104.738
438	105.218
439	105.699
440	106.181
441	106.664
442	107.149
443	107.634
444	108.121
445	108.608
446	109.097
447	109.587
448	110.077
449	110.569
450	111.062
451	111.557
452	112.052
453	112.548
454	113.046
455	113.544
456	114.044
457	114.545
458	115.046
459	115.549
460	116.053
461	116.559
462	117.065
463	117.572
464	118.081
465	118.59
466	119.101
467	119.612
468	120.125
469	120.639
470	121.154
471	121.67
472	122.187
473	122.706
474	123.225
475	123.746
476	124.267
477	124.79
478	125.314
479	125.838
480	126.364
481	126.891
482	127.42
483	127.949
484	128.479
485	129.011
486	129.543
487	130.077
488	130.612
489	131.148
490	131.684
491	132.222
492	132.762
493	133.302
494	133.843
495	134.386
496	134.929
497	135.474
498	136.019
499	136.566
500	137.114
501	137.663
502	138.213
503	138.764
504	139.317
505	139.87
506	140.425
507	140.98
508	141.537
509	142.095
510	142.654
511	143.214
512	143.775
513	144.337
514	144.9
515	145.464
516	146.03
517	146.596
518	147.164
519	147.733
520	148.303
521	148.874
522	149.446
523	150.019
524	150.593
525	151.168
526	151.745
527	152.322
528	152.901
529	153.481
530	154.061
531	154.643
532	155.226
533	155.811
534	156.396
535	156.982
536	157.569
537	158.158
538	158.747
539	159.338
540	159.93
541	160.523
542	161.117
543	161.712
544	162.308
545	162.905
546	163.504
547	164.103
548	164.704
549	165.305
550	165.908
551	166.512
552	167.117
553	167.723
554	168.33
555	168.938
556	169.548
557	170.158
558	170.77
559	171.382
560	171.996
561	172.611
562	173.227
563	173.844
564	174.462
565	175.081
566	175.701
567	176.323
568	176.945
569	177.569
570	178.194
571	178.819
572	179.446
573	180.074
574	180.703
575	181.333
576	181.965
577	182.597
578	183.231
579	183.865
580	184.501
581	185.138
582	185.775
583	186.414
584	187.054
585	187.696
586	188.338
587	188.981
588	189.626
589	190.271
590	190.918
591	191.565
592	192.214
593	192.864
594	193.515
595	194.167
596	194.821
597	195.475
598	196.13
599	196.787
600	197.444
601	198.103
602	198.763
603	199.424
604	200.086
605	200.749
606	201.413
607	202.078
608	202.745
609	203.412
610	204.081
611	204.75
612	205.421
613	206.093
614	206.766
615	207.44
616	208.115
617	208.791
618	209.469
619	210.147
620	210.827
621	211.507
622	212.189
623	212.872
624	213.556
625	214.241
626	214.927
627	215.614
628	216.303
629	216.992
630	217.682
631	218.374
632	219.067
633	219.761
634	220.455
635	221.151
636	221.849
637	222.547
638	223.246
639	223.946
640	224.648
641	225.35
642	226.054
643	226.759
644	227.465
645	228.172
646	228.88
647	229.589
648	230.299
649	231.01
650	231.723
651	232.436
652	233.151
653	233.867
654	234.584
655	235.302
656	236.021
657	236.741
658	237.462
659	238.184
660	238.908
661	239.632
662	240.358
663	241.085
664	241.812
665	242.541
666	243.271
667	244.002
668	244.735
669	245.468
670	246.202
671	246.938
672	247.674
673	248.412
674	249.151
675	249.891
676	250.632
677	251.374
678	252.117
679	252.861
680	253.606
681	254.353
682	255.1
683	255.849
684	256.599
685	257.35
686	258.102
687	258.855
688	259.609
689	260.364
690	261.12
691	261.878
692	262.636
693	263.396
694	264.156
695	264.918
696	265.681
697	266.445
698	267.21
699	267.976
700	268.744
701	269.512
702	270.282
703	271.052
704	271.824
705	272.597
706	273.371
707	274.146
708	274.922
709	275.699
710	276.477
711	277.256
712	278.037
713	278.818
714	279.601
715	280.385
716	281.17
717	281.956
718	282.743
719	283.531
720	284.32
721	285.11
722	285.902
723	286.694
724	287.488
725	288.283
726	289.078
727	289.875
728	290.673
729	291.472
730	292.273
731	293.074
732	293.876
733	294.68
734	295.484
735	296.29
736	297.097
737	297.905
738	298.714
739	299.524
740	300.335
741	301.147
742	301.96
743	302.775
744	303.591
745	304.407
746	305.225
747	306.044
748	306.864
749	307.685
750	308.507
751	309.33
752	310.154
753	310.98
754	311.806
755	312.634
756	313.463
757	314.293
758	315.123
759	315.955
760	316.789
761	317.623
762	318.458
763	319.294
764	320.132
765	320.971
766	321.81
767	322.651
768	323.493
769	324.336
770	325.18
771	326.025
772	326.871
773	327.719
774	328.567
775	329.417
776	330.267
777	331.119
778	331.972
779	332.826
780	333.681
781	334.537
782	335.394
783	336.253
784	337.112
785	337.973
786	338.834
787	339.697
788	340.561
789	341.426
790	342.292
791	343.159
792	344.027
793	344.896
794	345.767
795	346.638
796	347.511
797	348.385
798	349.259
799	350.135
800	351.012
801	351.89
802	352.77
803	353.65
804	354.531
805	355.414
806	356.297
807	357.182
808	358.068
809	358.954
810	359.842
811	360.731
812	361.622
813	362.513
814	363.405
815	364.299
816	365.193
817	366.089
818	366.986
819	367.883
820	368.782
821	369.682
822	370.583
823	371.486
824	372.389
825	373.293
826	374.199
827	375.105
828	376.013
829	376.922
830	377.832
831	378.743
832	379.655
833	380.568
834	381.482
835	382.398
836	383.314
837	384.232
838	385.15
839	386.07
840	386.991
841	387.913
842	388.836
843	389.76
844	390.685
845	391.612
846	392.539
847	393.468
848	394.397
849	395.328
850	396.26
851	397.193
852	398.127
853	399.062
854	399.998
855	400.936
856	401.874
857	402.813
858	403.754
859	404.696
860	405.639
861	406.582
862	407.527
863	408.474
864	409.421
865	410.369
866	411.318
867	412.269
868	413.22
869	414.173
870	415.127
871	416.082
872	417.038
873	417.995
874	418.953
875	419.912
876	420.872
877	421.834
878	422.796
879	423.76
880	424.725
881	425.691
882	426.658
883	427.626
884	428.595
885	429.565
886	430.536
887	431.509
888	432.482
889	433.457
890	434.433
891	435.409
892	436.387
893	437.366
894	438.346
895	439.328
896	440.31
897	441.293
898	442.278
899	443.263
900	444.25
901	445.238
902	446.227
903	447.217
904	448.208
905	449.2
906	450.193
907	451.187
908	452.183
909	453.179
910	454.177
911	455.176
912	456.176
913	457.176
914	458.179
915	459.182
916	460.186
917	461.191
918	462.198
919	463.205
920	464.214
921	465.223
922	466.234
923	467.246
924	468.259
925	469.273
926	470.288
927	471.305
928	472.322
929	473.341
930	474.36
931	475.381
932	476.403
933	477.426
934	478.449
935	479.475
936	480.501
937	481.528
938	482.556
939	483.586
940	484.616
941	485.648
942	486.681
943	487.715
944	488.749
945	489.786
946	490.823
947	491.861
948	492.9
949	493.941
950	494.982
951	496.025
952	497.068
953	498.113
954	499.159
955	500.206
956	501.254
957	502.303
958	503.354
959	504.405
960	505.458
961	506.511
962	507.566
963	508.622
964	509.679
965	510.737
966	511.796
967	512.856
968	513.917
969	514.979
970	516.043
971	517.107
972	518.173
973	519.24
974	520.308
975	521.377
976	522.447
977	523.518
978	524.59
979	525.663
980	526.738
981	527.813
982	528.89
983	529.968
984	531.046
985	532.126
986	533.207
987	534.289
988	535.373
989	536.457
990	537.542
991	538.629
992	539.716
993	540.805
994	541.895
995	542.986
996	544.078
997	545.171
998	546.265
999	547.36
1000	548.457
1001	549.554
1002	550.653
1003	551.752
1004	552.853
1005	553.955
1006	555.058
1007	556.162
1008	557.267
1009	558.373
1010	559.481
1011	560.589
1012	561.699
1013	562.809
1014	563.921
1015	565.034
1016	566.148
1017	567.263
1018	568.379
1019	569.496
1020	570.614
1021	571.734
1022	572.854
1023	573.976
1024	575.099
1025	576.222
1026	577.347
1027	578.473
1028	579.6
1029	580.728
1030	581.858
1031	582.988
1032	584.12
1033	585.252
1034	586.386
1035	587.52
1036	588.656
1037	589.793
1038	590.931
1039	592.07
1040	593.211
1041	594.352
1042	595.495
1043	596.638
1044	597.783
1045	598.928
1046	600.075
1047	601.223
1048	602.372
1049	603.522
1050	604.673
1051	605.826
1052	606.979
1053	608.134
1054	609.289
1055	610.446
1056	611.604
1057	612.763
1058	613.923
1059	615.084
1060	616.246
1061	617.409
1062	618.574
1063	619.739
1064	620.906
1065	622.073
1066	623.242
1067	624.412
1068	625.583
1069	626.755
1070	627.928
1071	629.102
1072	630.278
1073	631.454
1074	632.632
1075	633.81
1076	634.99
1077	636.171
1078	637.353
1079	638.536
1080	639.72
1081	640.905
1082	642.091
1083	643.279
1084	644.467
1085	645.657
1086	646.848
1087	648.039
1088	649.232
1089	650.426
1090	651.621
1091	652.818
1092	654.015
1093	655.213
1094	656.413
1095	657.613
1096	658.815
1097	660.018
1098	661.222
1099	662.427
1100	663.633
1101	664.84
1102	666.048
1103	667.257
1104	668.468
1105	669.679
1106	670.892
1107	672.106
1108	673.321
1109	674.536
1110	675.753
1111	676.972
1112	678.191
1113	679.411
1114	680.633
1115	681.855
1116	683.079
1117	684.303
1118	685.529
1119	686.756
1120	687.984
1121	689.213
1122	690.443
1123	691.675
1124	692.907
1125	694.14
1126	695.375
1127	696.611
1128	697.847
1129	699.085
1130	700.324
1131	701.564
1132	702.806
1133	704.048
1134	705.291
1135	706.536
1136	707.781
1137	709.028
1138	710.276
1139	711.524
1140	712.774
1141	714.025
1142	715.277
1143	716.531
1144	717.785
1145	719.04
1146	720.297
1147	721.555
1148	722.813
1149	724.073
1150	725.334
1151	726.596
1152	727.859
1153	729.123
1154	730.389
1155	731.655
1156	732.922
1157	734.191
1158	735.461
1159	736.731
1160	738.003
1161	739.276
1162	740.55
1163	741.825
1164	743.102
1165	744.379
1166	745.658
1167	746.937
1168	748.218
1169	749.499
1170	750.782
1171	752.066
1172	753.351
1173	754.637
1174	755.925
1175	757.213
1176	758.502
1177	759.793
1178	761.085
1179	762.377
1180	763.671
1181	764.966
1182	766.262
1183	767.559
1184	768.857
1185	770.157
1186	771.457
1187	772.758
1188	774.061
1189	775.365
1190	776.669
1191	777.975
1192	779.282
1193	780.59
1194	781.9
1195	783.21
1196	784.521
1197	785.834
1198	787.147
1199	788.462
1200	789.778
1201	791.094
1202	792.412
1203	793.731
1204	795.052
1205	796.373
1206	797.695
1207	799.019
1208	800.343
1209	801.669
1210	802.995
1211	804.323
1212	805.652
1213	806.982
1214	808.313
1215	809.645
1216	810.979
1217	812.313
1218	813.649
1219	814.985
1220	816.323
1221	817.662
1222	819.002
1223	820.343
1224	821.685
1225	823.028
1226	824.372
1227	825.717
1228	827.064
1229	828.411
1230	829.76
1231	831.11
1232	832.461
1233	833.813
1234	835.166
1235	836.52
1236	837.875
1237	839.231
1238	840.589
1239	841.947
1240	843.307
1241	844.668
1242	846.03
1243	847.392
1244	848.756
1245	850.122
1246	851.488
1247	852.855
1248	854.223
1249	855.593
1250	856.964
1251	858.335
1252	859.708
1253	861.082
1254	862.457
1255	863.833
1256	865.21
1257	866.588
1258	867.968
1259	869.348
1260	870.73
1261	872.112
1262	873.496
1263	874.881
1264	876.267
1265	877.654
1266	879.042
1267	880.431
1268	881.822
1269	883.213
1270	884.606
1271	885.999
1272	887.394
1273	888.79
1274	890.187
1275	891.585
1276	892.984
1277	894.384
1278	895.786
1279	897.188
1280	898.591
1281	899.996
1282	901.402
1283	902.808
1284	904.216
1285	905.625
1286	907.035
1287	908.447
1288	909.859
1289	911.272
1290	912.687
1291	914.102
1292	915.519
1293	916.937
1294	918.356
1295	919.776
1296	921.197
1297	922.619
1298	924.042
1299	925.466
1300	926.892
1301	928.318
1302	929.746
1303	931.175
1304	932.605
1305	934.035
1306	935.467
1307	936.901
1308	938.335
1309	939.77
1310	941.206
1311	942.644
1312	944.083
1313	945.522
1314	946.963
1315	948.405
1316	949.848
1317	951.292
1318	952.737
1319	954.184
1320	955.631
1321	957.079
1322	958.529
1323	959.98
1324	961.431
1325	962.884
1326	964.338
1327	965.793
1328	967.249
1329	968.707
1330	970.165
1331	971.624
1332	973.085
1333	974.547
1334	976.009
1335	977.473
1336	978.938
1337	980.404
1338	981.871
1339	983.339
1340	984.809
1341	986.279
1342	987.751
1343	989.223
1344	990.697
1345	992.172
1346	993.648
1347	995.125
1348	996.603
1349	998.082
1350	999.562
1351	1001.04
1352	1002.53
1353	1004.01
1354	1005.49
1355	1006.98
1356	1008.47
1357	1009.95
1358	1011.44
1359	1012.93
1360	1014.43
1361	1015.92
1362	1017.41
1363	1018.91
1364	1020.4
1365	1021.9
1366	1023.4
1367	1024.89
1368	1026.39
1369	1027.9
1370	1029.4
1371	1030.9
1372	1032.41
1373	1033.91
1374	1035.42
1375	1036.93
1376	1038.43
1377	1039.94
1378	1041.46
1379	1042.97
1380	1044.48
1381	1046
1382	1047.51
1383	1049.03
1384	1050.54
1385	1052.06
1386	1053.58
1387	1055.1
1388	1056.63
1389	1058.15
1390	1059.67
1391	1061.2
1392	1062.72
1393	1064.25
1394	1065.78
1395	1067.31
1396	1068.84
1397	1070.37
1398	1071.91
1399	1073.44
1400	1074.98
1401	1076.51
1402	1078.05
1403	1079.59
1404	1081.13
1405	1082.67
1406	1084.21
1407	1085.75
1408	1087.3
1409	1088.84
1410	1090.39
1411	1091.93
1412	1093.48
1413	1095.03
1414	1096.58
1415	1098.13
1416	1099.69
1417	1101.24
1418	1102.79
1419	1104.35
1420	1105.91
1421	1107.47
1422	1109.03
1423	1110.59
1424	1112.15
1425	1113.71
1426	1115.27
1427	1116.84
1428	1118.4
1429	1119.97
1430	1121.54
1431	1123.11
1432	1124.68
1433	1126.25
1434	1127.82
1435	1129.4
1436	1130.97
1437	1132.55
1438	1134.12
1439	1135.7
1440	1137.28
1441	1138.86
1442	1140.44
1443	1142.02
1444	1143.61
1445	1145.19
1446	1146.78
1447	1148.36
1448	1149.95
1449	1151.54
1450	1153.13
1451	1154.72
1452	1156.31
1453	1157.91
1454	1159.5
1455	1161.1
1456	1162.69
1457	1164.29
1458	1165.89
1459	1167.49
1460	1169.09
1461	1170.69
1462	1172.3
1463	1173.9
1464	1175.5
1465	1177.11
1466	1178.72
1467	1180.33
1468	1181.94
1469	1183.55
1470	1185.16
1471	1186.77
1472	1188.39
1473	1190
1474	1191.62
1475	1193.24
1476	1194.85
1477	1196.47
1478	1198.09
1479	1199.72
1480	1201.34
1481	1202.96
1482	1204.59
1483	1206.21
1484	1207.84
1485	1209.47
1486	1211.1
1487	1212.73
1488	1214.36
1489	1215.99
1490	1217.63
1491	1219.26
1492	1220.9
1493	1222.54
1494	1224.18
1495	1225.81
1496	1227.45
1497	1229.1
1498	1230.74
1499	1232.38
1500	1234.03
1501	1235.67
1502	1237.32
1503	1238.97
1504	1240.62
1505	1242.27
1506	1243.92
1507	1245.57
1508	1247.23
1509	1248.88
1510	1250.54
1511	1252.19
1512	1253.85
1513	1255.51
1514	1257.17
1515	1258.83
1516	1260.49
1517	1262.16
1518	1263.82
1519	1265.49
1520	1267.15
1521	1268.82
1522	1270.49
1523	1272.16
1524	1273.83
1525	1275.5
1526	1277.18
1527	1278.85
1528	1280.53
1529	1282.2
1530	1283.88
1531	1285.56
1532	1287.24
1533	1288.92
1534	1290.6
1535	1292.29
1536	1293.97
1537	1295.66
1538	1297.34
1539	1299.03
1540	1300.72
1541	1302.41
1542	1304.1
1543	1305.79
1544	1307.49
1545	1309.18
1546	1310.88
1547	1312.57
1548	1314.27
1549	1315.97
1550	1317.67
1551	1319.37
1552	1321.07
1553	1322.77
1554	1324.48
1555	1326.18
1556	1327.89
1557	1329.6
1558	1331.3
1559	1333.01
1560	1334.72
1561	1336.44
1562	1338.15
1563	1339.86
1564	1341.58
1565	1343.29
1566	1345.01
1567	1346.73
1568	1348.45
1569	1350.17
1570	1351.89
1571	1353.61
1572	1355.34
1573	1357.06
1574	1358.79
1575	1360.52
1576	1362.24
1577	1363.97
1578	1365.7
1579	1367.43
1580	1369.17
1581	1370.9
1582	1372.64
1583	1374.37
1584	1376.11
1585	1377.85
1586	1379.59
1587	1381.33
1588	1383.07
1589	1384.81
1590	1386.55
1591	1388.3
1592	1390.04
1593	1391.79
1594	1393.54
1595	1395.29
1596	1397.04
1597	1398.79
1598	1400.54
1599	1402.29
1600	1404.05
1601	1405.8
1602	1407.56
1603	1409.32
1604	1411.08
1605	1412.84
1606	1414.6
1607	1416.36
1608	1418.12
1609	1419.89
1610	1421.65
1611	1423.42
1612	1425.19
1613	1426.96
1614	1428.73
1615	1430.5
1616	1432.27
1617	1434.04
1618	1435.82
1619	1437.59
1620	1439.37
1621	1441.15
1622	1442.93
1623	1444.71
1624	1446.49
1625	1448.27
1626	1450.05
1627	1451.84
1628	1453.62
1629	1455.41
1630	1457.19
1631	1458.98
1632	1460.77
1633	1462.56
1634	1464.36
1635	1466.15
1636	1467.94
1637	1469.74
1638	1471.53
1639	1473.33
1640	1475.13
1641	1476.93
1642	1478.73
1643	1480.53
1644	1482.33
1645	1484.14
1646	1485.94
1647	1487.75
1648	1489.56
1649	1491.36
1650	1493.17
1651	1494.98
1652	1496.8
1653	1498.61
1654	1500.42
1655	1502.24
1656	1504.05
1657	1505.87
1658	1507.69
1659	1509.51
1660	1511.33
1661	1513.15
1662	1514.97
1663	1516.79
1664	1518.62
1665	1520.45
1666	1522.27
1667	1524.1
1668	1525.93
1669	1527.76
1670	1529.59
1671	1531.42
1672	1533.26
1673	1535.09
1674	1536.93
1675	1538.76
1676	1540.6
1677	1542.44
1678	1544.28
1679	1546.12
1680	1547.96
1681	1549.81
1682	1551.65
1683	1553.5
1684	1555.34
1685	1557.19
1686	1559.04
1687	1560.89
1688	1562.74
1689	1564.59
1690	1566.45
1691	1568.3
1692	1570.16
1693	1572.01
1694	1573.87
1695	1575.73
1696	1577.59
1697	1579.45
1698	1581.31
1699	1583.18
1700	1585.04
1701	1586.91
1702	1588.77
1703	1590.64
1704	1592.51
1705	1594.38
1706	1596.25
1707	1598.12
1708	1599.99
1709	1601.87
1710	1603.74
1711	1605.62
1712	1607.5
1713	1609.37
1714	1611.25
1715	1613.13
1716	1615.02
1717	1616.9
1718	1618.78
1719	1620.67
1720	1622.55
1721	1624.44
1722	1626.33
1723	1628.22
1724	1630.11
1725	1632
1726	1633.89
1727	1635.79
1728	1637.68
1729	1639.58
1730	1641.48
1731	1643.37
1732	1645.27
1733	1647.17
1734	1649.08
1735	1650.98
1736	1652.88
1737	1654.79
1738	1656.69
1739	1658.6
1740	1660.51
1741	1662.42
1742	1664.33
1743	1666.24
1744	1668.15
1745	1670.06
1746	1671.98
1747	1673.89
1748	1675.81
1749	1677.73
1750	1679.65
1751	1681.57
1752	1683.49
1753	1685.41
1754	1687.34
1755	1689.26
1756	1691.19
1757	1693.11
1758	1695.04
1759	1696.97
1760	1698.9
1761	1700.83
1762	1702.76
1763	1704.7
1764	1706.63
1765	1708.57
1766	1710.5
1767	1712.44
1768	1714.38
1769	1716.32
1770	1718.26
1771	1720.2
1772	1722.15
1773	1724.09
1774	1726.03
1775	1727.98
1776	1729.93
1777	1731.88
1778	1733.83
1779	1735.78
1780	1737.73
1781	1739.68
1782	1741.64
1783	1743.59
1784	1745.55
1785	1747.51
1786	1749.46
1787	1751.42
1788	1753.39
1789	1755.35
1790	1757.31
1791	1759.27
1792	1761.24
1793	1763.21
1794	1765.17
1795	1767.14
1796	1769.11
1797	1771.08
1798	1773.05
1799	1775.03
1800	1777
1801	1778.97
1802	1780.95
1803	1782.93
1804	1784.91
1805	1786.89
1806	1788.87
1807	1790.85
1808	1792.83
1809	1794.81
1810	1796.8
1811	1798.78
1812	1800.77
1813	1802.76
1814	1804.75
1815	1806.74
1816	1808.73
1817	1810.72
1818	1812.72
1819	1814.71
1820	1816.71
1821	1818.7
1822	1820.7
1823	1822.7
1824	1824.7
1825	1826.7
1826	1828.71
1827	1830.71
1828	1832.71
1829	1834.72
1830	1836.73
1831	1838.73
1832	1840.74
1833	1842.75
1834	1844.76
1835	1846.78
1836	1848.79
1837	1850.8
1838	1852.82
1839	1854.84
1840	1856.85
1841	1858.87
1842	1860.89
1843	1862.91
1844	1864.94
1845	1866.96
1846	1868.98
1847	1871.01
1848	1873.04
1849	1875.06
1850	1877.09
1851	1879.12
1852	1881.15
1853	1883.19
1854	1885.22
1855	1887.25
1856	1889.29
1857	1891.32
1858	1893.36
1859	1895.4
1860	1897.44
1861	1899.48
1862	1901.52
1863	1903.57
1864	1905.61
1865	1907.66
1866	1909.7
1867	1911.75
1868	1913.8
1869	1915.85
1870	1917.9
1871	1919.95
1872	1922
1873	1924.06
1874	1926.11
1875	1928.17
1876	1930.23
1877	1932.28
1878	1934.34
1879	1936.4
1880	1938.47
1881	1940.53
1882	1942.59
1883	1944.66
1884	1946.72
1885	1948.79
1886	1950.86
1887	1952.93
1888	1955
1889	1957.07
1890	1959.14
1891	1961.22
1892	1963.29
1893	1965.37
1894	1967.44
1895	1969.52
1896	1971.6
1897	1973.68
1898	1975.76
1899	1977.85
1900	1979.93
1901	1982.01
1902	1984.1
1903	1986.19
1904	1988.27
1905	1990.36
1906	1992.45
1907	1994.54
1908	1996.64
1909	1998.73
1910	2000.82
1911	2002.92
1912	2005.02
1913	2007.12
1914	2009.21
1915	2011.31
1916	2013.42
1917	2015.52
1918	2017.62
1919	2019.73
1920	2021.83
1921	2023.94
1922	2026.05
1923	2028.15
1924	2030.26
1925	2032.37
1926	2034.49
1927	2036.6
1928	2038.71
1929	2040.83
1930	2042.95
1931	2045.06
1932	2047.18
1933	2049.3
1934	2051.42
1935	2053.55
1936	2055.67
1937	2057.79
1938	2059.92
1939	2062.04
1940	2064.17
1941	2066.3
1942	2068.43
1943	2070.56
1944	2072.69
1945	2074.83
1946	2076.96
1947	2079.09
1948	2081.23
1949	2083.37
1950	2085.51
1951	2087.65
1952	2089.79
1953	2091.93
1954	2094.07
1955	2096.22
1956	2098.36
1957	2100.51
1958	2102.65
1959	2104.8
1960	2106.95
1961	2109.1
1962	2111.25
1963	2113.41
1964	2115.56
1965	2117.71
1966	2119.87
1967	2122.03
1968	2124.19
1969	2126.35
1970	2128.51
1971	2130.67
1972	2132.83
1973	2134.99
1974	2137.16
1975	2139.32
1976	2141.49
1977	2143.66
1978	2145.83
1979	2148
1980	2150.17
1981	2152.34
1982	2154.52
1983	2156.69
1984	2158.87
1985	2161.04
1986	2163.22
1987	2165.4
1988	2167.58
1989	2169.76
1990	2171.94
1991	2174.13
1992	2176.31
1993	2178.5
1994	2180.68
1995	2182.87
1996	2185.06
1997	2187.25
1998	2189.44
1999	2191.63
2000	2193.83
2001	2196.02
2002	2198.22
2003	2200.41
2004	2202.61
2005	2204.81
2006	2207.01
2007	2209.21
2008	2211.41
2009	2213.62
2010	2215.82
2011	2218.03
2012	2220.23
2013	2222.44
2014	2224.65
2015	2226.86
2016	2229.07
2017	2231.28
2018	2233.49
2019	2235.71
2020	2237.92
2021	2240.14
2022	2242.36
2023	2244.57
2024	2246.79
2025	2249.02
2026	2251.24
2027	2253.46
2028	2255.68
2029	2257.91
2030	2260.14
2031	2262.36
2032	2264.59
2033	2266.82
2034	2269.05
2035	2271.28
2036	2273.52
2037	2275.75
2038	2277.98
2039	2280.22
2040	2282.46
2041	2284.7
2042	2286.93
2043	2289.18
2044	2291.42
2045	2293.66
2046	2295.9
2047	2298.15
2048	2300.39
2049	2302.64
2050	2304.89
2051	2307.14
2052	2309.39
2053	2311.64
2054	2313.89
2055	2316.15
2056	2318.4
2057	2320.66
2058	2322.91
2059	2325.17
2060	2327.43
2061	2329.69
2062	2331.95
2063	2334.21
2064	2336.48
2065	2338.74
2066	2341.01
2067	2343.28
2068	2345.54
2069	2347.81
2070	2350.08
2071	2352.35
2072	2354.63
2073	2356.9
2074	2359.17
2075	2361.45
2076	2363.73
2077	2366
2078	2368.28
2079	2370.56
2080	2372.84
2081	2375.13
2082	2377.41
2083	2379.69
2084	2381.98
2085	2384.26
2086	2386.55
2087	2388.84
2088	2391.13
2089	2393.42
2090	2395.71
2091	2398.01
2092	2400.3
2093	2402.6
2094	2404.89
2095	2407.19
2096	2409.49
2097	2411.79
2098	2414.09
2099	2416.39
2100	2418.69
2101	2421
2102	2423.3
2103	2425.61
2104	2427.92
2105	2430.23
2106	2432.53
2107	2434.85
2108	2437.16
2109	2439.47
2110	2441.78
2111	2444.1
2112	2446.42
2113	2448.73
2114	2451.05
2115	2453.37
2116	2455.69
2117	2458.01
2118	2460.33
2119	2462.66
2120	2464.98
2121	2467.31
2122	2469.64
2123	2471.96
2124	2474.29
2125	2476.62
2126	2478.96
2127	2481.29
2128	2483.62
2129	2485.96
2130	2488.29
2131	2490.63
2132	2492.97
2133	2495.31
2134	2497.65
2135	2499.99
2136	2502.33
2137	2504.67
2138	2507.02
2139	2509.37
2140	2511.71
2141	2514.06
2142	2516.41
2143	2518.76
2144	2521.11
2145	2523.46
2146	2525.82
2147	2528.17
2148	2530.53
2149	2532.88
2150	2535.24
2151	2537.6
2152	2539.96
2153	2542.32
2154	2544.68
2155	2547.05
2156	2549.41
2157	2551.78
2158	2554.14
2159	2556.51
2160	2558.88
2161	2561.25
2162	2563.62
2163	2565.99
2164	2568.37
2165	2570.74
2166	2573.12
2167	2575.49
2168	2577.87
2169	2580.25
2170	2582.63
2171	2585.01
2172	2587.39
2173	2589.77
2174	2592.16
2175	2594.54
2176	2596.93
2177	2599.32
2178	2601.71
2179	2604.09
2180	2606.49
2181	2608.88
2182	2611.27
2183	2613.66
2184	2616.06
2185	2618.46
2186	2620.85
2187	2623.25
2188	2625.65
2189	2628.05
2190	2630.45
2191	2632.86
2192	2635.26
2193	2637.66
2194	2640.07
2195	2642.48
2196	2644.89
2197	2647.3
2198	2649.71
2199	2652.12
2200	2654.53
2201	2656.94
2202	2659.36
2203	2661.77
2204	2664.19
2205	2666.61
2206	2669.03
2207	2671.45
2208	2673.87
2209	2676.29
2210	2678.72
2211	2681.14
2212	2683.57
2213	2685.99
2214	2688.42
2215	2690.85
2216	2693.28
2217	2695.71
2218	2698.15
2219	2700.58
2220	2703.01
2221	2705.45
2222	2707.89
2223	2710.32
2224	2712.76
2225	2715.2
2226	2717.64
2227	2720.09
2228	2722.53
2229	2724.97
2230	2727.42
2231	2729.87
2232	2732.31
2233	2734.76
2234	2737.21
2235	2739.66
2236	2742.12
2237	2744.57
2238	2747.02
2239	2749.48
2240	2751.94
2241	2754.39
2242	2756.85
2243	2759.31
2244	2761.77
2245	2764.24
2246	2766.7
2247	2769.16
2248	2771.63
2249	2774.09
2250	2776.56
2251	2779.03
2252	2781.5
2253	2783.97
2254	2786.44
2255	2788.92
2256	2791.39
2257	2793.87
2258	2796.34
2259	2798.82
2260	2801.3
2261	2803.78
2262	2806.26
2263	2808.74
2264	2811.22
2265	2813.71
2266	2816.19
2267	2818.68
2268	2821.16
2269	2823.65
2270	2826.14
2271	2828.63
2272	2831.12
2273	2833.62
2274	2836.11
2275	2838.61
2276	2841.1
2277	2843.6
2278	2846.1
2279	2848.6
2280	2851.1
2281	2853.6
2282	2856.1
2283	2858.6
2284	2861.11
2285	2863.62
2286	2866.12
2287	2868.63
2288	2871.14
2289	2873.65
2290	2876.16
2291	2878.67
2292	2881.19
2293	2883.7
2294	2886.22
2295	2888.74
2296	2891.25
2297	2893.77
2298	2896.29
2299	2898.81
2300	2901.34
2301	2903.86
2302	2906.38
2303	2908.91
2304	2911.44
2305	2913.96
2306	2916.49
2307	2919.02
2308	2921.55
2309	2924.09
2310	2926.62
2311	2929.15
2312	2931.69
2313	2934.23
2314	2936.76
2315	2939.3
2316	2941.84
2317	2944.38
2318	2946.93
2319	2949.47
2320	2952.01
2321	2954.56
2322	2957.11
2323	2959.65
2324	2962.2
2325	2964.75
2326	2967.3
2327	2969.85
2328	2972.41
2329	2974.96
2330	2977.52
2331	2980.07
2332	2982.63
2333	2985.19
2334	2987.75
2335	2990.31
2336	2992.87
2337	2995.43
2338	2998
2339	3000.56
2340	3003.13
2341	3005.7
2342	3008.27
2343	3010.83
2344	3013.41
2345	3015.98
2346	3018.55
2347	3021.12
2348	3023.7
2349	3026.27
2350	3028.85
2351	3031.43
2352	3034.01
2353	3036.59
2354	3039.17
2355	3041.75
2356	3044.34
2357	3046.92
2358	3049.51
2359	3052.1
2360	3054.68
2361	3057.27
2362	3059.86
2363	3062.46
2364	3065.05
2365	3067.64
2366	3070.24
2367	3072.83
2368	3075.43
2369	3078.03
2370	3080.63
2371	3083.23
2372	3085.83
2373	3088.43
2374	3091.03
2375	3093.64
2376	3096.24
2377	3098.85
2378	3101.46
2379	3104.07
2380	3106.68
2381	3109.29
2382	3111.9
2383	3114.51
2384	3117.13
2385	3119.74
2386	3122.36
2387	3124.98
2388	3127.6
2389	3130.22
2390	3132.84
2391	3135.46
2392	3138.08
2393	3140.71
2394	3143.33
2395	3145.96
2396	3148.59
2397	3151.22
2398	3153.85
2399	3156.48
2400	3159.11
2401	3161.74
2402	3164.38
2403	3167.01
2404	3169.65
2405	3172.29
2406	3174.93
2407	3177.57
2408	3180.21
2409	3182.85
2410	3185.49
2411	3188.14
2412	3190.78
2413	3193.43
2414	3196.07
2415	3198.72
2416	3201.37
2417	3204.02
2418	3206.67
2419	3209.33
2420	3211.98
2421	3214.64
2422	3217.29
2423	3219.95
2424	3222.61
2425	3225.27
2426	3227.93
2427	3230.59
2428	3233.25
2429	3235.92
2430	3238.58
2431	3241.25
2432	3243.92
2433	3246.58
2434	3249.25
2435	3251.92
2436	3254.59
2437	3257.27
2438	3259.94
2439	3262.62
2440	3265.29
2441	3267.97
2442	3270.65
2443	3273.33
2444	3276.01
2445	3278.69
2446	3281.37
2447	3284.05
2448	3286.74
2449	3289.42
2450	3292.11
2451	3294.8
2452	3297.49
2453	3300.18
2454	3302.87
2455	3305.56
2456	3308.26
2457	3310.95
2458	3313.65
2459	3316.34
2460	3319.04
2461	3321.74
2462	3324.44
2463	3327.14
2464	3329.84
2465	3332.55
2466	3335.25
2467	3337.96
2468	3340.66
2469	3343.37
2470	3346.08
2471	3348.79
2472	3351.5
2473	3354.21
2474	3356.93
2475	3359.64
2476	3362.36
2477	3365.07
2478	3367.79
2479	3370.51
2480	3373.23
2481	3375.95
2482	3378.67
2483	3381.39
2484	3384.12
2485	3386.84
2486	3389.57
2487	3392.3
2488	3395.03
2489	3397.76
2490	3400.49
2491	3403.22
2492	3405.95
2493	3408.69
2494	3411.42
2495	3414.16
2496	3416.89
2497	3419.63
2498	3422.37
2499	3425.11
2500	3427.85
