Independent Variable - Plot	Dependent Variable - Plot
0	0
1	2.87E-05
2	0.000114892
3	0.000258508
4	0.00045957
5	0.000718077
6	0.00103403
7	0.00140743
8	0.00183828
9	0.00232657
10	0.00287231
11	0.00347549
12	0.00413613
13	0.0048542
14	0.00562973
15	0.0064627
16	0.00735311
17	0.00830098
18	0.00930628
19	0.010369
20	0.0114892
21	0.0126669
22	0.013902
23	0.0151945
24	0.0165445
25	0.0179519
26	0.0194168
27	0.0209391
28	0.0225189
29	0.0241561
30	0.0258508
31	0.0276029
32	0.0294125
33	0.0312795
34	0.0332039
35	0.0351858
36	0.0372251
37	0.0393219
38	0.0414762
39	0.0436878
40	0.045957
41	0.0482835
42	0.0506675
43	0.053109
44	0.0556079
45	0.0581643
46	0.0607781
47	0.0634493
48	0.066178
49	0.0689642
50	0.0718077
51	0.0747088
52	0.0776673
53	0.0806832
54	0.0837566
55	0.0868874
56	0.0900756
57	0.0933213
58	0.0966245
59	0.0999851
60	0.103403
61	0.106879
62	0.110412
63	0.114002
64	0.11765
65	0.121355
66	0.125118
67	0.128938
68	0.132816
69	0.136751
70	0.140743
71	0.144793
72	0.148901
73	0.153065
74	0.157288
75	0.161567
76	0.165905
77	0.170299
78	0.174751
79	0.179261
80	0.183828
81	0.188452
82	0.193134
83	0.197873
84	0.20267
85	0.207524
86	0.212436
87	0.217405
88	0.222432
89	0.227516
90	0.232657
91	0.237856
92	0.243112
93	0.248426
94	0.253797
95	0.259226
96	0.264712
97	0.270256
98	0.275857
99	0.281515
100	0.287231
101	0.293004
102	0.298835
103	0.304723
104	0.310669
105	0.316672
106	0.322733
107	0.328851
108	0.335026
109	0.341259
110	0.347549
111	0.353897
112	0.360303
113	0.366765
114	0.373285
115	0.379863
116	0.386498
117	0.39319
118	0.39994
119	0.406748
120	0.413613
121	0.420535
122	0.427515
123	0.434552
124	0.441646
125	0.448798
126	0.456008
127	0.463275
128	0.470599
129	0.477981
130	0.48542
131	0.492917
132	0.500471
133	0.508083
134	0.515752
135	0.523478
136	0.531262
137	0.539104
138	0.547003
139	0.554959
140	0.562973
141	0.571044
142	0.579173
143	0.587359
144	0.595602
145	0.603903
146	0.612262
147	0.620677
148	0.629151
149	0.637681
150	0.64627
151	0.654915
152	0.663618
153	0.672379
154	0.681197
155	0.690072
156	0.699005
157	0.707996
158	0.717043
159	0.726149
160	0.735311
161	0.744531
162	0.753809
163	0.763144
164	0.772536
165	0.781986
166	0.791494
167	0.801058
168	0.810681
169	0.82036
170	0.830098
171	0.839892
172	0.849744
173	0.859654
174	0.86962
175	0.879645
176	0.889727
177	0.899866
178	0.910063
179	0.920317
180	0.930628
181	0.940997
182	0.951424
183	0.961908
184	0.972449
185	0.983048
186	0.993704
187	1.00442
188	1.01519
189	1.02602
190	1.0369
191	1.04785
192	1.05885
193	1.06991
194	1.08102
195	1.0922
196	1.10343
197	1.11471
198	1.12606
199	1.13746
200	1.14892
201	1.16044
202	1.17202
203	1.18365
204	1.19534
205	1.20709
206	1.21889
207	1.23076
208	1.24268
209	1.25465
210	1.26669
211	1.27878
212	1.29093
213	1.30314
214	1.3154
215	1.32773
216	1.3401
217	1.35254
218	1.36504
219	1.37759
220	1.3902
221	1.40286
222	1.41559
223	1.42837
224	1.44121
225	1.45411
226	1.46706
227	1.48007
228	1.49314
229	1.50627
230	1.51945
231	1.53269
232	1.54599
233	1.55935
234	1.57276
235	1.58623
236	1.59976
237	1.61335
238	1.62699
239	1.64069
240	1.65445
241	1.66827
242	1.68214
243	1.69607
244	1.71006
245	1.7241
246	1.73821
247	1.75237
248	1.76659
249	1.78086
250	1.79519
251	1.80958
252	1.82403
253	1.83854
254	1.8531
255	1.86772
256	1.8824
257	1.89713
258	1.91192
259	1.92677
260	1.94168
261	1.95665
262	1.97167
263	1.98675
264	2.00188
265	2.01708
266	2.03233
267	2.04764
268	2.06301
269	2.07843
270	2.09391
271	2.10945
272	2.12505
273	2.1407
274	2.15642
275	2.17218
276	2.18801
277	2.20389
278	2.21984
279	2.23583
280	2.25189
281	2.268
282	2.28418
283	2.3004
284	2.31669
285	2.33303
286	2.34943
287	2.36589
288	2.38241
289	2.39898
290	2.41561
291	2.4323
292	2.44905
293	2.46585
294	2.48271
295	2.49963
296	2.5166
297	2.53364
298	2.55073
299	2.56787
300	2.58508
301	2.60234
302	2.61966
303	2.63704
304	2.65447
305	2.67197
306	2.68952
307	2.70712
308	2.72479
309	2.74251
310	2.76029
311	2.77813
312	2.79602
313	2.81397
314	2.83198
315	2.85005
316	2.86817
317	2.88636
318	2.90459
319	2.92289
320	2.94125
321	2.95966
322	2.97813
323	2.99665
324	3.01524
325	3.03388
326	3.05258
327	3.07133
328	3.09015
329	3.10902
330	3.12795
331	3.14693
332	3.16597
333	3.18508
334	3.20423
335	3.22345
336	3.24272
337	3.26205
338	3.28144
339	3.30089
340	3.32039
341	3.33995
342	3.35957
343	3.37924
344	3.39898
345	3.41877
346	3.43861
347	3.45852
348	3.47848
349	3.4985
350	3.51858
351	3.53871
352	3.55891
353	3.57916
354	3.59946
355	3.61983
356	3.64025
357	3.66073
358	3.68127
359	3.70186
360	3.72251
361	3.74322
362	3.76399
363	3.78481
364	3.8057
365	3.82663
366	3.84763
367	3.86869
368	3.8898
369	3.91097
370	3.93219
371	3.95348
372	3.97482
373	3.99622
374	4.01767
375	4.03919
376	4.06076
377	4.08239
378	4.10407
379	4.12581
380	4.14762
381	4.16947
382	4.19139
383	4.21336
384	4.23539
385	4.25748
386	4.27963
387	4.30183
388	4.32409
389	4.34641
390	4.36878
391	4.39122
392	4.41371
393	4.43625
394	4.45886
395	4.48152
396	4.50424
397	4.52702
398	4.54985
399	4.57275
400	4.5957
401	4.6187
402	4.64177
403	4.66489
404	4.68807
405	4.71131
406	4.7346
407	4.75795
408	4.78136
409	4.80483
410	4.82835
411	4.85193
412	4.87557
413	4.89927
414	4.92302
415	4.94684
416	4.9707
417	4.99463
418	5.01861
419	5.04266
420	5.06675
421	5.09091
422	5.11512
423	5.1394
424	5.16372
425	5.18811
426	5.21255
427	5.23705
428	5.26161
429	5.28623
430	5.3109
431	5.33563
432	5.36042
433	5.38526
434	5.41017
435	5.43513
436	5.46015
437	5.48522
438	5.51035
439	5.53554
440	5.56079
441	5.5861
442	5.61146
443	5.63688
444	5.66236
445	5.68789
446	5.71348
447	5.73913
448	5.76484
449	5.79061
450	5.81643
451	5.84231
452	5.86824
453	5.89424
454	5.92029
455	5.9464
456	5.97257
457	5.99879
458	6.02507
459	6.05141
460	6.07781
461	6.10426
462	6.13077
463	6.15734
464	6.18397
465	6.21065
466	6.23739
467	6.26419
468	6.29105
469	6.31796
470	6.34493
471	6.37196
472	6.39905
473	6.42619
474	6.45339
475	6.48065
476	6.50796
477	6.53534
478	6.56277
479	6.59026
480	6.6178
481	6.6454
482	6.67306
483	6.70078
484	6.72856
485	6.75639
486	6.78428
487	6.81223
488	6.84023
489	6.8683
490	6.89642
491	6.92459
492	6.95283
493	6.98112
494	7.00947
495	7.03788
496	7.06634
497	7.09486
498	7.12344
499	7.15208
500	7.18077
501	7.20953
502	7.23834
503	7.2672
504	7.29613
505	7.32511
506	7.35415
507	7.38324
508	7.4124
509	7.44161
510	7.47088
511	7.5002
512	7.52959
513	7.55903
514	7.58853
515	7.61808
516	7.6477
517	7.67737
518	7.7071
519	7.73688
520	7.76673
521	7.79663
522	7.82658
523	7.8566
524	7.88667
525	7.9168
526	7.94699
527	7.97724
528	8.00754
529	8.0379
530	8.06832
531	8.09879
532	8.12933
533	8.15992
534	8.19056
535	8.22127
536	8.25203
537	8.28285
538	8.31373
539	8.34466
540	8.37566
541	8.4067
542	8.43781
543	8.46898
544	8.5002
545	8.53148
546	8.56281
547	8.59421
548	8.62566
549	8.65717
550	8.68874
551	8.72036
552	8.75204
553	8.78378
554	8.81558
555	8.84743
556	8.87934
557	8.91131
558	8.94334
559	8.97542
560	9.00756
561	9.03976
562	9.07202
563	9.10433
564	9.1367
565	9.16913
566	9.20162
567	9.23416
568	9.26676
569	9.29942
570	9.33213
571	9.36491
572	9.39774
573	9.43063
574	9.46357
575	9.49657
576	9.52963
577	9.56275
578	9.59593
579	9.62916
580	9.66245
581	9.6958
582	9.7292
583	9.76266
584	9.79618
585	9.82976
586	9.8634
587	9.89709
588	9.93084
589	9.96465
590	9.99851
591	10.0324
592	10.0664
593	10.1004
594	10.1345
595	10.1687
596	10.2029
597	10.2372
598	10.2715
599	10.3059
600	10.3403
601	10.3748
602	10.4094
603	10.444
604	10.4786
605	10.5134
606	10.5482
607	10.583
608	10.6179
609	10.6529
610	10.6879
611	10.7229
612	10.7581
613	10.7932
614	10.8285
615	10.8638
616	10.8992
617	10.9346
618	10.97
619	11.0056
620	11.0412
621	11.0768
622	11.1125
623	11.1483
624	11.1841
625	11.22
626	11.2559
627	11.2919
628	11.3279
629	11.364
630	11.4002
631	11.4364
632	11.4727
633	11.509
634	11.5454
635	11.5819
636	11.6184
637	11.6549
638	11.6916
639	11.7282
640	11.765
641	11.8018
642	11.8386
643	11.8755
644	11.9125
645	11.9495
646	11.9866
647	12.0237
648	12.0609
649	12.0982
650	12.1355
651	12.1729
652	12.2103
653	12.2478
654	12.2853
655	12.3229
656	12.3606
657	12.3983
658	12.4361
659	12.4739
660	12.5118
661	12.5497
662	12.5877
663	12.6258
664	12.6639
665	12.7021
666	12.7403
667	12.7786
668	12.8169
669	12.8553
670	12.8938
671	12.9323
672	12.9709
673	13.0095
674	13.0482
675	13.087
676	13.1258
677	13.1646
678	13.2035
679	13.2425
680	13.2816
681	13.3207
682	13.3598
683	13.399
684	13.4383
685	13.4776
686	13.517
687	13.5564
688	13.5959
689	13.6355
690	13.6751
691	13.7147
692	13.7545
693	13.7942
694	13.8341
695	13.874
696	13.9139
697	13.9539
698	13.994
699	14.0341
700	14.0743
701	14.1146
702	14.1549
703	14.1952
704	14.2356
705	14.2761
706	14.3166
707	14.3572
708	14.3979
709	14.4386
710	14.4793
711	14.5201
712	14.561
713	14.6019
714	14.6429
715	14.684
716	14.7251
717	14.7662
718	14.8074
719	14.8487
720	14.8901
721	14.9314
722	14.9729
723	15.0144
724	15.056
725	15.0976
726	15.1393
727	15.181
728	15.2228
729	15.2646
730	15.3065
731	15.3485
732	15.3905
733	15.4326
734	15.4747
735	15.5169
736	15.5592
737	15.6015
738	15.6439
739	15.6863
740	15.7288
741	15.7713
742	15.8139
743	15.8566
744	15.8993
745	15.942
746	15.9849
747	16.0277
748	16.0707
749	16.1137
750	16.1567
751	16.1999
752	16.243
753	16.2863
754	16.3295
755	16.3729
756	16.4163
757	16.4597
758	16.5033
759	16.5468
760	16.5905
761	16.6341
762	16.6779
763	16.7217
764	16.7656
765	16.8095
766	16.8534
767	16.8975
768	16.9416
769	16.9857
770	17.0299
771	17.0742
772	17.1185
773	17.1629
774	17.2073
775	17.2518
776	17.2964
777	17.341
778	17.3856
779	17.4304
780	17.4751
781	17.52
782	17.5649
783	17.6098
784	17.6548
785	17.6999
786	17.745
787	17.7902
788	17.8354
789	17.8807
790	17.9261
791	17.9715
792	18.017
793	18.0625
794	18.1081
795	18.1537
796	18.1994
797	18.2452
798	18.291
799	18.3369
800	18.3828
801	18.4288
802	18.4748
803	18.5209
804	18.5671
805	18.6133
806	18.6596
807	18.7059
808	18.7523
809	18.7987
810	18.8452
811	18.8918
812	18.9384
813	18.9851
814	19.0318
815	19.0786
816	19.1254
817	19.1724
818	19.2193
819	19.2663
820	19.3134
821	19.3605
822	19.4077
823	19.455
824	19.5023
825	19.5497
826	19.5971
827	19.6446
828	19.6921
829	19.7397
830	19.7873
831	19.8351
832	19.8828
833	19.9306
834	19.9785
835	20.0265
836	20.0745
837	20.1225
838	20.1706
839	20.2188
840	20.267
841	20.3153
842	20.3636
843	20.412
844	20.4605
845	20.509
846	20.5576
847	20.6062
848	20.6549
849	20.7036
850	20.7524
851	20.8013
852	20.8502
853	20.8992
854	20.9482
855	20.9973
856	21.0464
857	21.0957
858	21.1449
859	21.1942
860	21.2436
861	21.293
862	21.3425
863	21.3921
864	21.4417
865	21.4913
866	21.5411
867	21.5908
868	21.6407
869	21.6906
870	21.7405
871	21.7905
872	21.8406
873	21.8907
874	21.9409
875	21.9911
876	22.0414
877	22.0918
878	22.1422
879	22.1926
880	22.2432
881	22.2937
882	22.3444
883	22.3951
884	22.4458
885	22.4966
886	22.5475
887	22.5984
888	22.6494
889	22.7005
890	22.7516
891	22.8027
892	22.8539
893	22.9052
894	22.9565
895	23.0079
896	23.0594
897	23.1109
898	23.1624
899	23.214
900	23.2657
901	23.3174
902	23.3692
903	23.4211
904	23.473
905	23.5249
906	23.577
907	23.629
908	23.6812
909	23.7333
910	23.7856
911	23.8379
912	23.8903
913	23.9427
914	23.9952
915	24.0477
916	24.1003
917	24.1529
918	24.2056
919	24.2584
920	24.3112
921	24.3641
922	24.417
923	24.47
924	24.5231
925	24.5762
926	24.6294
927	24.6826
928	24.7359
929	24.7892
930	24.8426
931	24.8961
932	24.9496
933	25.0031
934	25.0568
935	25.1104
936	25.1642
937	25.218
938	25.2718
939	25.3258
940	25.3797
941	25.4338
942	25.4878
943	25.542
944	25.5962
945	25.6504
946	25.7048
947	25.7591
948	25.8136
949	25.8681
950	25.9226
951	25.9772
952	26.0319
953	26.0866
954	26.1414
955	26.1962
956	26.2511
957	26.306
958	26.361
959	26.4161
960	26.4712
961	26.5264
962	26.5816
963	26.6369
964	26.6923
965	26.7477
966	26.8031
967	26.8587
968	26.9142
969	26.9699
970	27.0256
971	27.0813
972	27.1371
973	27.193
974	27.2489
975	27.3049
976	27.3609
977	27.417
978	27.4732
979	27.5294
980	27.5857
981	27.642
982	27.6984
983	27.7548
984	27.8113
985	27.8679
986	27.9245
987	27.9812
988	28.0379
989	28.0947
990	28.1515
991	28.2084
992	28.2654
993	28.3224
994	28.3795
995	28.4366
996	28.4938
997	28.551
998	28.6083
999	28.6657
1000	28.7231
1001	28.7806
1002	28.8381
1003	28.8957
1004	28.9533
1005	29.011
1006	29.0688
1007	29.1266
1008	29.1845
1009	29.2424
1010	29.3004
1011	29.3585
1012	29.4166
1013	29.4748
1014	29.533
1015	29.5913
1016	29.6496
1017	29.708
1018	29.7664
1019	29.8249
1020	29.8835
1021	29.9421
1022	30.0008
1023	30.0596
1024	30.1184
1025	30.1772
1026	30.2361
1027	30.2951
1028	30.3541
1029	30.4132
1030	30.4723
1031	30.5315
1032	30.5908
1033	30.6501
1034	30.7095
1035	30.7689
1036	30.8284
1037	30.8879
1038	30.9475
1039	31.0072
1040	31.0669
1041	31.1267
1042	31.1865
1043	31.2464
1044	31.3063
1045	31.3663
1046	31.4264
1047	31.4865
1048	31.5467
1049	31.6069
1050	31.6672
1051	31.7276
1052	31.788
1053	31.8484
1054	31.9089
1055	31.9695
1056	32.0302
1057	32.0909
1058	32.1516
1059	32.2124
1060	32.2733
1061	32.3342
1062	32.3952
1063	32.4562
1064	32.5173
1065	32.5785
1066	32.6397
1067	32.7009
1068	32.7623
1069	32.8236
1070	32.8851
1071	32.9466
1072	33.0081
1073	33.0697
1074	33.1314
1075	33.1931
1076	33.2549
1077	33.3168
1078	33.3787
1079	33.4406
1080	33.5026
1081	33.5647
1082	33.6268
1083	33.689
1084	33.7512
1085	33.8135
1086	33.8759
1087	33.9383
1088	34.0008
1089	34.0633
1090	34.1259
1091	34.1886
1092	34.2513
1093	34.314
1094	34.3768
1095	34.4397
1096	34.5026
1097	34.5656
1098	34.6287
1099	34.6918
1100	34.7549
1101	34.8182
1102	34.8814
1103	34.9448
1104	35.0082
1105	35.0716
1106	35.1351
1107	35.1987
1108	35.2623
1109	35.326
1110	35.3897
1111	35.4535
1112	35.5174
1113	35.5813
1114	35.6452
1115	35.7093
1116	35.7734
1117	35.8375
1118	35.9017
1119	35.9659
1120	36.0303
1121	36.0946
1122	36.159
1123	36.2235
1124	36.2881
1125	36.3527
1126	36.4173
1127	36.482
1128	36.5468
1129	36.6116
1130	36.6765
1131	36.7415
1132	36.8065
1133	36.8715
1134	36.9366
1135	37.0018
1136	37.067
1137	37.1323
1138	37.1977
1139	37.2631
1140	37.3285
1141	37.3941
1142	37.4596
1143	37.5253
1144	37.591
1145	37.6567
1146	37.7225
1147	37.7884
1148	37.8543
1149	37.9203
1150	37.9863
1151	38.0524
1152	38.1185
1153	38.1847
1154	38.251
1155	38.3173
1156	38.3837
1157	38.4501
1158	38.5166
1159	38.5832
1160	38.6498
1161	38.7165
1162	38.7832
1163	38.85
1164	38.9168
1165	38.9837
1166	39.0507
1167	39.1177
1168	39.1847
1169	39.2519
1170	39.319
1171	39.3863
1172	39.4536
1173	39.5209
1174	39.5884
1175	39.6558
1176	39.7234
1177	39.7909
1178	39.8586
1179	39.9263
1180	39.994
1181	40.0619
1182	40.1297
1183	40.1977
1184	40.2656
1185	40.3337
1186	40.4018
1187	40.47
1188	40.5382
1189	40.6064
1190	40.6748
1191	40.7432
1192	40.8116
1193	40.8801
1194	40.9487
1195	41.0173
1196	41.086
1197	41.1547
1198	41.2235
1199	41.2924
1200	41.3613
1201	41.4302
1202	41.4992
1203	41.5683
1204	41.6375
1205	41.7067
1206	41.7759
1207	41.8452
1208	41.9146
1209	41.984
1210	42.0535
1211	42.123
1212	42.1926
1213	42.2623
1214	42.332
1215	42.4018
1216	42.4716
1217	42.5415
1218	42.6114
1219	42.6814
1220	42.7515
1221	42.8216
1222	42.8917
1223	42.962
1224	43.0323
1225	43.1026
1226	43.173
1227	43.2435
1228	43.314
1229	43.3845
1230	43.4552
1231	43.5259
1232	43.5966
1233	43.6674
1234	43.7383
1235	43.8092
1236	43.8802
1237	43.9512
1238	44.0223
1239	44.0934
1240	44.1646
1241	44.2359
1242	44.3072
1243	44.3786
1244	44.45
1245	44.5215
1246	44.5931
1247	44.6647
1248	44.7363
1249	44.8081
1250	44.8798
1251	44.9517
1252	45.0236
1253	45.0955
1254	45.1675
1255	45.2396
1256	45.3117
1257	45.3839
1258	45.4561
1259	45.5284
1260	45.6008
1261	45.6732
1262	45.7457
1263	45.8182
1264	45.8908
1265	45.9634
1266	46.0361
1267	46.1089
1268	46.1817
1269	46.2546
1270	46.3275
1271	46.4005
1272	46.4735
1273	46.5466
1274	46.6198
1275	46.693
1276	46.7663
1277	46.8396
1278	46.913
1279	46.9864
1280	47.0599
1281	47.1335
1282	47.2071
1283	47.2808
1284	47.3545
1285	47.4283
1286	47.5021
1287	47.576
1288	47.65
1289	47.724
1290	47.7981
1291	47.8722
1292	47.9464
1293	48.0207
1294	48.095
1295	48.1694
1296	48.2438
1297	48.3183
1298	48.3928
1299	48.4674
1300	48.542
1301	48.6167
1302	48.6915
1303	48.7663
1304	48.8412
1305	48.9162
1306	48.9911
1307	49.0662
1308	49.1413
1309	49.2165
1310	49.2917
1311	49.367
1312	49.4423
1313	49.5177
1314	49.5932
1315	49.6687
1316	49.7443
1317	49.8199
1318	49.8956
1319	49.9713
1320	50.0471
1321	50.123
1322	50.1989
1323	50.2749
1324	50.3509
1325	50.427
1326	50.5031
1327	50.5793
1328	50.6556
1329	50.7319
1330	50.8083
1331	50.8847
1332	50.9612
1333	51.0378
1334	51.1144
1335	51.191
1336	51.2677
1337	51.3445
1338	51.4214
1339	51.4982
1340	51.5752
1341	51.6522
1342	51.7293
1343	51.8064
1344	51.8836
1345	51.9608
1346	52.0381
1347	52.1154
1348	52.1929
1349	52.2703
1350	52.3478
1351	52.4254
1352	52.5031
1353	52.5808
1354	52.6585
1355	52.7363
1356	52.8142
1357	52.8921
1358	52.9701
1359	53.0481
1360	53.1262
1361	53.2044
1362	53.2826
1363	53.3609
1364	53.4392
1365	53.5176
1366	53.596
1367	53.6745
1368	53.7531
1369	53.8317
1370	53.9104
1371	53.9891
1372	54.0679
1373	54.1467
1374	54.2256
1375	54.3046
1376	54.3836
1377	54.4627
1378	54.5418
1379	54.621
1380	54.7003
1381	54.7796
1382	54.8589
1383	54.9384
1384	55.0178
1385	55.0974
1386	55.177
1387	55.2566
1388	55.3363
1389	55.4161
1390	55.4959
1391	55.5758
1392	55.6557
1393	55.7357
1394	55.8158
1395	55.8959
1396	55.976
1397	56.0563
1398	56.1365
1399	56.2169
1400	56.2973
1401	56.3777
1402	56.4582
1403	56.5388
1404	56.6194
1405	56.7001
1406	56.7809
1407	56.8617
1408	56.9425
1409	57.0234
1410	57.1044
1411	57.1854
1412	57.2665
1413	57.3476
1414	57.4288
1415	57.5101
1416	57.5914
1417	57.6728
1418	57.7542
1419	57.8357
1420	57.9173
1421	57.9989
1422	58.0805
1423	58.1622
1424	58.244
1425	58.3258
1426	58.4077
1427	58.4897
1428	58.5717
1429	58.6537
1430	58.7359
1431	58.818
1432	58.9003
1433	58.9826
1434	59.0649
1435	59.1473
1436	59.2298
1437	59.3123
1438	59.3949
1439	59.4775
1440	59.5602
1441	59.643
1442	59.7258
1443	59.8086
1444	59.8916
1445	59.9745
1446	60.0576
1447	60.1407
1448	60.2238
1449	60.307
1450	60.3903
1451	60.4736
1452	60.557
1453	60.6405
1454	60.724
1455	60.8075
1456	60.8911
1457	60.9748
1458	61.0585
1459	61.1423
1460	61.2262
1461	61.3101
1462	61.394
1463	61.478
1464	61.5621
1465	61.6462
1466	61.7304
1467	61.8147
1468	61.899
1469	61.9833
1470	62.0677
1471	62.1522
1472	62.2367
1473	62.3213
1474	62.406
1475	62.4907
1476	62.5755
1477	62.6603
1478	62.7451
1479	62.8301
1480	62.9151
1481	63.0001
1482	63.0852
1483	63.1704
1484	63.2556
1485	63.3409
1486	63.4262
1487	63.5116
1488	63.5971
1489	63.6826
1490	63.7681
1491	63.8538
1492	63.9395
1493	64.0252
1494	64.111
1495	64.1968
1496	64.2828
1497	64.3687
1498	64.4547
1499	64.5408
1500	64.627
1501	64.7132
1502	64.7994
1503	64.8857
1504	64.9721
1505	65.0585
1506	65.145
1507	65.2316
1508	65.3182
1509	65.4048
1510	65.4915
1511	65.5783
1512	65.6651
1513	65.752
1514	65.839
1515	65.926
1516	66.013
1517	66.1001
1518	66.1873
1519	66.2746
1520	66.3618
1521	66.4492
1522	66.5366
1523	66.6241
1524	66.7116
1525	66.7992
1526	66.8868
1527	66.9745
1528	67.0622
1529	67.15
1530	67.2379
1531	67.3258
1532	67.4138
1533	67.5018
1534	67.5899
1535	67.6781
1536	67.7663
1537	67.8546
1538	67.9429
1539	68.0313
1540	68.1197
1541	68.2082
1542	68.2967
1543	68.3854
1544	68.474
1545	68.5628
1546	68.6515
1547	68.7404
1548	68.8293
1549	68.9182
1550	69.0072
1551	69.0963
1552	69.1854
1553	69.2746
1554	69.3639
1555	69.4532
1556	69.5425
1557	69.6319
1558	69.7214
1559	69.8109
1560	69.9005
1561	69.9902
1562	70.0799
1563	70.1696
1564	70.2595
1565	70.3493
1566	70.4393
1567	70.5292
1568	70.6193
1569	70.7094
1570	70.7996
1571	70.8898
1572	70.9801
1573	71.0704
1574	71.1608
1575	71.2512
1576	71.3417
1577	71.4323
1578	71.5229
1579	71.6136
1580	71.7043
1581	71.7951
1582	71.886
1583	71.9769
1584	72.0679
1585	72.1589
1586	72.25
1587	72.3411
1588	72.4323
1589	72.5236
1590	72.6149
1591	72.7062
1592	72.7977
1593	72.8891
1594	72.9807
1595	73.0723
1596	73.1639
1597	73.2556
1598	73.3474
1599	73.4392
1600	73.5311
1601	73.6231
1602	73.7151
1603	73.8071
1604	73.8992
1605	73.9914
1606	74.0836
1607	74.1759
1608	74.2683
1609	74.3607
1610	74.4531
1611	74.5457
1612	74.6382
1613	74.7309
1614	74.8236
1615	74.9163
1616	75.0091
1617	75.102
1618	75.1949
1619	75.2879
1620	75.3809
1621	75.474
1622	75.5671
1623	75.6603
1624	75.7536
1625	75.8469
1626	75.9403
1627	76.0337
1628	76.1272
1629	76.2208
1630	76.3144
1631	76.4081
1632	76.5018
1633	76.5956
1634	76.6894
1635	76.7833
1636	76.8773
1637	76.9713
1638	77.0653
1639	77.1595
1640	77.2536
1641	77.3479
1642	77.4422
1643	77.5365
1644	77.6309
1645	77.7254
1646	77.8199
1647	77.9145
1648	78.0092
1649	78.1039
1650	78.1986
1651	78.2934
1652	78.3883
1653	78.4832
1654	78.5782
1655	78.6733
1656	78.7684
1657	78.8635
1658	78.9588
1659	79.054
1660	79.1494
1661	79.2448
1662	79.3402
1663	79.4357
1664	79.5313
1665	79.6269
1666	79.7226
1667	79.8183
1668	79.9141
1669	80.0099
1670	80.1058
1671	80.2018
1672	80.2978
1673	80.3939
1674	80.49
1675	80.5862
1676	80.6825
1677	80.7788
1678	80.8752
1679	80.9716
1680	81.0681
1681	81.1646
1682	81.2612
1683	81.3579
1684	81.4546
1685	81.5513
1686	81.6482
1687	81.745
1688	81.842
1689	81.939
1690	82.036
1691	82.1332
1692	82.2303
1693	82.3275
1694	82.4248
1695	82.5222
1696	82.6196
1697	82.717
1698	82.8145
1699	82.9121
1700	83.0098
1701	83.1074
1702	83.2052
1703	83.303
1704	83.4008
1705	83.4988
1706	83.5967
1707	83.6948
1708	83.7929
1709	83.891
1710	83.9892
1711	84.0875
1712	84.1858
1713	84.2842
1714	84.3826
1715	84.4811
1716	84.5796
1717	84.6782
1718	84.7769
1719	84.8756
1720	84.9744
1721	85.0732
1722	85.1721
1723	85.2711
1724	85.3701
1725	85.4692
1726	85.5683
1727	85.6675
1728	85.7667
1729	85.866
1730	85.9654
1731	86.0648
1732	86.1642
1733	86.2638
1734	86.3633
1735	86.463
1736	86.5627
1737	86.6624
1738	86.7623
1739	86.8621
1740	86.962
1741	87.062
1742	87.1621
1743	87.2622
1744	87.3623
1745	87.4625
1746	87.5628
1747	87.6632
1748	87.7635
1749	87.864
1750	87.9645
1751	88.065
1752	88.1657
1753	88.2663
1754	88.3671
1755	88.4679
1756	88.5687
1757	88.6696
1758	88.7706
1759	88.8716
1760	88.9727
1761	89.0738
1762	89.175
1763	89.2762
1764	89.3775
1765	89.4789
1766	89.5803
1767	89.6818
1768	89.7833
1769	89.8849
1770	89.9866
1771	90.0883
1772	90.1901
1773	90.2919
1774	90.3938
1775	90.4957
1776	90.5977
1777	90.6998
1778	90.8019
1779	90.904
1780	91.0063
1781	91.1085
1782	91.2109
1783	91.3133
1784	91.4157
1785	91.5183
1786	91.6208
1787	91.7234
1788	91.8261
1789	91.9289
1790	92.0317
1791	92.1345
1792	92.2374
1793	92.3404
1794	92.4435
1795	92.5465
1796	92.6497
1797	92.7529
1798	92.8561
1799	92.9595
1800	93.0628
1801	93.1663
1802	93.2698
1803	93.3733
1804	93.4769
1805	93.5806
1806	93.6843
1807	93.7881
1808	93.8919
1809	93.9958
1810	94.0997
1811	94.2037
1812	94.3078
1813	94.4119
1814	94.5161
1815	94.6203
1816	94.7246
1817	94.829
1818	94.9334
1819	95.0379
1820	95.1424
1821	95.247
1822	95.3516
1823	95.4563
1824	95.5611
1825	95.6659
1826	95.7707
1827	95.8757
1828	95.9806
1829	96.0857
1830	96.1908
1831	96.2959
1832	96.4011
1833	96.5064
1834	96.6117
1835	96.7171
1836	96.8226
1837	96.9281
1838	97.0336
1839	97.1392
1840	97.2449
1841	97.3506
1842	97.4564
1843	97.5623
1844	97.6682
1845	97.7741
1846	97.8802
1847	97.9862
1848	98.0924
1849	98.1986
1850	98.3048
1851	98.4111
1852	98.5175
1853	98.6239
1854	98.7304
1855	98.8369
1856	98.9435
1857	99.0501
1858	99.1568
1859	99.2636
1860	99.3704
1861	99.4773
1862	99.5842
1863	99.6912
1864	99.7983
1865	99.9054
1866	100.013
1867	100.12
1868	100.227
1869	100.334
1870	100.442
1871	100.549
1872	100.657
1873	100.764
1874	100.872
1875	100.98
1876	101.087
1877	101.195
1878	101.303
1879	101.411
1880	101.519
1881	101.627
1882	101.735
1883	101.843
1884	101.951
1885	102.06
1886	102.168
1887	102.276
1888	102.385
1889	102.493
1890	102.602
1891	102.71
1892	102.819
1893	102.928
1894	103.037
1895	103.145
1896	103.254
1897	103.363
1898	103.472
1899	103.581
1900	103.69
1901	103.8
1902	103.909
1903	104.018
1904	104.127
1905	104.237
1906	104.346
1907	104.456
1908	104.565
1909	104.675
1910	104.785
1911	104.894
1912	105.004
1913	105.114
1914	105.224
1915	105.334
1916	105.444
1917	105.554
1918	105.664
1919	105.775
1920	105.885
1921	105.995
1922	106.106
1923	106.216
1924	106.326
1925	106.437
1926	106.548
1927	106.658
1928	106.769
1929	106.88
1930	106.991
1931	107.102
1932	107.213
1933	107.324
1934	107.435
1935	107.546
1936	107.657
1937	107.768
1938	107.879
1939	107.991
1940	108.102
1941	108.214
1942	108.325
1943	108.437
1944	108.548
1945	108.66
1946	108.772
1947	108.884
1948	108.996
1949	109.108
1950	109.22
1951	109.332
1952	109.444
1953	109.556
1954	109.668
1955	109.78
1956	109.893
1957	110.005
1958	110.118
1959	110.23
1960	110.343
1961	110.455
1962	110.568
1963	110.681
1964	110.793
1965	110.906
1966	111.019
1967	111.132
1968	111.245
1969	111.358
1970	111.471
1971	111.585
1972	111.698
1973	111.811
1974	111.925
1975	112.038
1976	112.152
1977	112.265
1978	112.379
1979	112.492
1980	112.606
1981	112.72
1982	112.834
1983	112.948
1984	113.061
1985	113.175
1986	113.29
1987	113.404
1988	113.518
1989	113.632
1990	113.746
1991	113.861
1992	113.975
1993	114.09
1994	114.204
1995	114.319
1996	114.433
1997	114.548
1998	114.663
1999	114.778
2000	114.892
2001	115.007
2002	115.122
2003	115.237
2004	115.352
2005	115.468
2006	115.583
2007	115.698
2008	115.813
2009	115.929
2010	116.044
2011	116.16
2012	116.275
2013	116.391
2014	116.507
2015	116.622
2016	116.738
2017	116.854
2018	116.97
2019	117.086
2020	117.202
2021	117.318
2022	117.434
2023	117.55
2024	117.666
2025	117.783
2026	117.899
2027	118.015
2028	118.132
2029	118.248
2030	118.365
2031	118.482
2032	118.598
2033	118.715
2034	118.832
2035	118.949
2036	119.066
2037	119.183
2038	119.3
2039	119.417
2040	119.534
2041	119.651
2042	119.769
2043	119.886
2044	120.003
2045	120.121
2046	120.238
2047	120.356
2048	120.473
2049	120.591
2050	120.709
2051	120.827
2052	120.944
2053	121.062
2054	121.18
2055	121.298
2056	121.416
2057	121.535
2058	121.653
2059	121.771
2060	121.889
2061	122.008
2062	122.126
2063	122.245
2064	122.363
2065	122.482
2066	122.6
2067	122.719
2068	122.838
2069	122.957
2070	123.076
2071	123.195
2072	123.314
2073	123.433
2074	123.552
2075	123.671
2076	123.79
2077	123.909
2078	124.029
2079	124.148
2080	124.268
2081	124.387
2082	124.507
2083	124.626
2084	124.746
2085	124.866
2086	124.986
2087	125.105
2088	125.225
2089	125.345
2090	125.465
2091	125.585
2092	125.706
2093	125.826
2094	125.946
2095	126.066
2096	126.187
2097	126.307
2098	126.428
2099	126.548
2100	126.669
2101	126.79
2102	126.91
2103	127.031
2104	127.152
2105	127.273
2106	127.394
2107	127.515
2108	127.636
2109	127.757
2110	127.878
2111	127.999
2112	128.121
2113	128.242
2114	128.363
2115	128.485
2116	128.606
2117	128.728
2118	128.85
2119	128.971
2120	129.093
2121	129.215
2122	129.337
2123	129.459
2124	129.581
2125	129.703
2126	129.825
2127	129.947
2128	130.069
2129	130.191
2130	130.314
2131	130.436
2132	130.559
2133	130.681
2134	130.804
2135	130.926
2136	131.049
2137	131.172
2138	131.295
2139	131.417
2140	131.54
2141	131.663
2142	131.786
2143	131.909
2144	132.032
2145	132.156
2146	132.279
2147	132.402
2148	132.526
2149	132.649
2150	132.773
2151	132.896
2152	133.02
2153	133.143
2154	133.267
2155	133.391
2156	133.515
2157	133.638
2158	133.762
2159	133.886
2160	134.01
2161	134.135
2162	134.259
2163	134.383
2164	134.507
2165	134.632
2166	134.756
2167	134.88
2168	135.005
2169	135.13
2170	135.254
2171	135.379
2172	135.504
2173	135.628
2174	135.753
2175	135.878
2176	136.003
2177	136.128
2178	136.253
2179	136.378
2180	136.504
2181	136.629
2182	136.754
2183	136.88
2184	137.005
2185	137.131
2186	137.256
2187	137.382
2188	137.507
2189	137.633
2190	137.759
2191	137.885
2192	138.011
2193	138.137
2194	138.263
2195	138.389
2196	138.515
2197	138.641
2198	138.767
2199	138.893
2200	139.02
2201	139.146
2202	139.273
2203	139.399
2204	139.526
2205	139.652
2206	139.779
2207	139.906
2208	140.033
2209	140.16
2210	140.286
2211	140.413
2212	140.541
2213	140.668
2214	140.795
2215	140.922
2216	141.049
2217	141.177
2218	141.304
2219	141.431
2220	141.559
2221	141.686
2222	141.814
2223	141.942
2224	142.069
2225	142.197
2226	142.325
2227	142.453
2228	142.581
2229	142.709
2230	142.837
2231	142.965
2232	143.093
2233	143.222
2234	143.35
2235	143.478
2236	143.607
2237	143.735
2238	143.864
2239	143.992
2240	144.121
2241	144.25
2242	144.378
2243	144.507
2244	144.636
2245	144.765
2246	144.894
2247	145.023
2248	145.152
2249	145.281
2250	145.411
2251	145.54
2252	145.669
2253	145.799
2254	145.928
2255	146.058
2256	146.187
2257	146.317
2258	146.447
2259	146.576
2260	146.706
2261	146.836
2262	146.966
2263	147.096
2264	147.226
2265	147.356
2266	147.486
2267	147.616
2268	147.747
2269	147.877
2270	148.007
2271	148.138
2272	148.268
2273	148.399
2274	148.529
2275	148.66
2276	148.791
2277	148.921
2278	149.052
2279	149.183
2280	149.314
2281	149.445
2282	149.576
2283	149.707
2284	149.839
2285	149.97
2286	150.101
2287	150.232
2288	150.364
2289	150.495
2290	150.627
2291	150.758
2292	150.89
2293	151.022
2294	151.153
2295	151.285
2296	151.417
2297	151.549
2298	151.681
2299	151.813
2300	151.945
2301	152.077
2302	152.21
2303	152.342
2304	152.474
2305	152.607
2306	152.739
2307	152.871
2308	153.004
2309	153.137
2310	153.269
2311	153.402
2312	153.535
2313	153.668
2314	153.801
2315	153.934
2316	154.067
2317	154.2
2318	154.333
2319	154.466
2320	154.599
2321	154.733
2322	154.866
2323	154.999
2324	155.133
2325	155.266
2326	155.4
2327	155.534
2328	155.667
2329	155.801
2330	155.935
2331	156.069
2332	156.203
2333	156.337
2334	156.471
2335	156.605
2336	156.739
2337	156.873
2338	157.007
2339	157.142
2340	157.276
2341	157.411
2342	157.545
2343	157.68
2344	157.814
2345	157.949
2346	158.084
2347	158.219
2348	158.353
2349	158.488
2350	158.623
2351	158.758
2352	158.893
2353	159.029
2354	159.164
2355	159.299
2356	159.434
2357	159.57
2358	159.705
2359	159.841
2360	159.976
2361	160.112
2362	160.247
2363	160.383
2364	160.519
2365	160.655
2366	160.791
2367	160.927
2368	161.063
2369	161.199
2370	161.335
2371	161.471
2372	161.607
2373	161.743
2374	161.88
2375	162.016
2376	162.153
2377	162.289
2378	162.426
2379	162.562
2380	162.699
2381	162.836
2382	162.973
2383	163.11
2384	163.246
2385	163.383
2386	163.52
2387	163.658
2388	163.795
2389	163.932
2390	164.069
2391	164.207
2392	164.344
2393	164.481
2394	164.619
2395	164.756
2396	164.894
2397	165.032
2398	165.169
2399	165.307
2400	165.445
2401	165.583
2402	165.721
2403	165.859
2404	165.997
2405	166.135
2406	166.273
2407	166.412
2408	166.55
2409	166.688
2410	166.827
2411	166.965
2412	167.104
2413	167.242
2414	167.381
2415	167.52
2416	167.658
2417	167.797
2418	167.936
2419	168.075
2420	168.214
2421	168.353
2422	168.492
2423	168.631
2424	168.77
2425	168.91
2426	169.049
2427	169.188
2428	169.328
2429	169.467
2430	169.607
2431	169.747
2432	169.886
2433	170.026
2434	170.166
2435	170.306
2436	170.446
2437	170.586
2438	170.726
2439	170.866
2440	171.006
2441	171.146
2442	171.286
2443	171.427
2444	171.567
2445	171.707
2446	171.848
2447	171.988
2448	172.129
2449	172.27
2450	172.41
2451	172.551
2452	172.692
2453	172.833
2454	172.974
2455	173.115
2456	173.256
2457	173.397
2458	173.538
2459	173.679
2460	173.821
2461	173.962
2462	174.103
2463	174.245
2464	174.386
2465	174.528
2466	174.67
2467	174.811
2468	174.953
2469	175.095
2470	175.237
2471	175.379
2472	175.521
2473	175.663
2474	175.805
2475	175.947
2476	176.089
2477	176.231
2478	176.374
2479	176.516
2480	176.659
2481	176.801
2482	176.944
2483	177.086
2484	177.229
2485	177.372
2486	177.514
2487	177.657
2488	177.8
2489	177.943
2490	178.086
2491	178.229
2492	178.372
2493	178.515
2494	178.659
2495	178.802
2496	178.945
2497	179.089
2498	179.232
2499	179.376
2500	179.519
