Independent Variable - Plot	Dependent Variable - Plot
0	0
1	1.33E-09
2	5.34E-09
3	1.20E-08
4	2.14E-08
5	3.34E-08
6	4.81E-08
7	6.54E-08
8	8.54E-08
9	1.08E-07
10	1.33E-07
11	1.62E-07
12	1.92E-07
13	2.26E-07
14	2.62E-07
15	3.00E-07
16	3.42E-07
17	3.86E-07
18	4.33E-07
19	4.82E-07
20	5.34E-07
21	5.89E-07
22	6.46E-07
23	7.06E-07
24	7.69E-07
25	8.34E-07
26	9.02E-07
27	9.73E-07
28	1.05E-06
29	1.12E-06
30	1.20E-06
31	1.28E-06
32	1.37E-06
33	1.45E-06
34	1.54E-06
35	1.64E-06
36	1.73E-06
37	1.83E-06
38	1.93E-06
39	2.03E-06
40	2.14E-06
41	2.24E-06
42	2.35E-06
43	2.47E-06
44	2.58E-06
45	2.70E-06
46	2.82E-06
47	2.95E-06
48	3.08E-06
49	3.21E-06
50	3.34E-06
51	3.47E-06
52	3.61E-06
53	3.75E-06
54	3.89E-06
55	4.04E-06
56	4.19E-06
57	4.34E-06
58	4.49E-06
59	4.65E-06
60	4.81E-06
61	4.97E-06
62	5.13E-06
63	5.30E-06
64	5.47E-06
65	5.64E-06
66	5.82E-06
67	5.99E-06
68	6.17E-06
69	6.36E-06
70	6.54E-06
71	6.73E-06
72	6.92E-06
73	7.11E-06
74	7.31E-06
75	7.51E-06
76	7.71E-06
77	7.91E-06
78	8.12E-06
79	8.33E-06
80	8.54E-06
81	8.76E-06
82	8.98E-06
83	9.20E-06
84	9.42E-06
85	9.65E-06
86	9.87E-06
87	1.01E-05
88	1.03E-05
89	1.06E-05
90	1.08E-05
91	1.11E-05
92	1.13E-05
93	1.15E-05
94	1.18E-05
95	1.20E-05
96	1.23E-05
97	1.26E-05
98	1.28E-05
99	1.31E-05
100	1.33E-05
101	1.36E-05
102	1.39E-05
103	1.42E-05
104	1.44E-05
105	1.47E-05
106	1.50E-05
107	1.53E-05
108	1.56E-05
109	1.59E-05
110	1.62E-05
111	1.64E-05
112	1.67E-05
113	1.70E-05
114	1.73E-05
115	1.77E-05
116	1.80E-05
117	1.83E-05
118	1.86E-05
119	1.89E-05
120	1.92E-05
121	1.95E-05
122	1.99E-05
123	2.02E-05
124	2.05E-05
125	2.09E-05
126	2.12E-05
127	2.15E-05
128	2.19E-05
129	2.22E-05
130	2.26E-05
131	2.29E-05
132	2.33E-05
133	2.36E-05
134	2.40E-05
135	2.43E-05
136	2.47E-05
137	2.51E-05
138	2.54E-05
139	2.58E-05
140	2.62E-05
141	2.65E-05
142	2.69E-05
143	2.73E-05
144	2.77E-05
145	2.81E-05
146	2.85E-05
147	2.88E-05
148	2.92E-05
149	2.96E-05
150	3.00E-05
151	3.04E-05
152	3.08E-05
153	3.13E-05
154	3.17E-05
155	3.21E-05
156	3.25E-05
157	3.29E-05
158	3.33E-05
159	3.37E-05
160	3.42E-05
161	3.46E-05
162	3.50E-05
163	3.55E-05
164	3.59E-05
165	3.63E-05
166	3.68E-05
167	3.72E-05
168	3.77E-05
169	3.81E-05
170	3.86E-05
171	3.90E-05
172	3.95E-05
173	4.00E-05
174	4.04E-05
175	4.09E-05
176	4.14E-05
177	4.18E-05
178	4.23E-05
179	4.28E-05
180	4.33E-05
181	4.37E-05
182	4.42E-05
183	4.47E-05
184	4.52E-05
185	4.57E-05
186	4.62E-05
187	4.67E-05
188	4.72E-05
189	4.77E-05
190	4.82E-05
191	4.87E-05
192	4.92E-05
193	4.97E-05
194	5.02E-05
195	5.08E-05
196	5.13E-05
197	5.18E-05
198	5.23E-05
199	5.29E-05
200	5.34E-05
201	5.39E-05
202	5.45E-05
203	5.50E-05
204	5.56E-05
205	5.61E-05
206	5.67E-05
207	5.72E-05
208	5.78E-05
209	5.83E-05
210	5.89E-05
211	5.94E-05
212	6.00E-05
213	6.06E-05
214	6.11E-05
215	6.17E-05
216	6.23E-05
217	6.29E-05
218	6.34E-05
219	6.40E-05
220	6.46E-05
221	6.52E-05
222	6.58E-05
223	6.64E-05
224	6.70E-05
225	6.76E-05
226	6.82E-05
227	6.88E-05
228	6.94E-05
229	7.00E-05
230	7.06E-05
231	7.12E-05
232	7.19E-05
233	7.25E-05
234	7.31E-05
235	7.37E-05
236	7.44E-05
237	7.50E-05
238	7.56E-05
239	7.63E-05
240	7.69E-05
241	7.75E-05
242	7.82E-05
243	7.88E-05
244	7.95E-05
245	8.01E-05
246	8.08E-05
247	8.14E-05
248	8.21E-05
249	8.28E-05
250	8.34E-05
251	8.41E-05
252	8.48E-05
253	8.54E-05
254	8.61E-05
255	8.68E-05
256	8.75E-05
257	8.82E-05
258	8.89E-05
259	8.96E-05
260	9.02E-05
261	9.09E-05
262	9.16E-05
263	9.23E-05
264	9.30E-05
265	9.37E-05
266	9.45E-05
267	9.52E-05
268	9.59E-05
269	9.66E-05
270	9.73E-05
271	9.80E-05
272	9.88E-05
273	9.95E-05
274	0.000100223
275	0.000100956
276	0.000101692
277	0.00010243
278	0.000103171
279	0.000103914
280	0.000104661
281	0.000105409
282	0.000106161
283	0.000106915
284	0.000107672
285	0.000108432
286	0.000109194
287	0.000109959
288	0.000110727
289	0.000111497
290	0.00011227
291	0.000113045
292	0.000113824
293	0.000114605
294	0.000115388
295	0.000116175
296	0.000116964
297	0.000117755
298	0.000118549
299	0.000119346
300	0.000120146
301	0.000120948
302	0.000121753
303	0.000122561
304	0.000123371
305	0.000124184
306	0.000125
307	0.000125818
308	0.000126639
309	0.000127463
310	0.000128289
311	0.000129118
312	0.00012995
313	0.000130784
314	0.000131621
315	0.000132461
316	0.000133303
317	0.000134148
318	0.000134996
319	0.000135846
320	0.000136699
321	0.000137555
322	0.000138414
323	0.000139275
324	0.000140138
325	0.000141005
326	0.000141874
327	0.000142746
328	0.00014362
329	0.000144497
330	0.000145377
331	0.000146259
332	0.000147144
333	0.000148032
334	0.000148922
335	0.000149815
336	0.000150711
337	0.00015161
338	0.000152511
339	0.000153414
340	0.000154321
341	0.00015523
342	0.000156142
343	0.000157056
344	0.000157973
345	0.000158893
346	0.000159816
347	0.000160741
348	0.000161669
349	0.000162599
350	0.000163532
351	0.000164468
352	0.000165406
353	0.000166348
354	0.000167291
355	0.000168238
356	0.000169187
357	0.000170139
358	0.000171093
359	0.00017205
360	0.00017301
361	0.000173973
362	0.000174938
363	0.000175906
364	0.000176876
365	0.00017785
366	0.000178825
367	0.000179804
368	0.000180785
369	0.000181769
370	0.000182755
371	0.000183745
372	0.000184737
373	0.000185731
374	0.000186728
375	0.000187728
376	0.000188731
377	0.000189736
378	0.000190744
379	0.000191754
380	0.000192768
381	0.000193784
382	0.000194802
383	0.000195823
384	0.000196847
385	0.000197874
386	0.000198903
387	0.000199935
388	0.00020097
389	0.000202007
390	0.000203047
391	0.000204089
392	0.000205135
393	0.000206183
394	0.000207233
395	0.000208287
396	0.000209342
397	0.000210401
398	0.000211462
399	0.000212526
400	0.000213593
401	0.000214662
402	0.000215734
403	0.000216809
404	0.000217886
405	0.000218966
406	0.000220049
407	0.000221134
408	0.000222222
409	0.000223313
410	0.000224406
411	0.000225502
412	0.000226601
413	0.000227702
414	0.000228806
415	0.000229913
416	0.000231022
417	0.000232134
418	0.000233249
419	0.000234366
420	0.000235486
421	0.000236609
422	0.000237734
423	0.000238862
424	0.000239993
425	0.000241126
426	0.000242262
427	0.000243401
428	0.000244543
429	0.000245687
430	0.000246833
431	0.000247983
432	0.000249135
433	0.00025029
434	0.000251447
435	0.000252607
436	0.00025377
437	0.000254935
438	0.000256103
439	0.000257274
440	0.000258447
441	0.000259624
442	0.000260802
443	0.000261984
444	0.000263168
445	0.000264355
446	0.000265544
447	0.000266736
448	0.000267931
449	0.000269128
450	0.000270329
451	0.000271531
452	0.000272737
453	0.000273945
454	0.000275156
455	0.000276369
456	0.000277585
457	0.000278804
458	0.000280026
459	0.00028125
460	0.000282477
461	0.000283706
462	0.000284938
463	0.000286173
464	0.000287411
465	0.000288651
466	0.000289894
467	0.000291139
468	0.000292387
469	0.000293638
470	0.000294892
471	0.000296148
472	0.000297407
473	0.000298668
474	0.000299933
475	0.000301199
476	0.000302469
477	0.000303741
478	0.000305016
479	0.000306294
480	0.000307574
481	0.000308857
482	0.000310142
483	0.000311431
484	0.000312721
485	0.000314015
486	0.000315311
487	0.00031661
488	0.000317912
489	0.000319216
490	0.000320523
491	0.000321833
492	0.000323145
493	0.00032446
494	0.000325777
495	0.000327098
496	0.000328421
497	0.000329746
498	0.000331074
499	0.000332405
500	0.000333739
501	0.000335075
502	0.000336414
503	0.000337756
504	0.0003391
505	0.000340447
506	0.000341797
507	0.000343149
508	0.000344504
509	0.000345862
510	0.000347222
511	0.000348585
512	0.000349951
513	0.000351319
514	0.00035269
515	0.000354064
516	0.00035544
517	0.000356819
518	0.000358201
519	0.000359585
520	0.000360972
521	0.000362362
522	0.000363754
523	0.000365149
524	0.000366547
525	0.000367947
526	0.00036935
527	0.000370756
528	0.000372164
529	0.000373575
530	0.000374989
531	0.000376406
532	0.000377825
533	0.000379246
534	0.000380671
535	0.000382098
536	0.000383528
537	0.00038496
538	0.000386395
539	0.000387833
540	0.000389273
541	0.000390716
542	0.000392162
543	0.00039361
544	0.000395062
545	0.000396515
546	0.000397972
547	0.000399431
548	0.000400893
549	0.000402357
550	0.000403824
551	0.000405294
552	0.000406766
553	0.000408242
554	0.000409719
555	0.0004112
556	0.000412683
557	0.000414169
558	0.000415657
559	0.000417148
560	0.000418642
561	0.000420139
562	0.000421638
563	0.00042314
564	0.000424644
565	0.000426151
566	0.000427661
567	0.000429174
568	0.000430689
569	0.000432207
570	0.000433727
571	0.00043525
572	0.000436776
573	0.000438305
574	0.000439836
575	0.00044137
576	0.000442906
577	0.000444446
578	0.000445987
579	0.000447532
580	0.000449079
581	0.000450629
582	0.000452182
583	0.000453737
584	0.000455295
585	0.000456855
586	0.000458419
587	0.000459984
588	0.000461553
589	0.000463124
590	0.000464698
591	0.000466275
592	0.000467854
593	0.000469436
594	0.000471021
595	0.000472608
596	0.000474198
597	0.00047579
598	0.000477386
599	0.000478984
600	0.000480584
601	0.000482187
602	0.000483793
603	0.000485402
604	0.000487013
605	0.000488627
606	0.000490244
607	0.000491863
608	0.000493485
609	0.00049511
610	0.000496737
611	0.000498367
612	0.0005
613	0.000501635
614	0.000503273
615	0.000504914
616	0.000506557
617	0.000508203
618	0.000509852
619	0.000511503
620	0.000513157
621	0.000514814
622	0.000516473
623	0.000518135
624	0.0005198
625	0.000521467
626	0.000523137
627	0.00052481
628	0.000526485
629	0.000528163
630	0.000529844
631	0.000531527
632	0.000533213
633	0.000534902
634	0.000536594
635	0.000538288
636	0.000539984
637	0.000541684
638	0.000543386
639	0.000545091
640	0.000546798
641	0.000548508
642	0.000550221
643	0.000551936
644	0.000553654
645	0.000555375
646	0.000557098
647	0.000558825
648	0.000560553
649	0.000562285
650	0.000564019
651	0.000565756
652	0.000567495
653	0.000569237
654	0.000570982
655	0.000572729
656	0.00057448
657	0.000576232
658	0.000577988
659	0.000579746
660	0.000581507
661	0.00058327
662	0.000585036
663	0.000586805
664	0.000588577
665	0.000590351
666	0.000592128
667	0.000593907
668	0.000595689
669	0.000597474
670	0.000599262
671	0.000601052
672	0.000602845
673	0.00060464
674	0.000606438
675	0.000608239
676	0.000610043
677	0.000611849
678	0.000613658
679	0.000615469
680	0.000617284
681	0.000619101
682	0.00062092
683	0.000622742
684	0.000624567
685	0.000626395
686	0.000628225
687	0.000630058
688	0.000631893
689	0.000633732
690	0.000635573
691	0.000637416
692	0.000639262
693	0.000641111
694	0.000642963
695	0.000644817
696	0.000646674
697	0.000648534
698	0.000650396
699	0.000652261
700	0.000654128
701	0.000655999
702	0.000657872
703	0.000659747
704	0.000661626
705	0.000663506
706	0.00066539
707	0.000667276
708	0.000669165
709	0.000671057
710	0.000672951
711	0.000674848
712	0.000676748
713	0.00067865
714	0.000680555
715	0.000682463
716	0.000684373
717	0.000686286
718	0.000688202
719	0.00069012
720	0.000692041
721	0.000693965
722	0.000695891
723	0.00069782
724	0.000699752
725	0.000701686
726	0.000703623
727	0.000705563
728	0.000707505
729	0.00070945
730	0.000711398
731	0.000713348
732	0.000715301
733	0.000717257
734	0.000719216
735	0.000721177
736	0.00072314
737	0.000725107
738	0.000727076
739	0.000729047
740	0.000731022
741	0.000732999
742	0.000734979
743	0.000736961
744	0.000738946
745	0.000740934
746	0.000742924
747	0.000744917
748	0.000746913
749	0.000748912
750	0.000750913
751	0.000752916
752	0.000754923
753	0.000756932
754	0.000758944
755	0.000760958
756	0.000762975
757	0.000764995
758	0.000767018
759	0.000769043
760	0.000771071
761	0.000773101
762	0.000775134
763	0.00077717
764	0.000779208
765	0.00078125
766	0.000783293
767	0.00078534
768	0.000787389
769	0.000789441
770	0.000791495
771	0.000793553
772	0.000795612
773	0.000797675
774	0.00079974
775	0.000801808
776	0.000803878
777	0.000805952
778	0.000808027
779	0.000810106
780	0.000812187
781	0.000814271
782	0.000816358
783	0.000818447
784	0.000820539
785	0.000822633
786	0.00082473
787	0.00082683
788	0.000828933
789	0.000831038
790	0.000833146
791	0.000835257
792	0.00083737
793	0.000839486
794	0.000841604
795	0.000843726
796	0.000845849
797	0.000847976
798	0.000850105
799	0.000852237
800	0.000854372
801	0.000856509
802	0.000858649
803	0.000860792
804	0.000862937
805	0.000865085
806	0.000867235
807	0.000869389
808	0.000871545
809	0.000873703
810	0.000875865
811	0.000878029
812	0.000880195
813	0.000882365
814	0.000884536
815	0.000886711
816	0.000888888
817	0.000891068
818	0.000893251
819	0.000895436
820	0.000897624
821	0.000899815
822	0.000902008
823	0.000904204
824	0.000906403
825	0.000908604
826	0.000910808
827	0.000913015
828	0.000915224
829	0.000917436
830	0.000919651
831	0.000921869
832	0.000924089
833	0.000926311
834	0.000928537
835	0.000930765
836	0.000932995
837	0.000935229
838	0.000937465
839	0.000939704
840	0.000941945
841	0.000944189
842	0.000946436
843	0.000948685
844	0.000950937
845	0.000953192
846	0.000955449
847	0.000957709
848	0.000959972
849	0.000962238
850	0.000964506
851	0.000966776
852	0.00096905
853	0.000971326
854	0.000973605
855	0.000975886
856	0.00097817
857	0.000980457
858	0.000982747
859	0.000985039
860	0.000987333
861	0.000989631
862	0.000991931
863	0.000994234
864	0.000996539
865	0.000998847
866	0.00100116
867	0.00100347
868	0.00100579
869	0.00100811
870	0.00101043
871	0.00101275
872	0.00101508
873	0.00101741
874	0.00101974
875	0.00102208
876	0.00102441
877	0.00102675
878	0.0010291
879	0.00103144
880	0.00103379
881	0.00103614
882	0.00103849
883	0.00104085
884	0.00104321
885	0.00104557
886	0.00104794
887	0.0010503
888	0.00105267
889	0.00105504
890	0.00105742
891	0.0010598
892	0.00106218
893	0.00106456
894	0.00106694
895	0.00106933
896	0.00107172
897	0.00107412
898	0.00107651
899	0.00107891
900	0.00108131
901	0.00108372
902	0.00108613
903	0.00108854
904	0.00109095
905	0.00109336
906	0.00109578
907	0.0010982
908	0.00110062
909	0.00110305
910	0.00110548
911	0.00110791
912	0.00111034
913	0.00111278
914	0.00111522
915	0.00111766
916	0.0011201
917	0.00112255
918	0.001125
919	0.00112745
920	0.00112991
921	0.00113236
922	0.00113482
923	0.00113729
924	0.00113975
925	0.00114222
926	0.00114469
927	0.00114717
928	0.00114964
929	0.00115212
930	0.0011546
931	0.00115709
932	0.00115957
933	0.00116206
934	0.00116456
935	0.00116705
936	0.00116955
937	0.00117205
938	0.00117455
939	0.00117706
940	0.00117957
941	0.00118208
942	0.00118459
943	0.00118711
944	0.00118963
945	0.00119215
946	0.00119467
947	0.0011972
948	0.00119973
949	0.00120226
950	0.0012048
951	0.00120734
952	0.00120988
953	0.00121242
954	0.00121496
955	0.00121751
956	0.00122006
957	0.00122262
958	0.00122517
959	0.00122773
960	0.0012303
961	0.00123286
962	0.00123543
963	0.001238
964	0.00124057
965	0.00124314
966	0.00124572
967	0.0012483
968	0.00125089
969	0.00125347
970	0.00125606
971	0.00125865
972	0.00126125
973	0.00126384
974	0.00126644
975	0.00126904
976	0.00127165
977	0.00127425
978	0.00127686
979	0.00127948
980	0.00128209
981	0.00128471
982	0.00128733
983	0.00128995
984	0.00129258
985	0.00129521
986	0.00129784
987	0.00130047
988	0.00130311
989	0.00130575
990	0.00130839
991	0.00131103
992	0.00131368
993	0.00131633
994	0.00131898
995	0.00132164
996	0.0013243
997	0.00132696
998	0.00132962
999	0.00133229
1000	0.00133496
1001	0.00133763
1002	0.0013403
1003	0.00134298
1004	0.00134566
1005	0.00134834
1006	0.00135102
1007	0.00135371
1008	0.0013564
1009	0.00135909
1010	0.00136179
1011	0.00136449
1012	0.00136719
1013	0.00136989
1014	0.0013726
1015	0.00137531
1016	0.00137802
1017	0.00138073
1018	0.00138345
1019	0.00138617
1020	0.00138889
1021	0.00139161
1022	0.00139434
1023	0.00139707
1024	0.0013998
1025	0.00140254
1026	0.00140528
1027	0.00140802
1028	0.00141076
1029	0.00141351
1030	0.00141625
1031	0.00141901
1032	0.00142176
1033	0.00142452
1034	0.00142728
1035	0.00143004
1036	0.0014328
1037	0.00143557
1038	0.00143834
1039	0.00144111
1040	0.00144389
1041	0.00144667
1042	0.00144945
1043	0.00145223
1044	0.00145502
1045	0.00145781
1046	0.0014606
1047	0.00146339
1048	0.00146619
1049	0.00146899
1050	0.00147179
1051	0.00147459
1052	0.0014774
1053	0.00148021
1054	0.00148302
1055	0.00148584
1056	0.00148866
1057	0.00149148
1058	0.0014943
1059	0.00149713
1060	0.00149996
1061	0.00150279
1062	0.00150562
1063	0.00150846
1064	0.0015113
1065	0.00151414
1066	0.00151699
1067	0.00151983
1068	0.00152268
1069	0.00152554
1070	0.00152839
1071	0.00153125
1072	0.00153411
1073	0.00153697
1074	0.00153984
1075	0.00154271
1076	0.00154558
1077	0.00154845
1078	0.00155133
1079	0.00155421
1080	0.00155709
1081	0.00155998
1082	0.00156286
1083	0.00156576
1084	0.00156865
1085	0.00157154
1086	0.00157444
1087	0.00157734
1088	0.00158025
1089	0.00158315
1090	0.00158606
1091	0.00158897
1092	0.00159189
1093	0.0015948
1094	0.00159772
1095	0.00160065
1096	0.00160357
1097	0.0016065
1098	0.00160943
1099	0.00161236
1100	0.0016153
1101	0.00161823
1102	0.00162118
1103	0.00162412
1104	0.00162707
1105	0.00163001
1106	0.00163297
1107	0.00163592
1108	0.00163888
1109	0.00164184
1110	0.0016448
1111	0.00164776
1112	0.00165073
1113	0.0016537
1114	0.00165668
1115	0.00165965
1116	0.00166263
1117	0.00166561
1118	0.00166859
1119	0.00167158
1120	0.00167457
1121	0.00167756
1122	0.00168055
1123	0.00168355
1124	0.00168655
1125	0.00168955
1126	0.00169256
1127	0.00169557
1128	0.00169858
1129	0.00170159
1130	0.00170461
1131	0.00170762
1132	0.00171064
1133	0.00171367
1134	0.00171669
1135	0.00171972
1136	0.00172276
1137	0.00172579
1138	0.00172883
1139	0.00173187
1140	0.00173491
1141	0.00173795
1142	0.001741
1143	0.00174405
1144	0.0017471
1145	0.00175016
1146	0.00175322
1147	0.00175628
1148	0.00175934
1149	0.00176241
1150	0.00176548
1151	0.00176855
1152	0.00177163
1153	0.0017747
1154	0.00177778
1155	0.00178086
1156	0.00178395
1157	0.00178704
1158	0.00179013
1159	0.00179322
1160	0.00179632
1161	0.00179942
1162	0.00180252
1163	0.00180562
1164	0.00180873
1165	0.00181184
1166	0.00181495
1167	0.00181806
1168	0.00182118
1169	0.0018243
1170	0.00182742
1171	0.00183055
1172	0.00183367
1173	0.0018368
1174	0.00183994
1175	0.00184307
1176	0.00184621
1177	0.00184935
1178	0.0018525
1179	0.00185564
1180	0.00185879
1181	0.00186194
1182	0.0018651
1183	0.00186826
1184	0.00187142
1185	0.00187458
1186	0.00187774
1187	0.00188091
1188	0.00188408
1189	0.00188726
1190	0.00189043
1191	0.00189361
1192	0.00189679
1193	0.00189997
1194	0.00190316
1195	0.00190635
1196	0.00190954
1197	0.00191274
1198	0.00191593
1199	0.00191913
1200	0.00192234
1201	0.00192554
1202	0.00192875
1203	0.00193196
1204	0.00193517
1205	0.00193839
1206	0.00194161
1207	0.00194483
1208	0.00194805
1209	0.00195128
1210	0.00195451
1211	0.00195774
1212	0.00196098
1213	0.00196421
1214	0.00196745
1215	0.0019707
1216	0.00197394
1217	0.00197719
1218	0.00198044
1219	0.00198369
1220	0.00198695
1221	0.00199021
1222	0.00199347
1223	0.00199673
1224	0.002
1225	0.00200327
1226	0.00200654
1227	0.00200981
1228	0.00201309
1229	0.00201637
1230	0.00201965
1231	0.00202294
1232	0.00202623
1233	0.00202952
1234	0.00203281
1235	0.00203611
1236	0.00203941
1237	0.00204271
1238	0.00204601
1239	0.00204932
1240	0.00205263
1241	0.00205594
1242	0.00205926
1243	0.00206257
1244	0.00206589
1245	0.00206922
1246	0.00207254
1247	0.00207587
1248	0.0020792
1249	0.00208253
1250	0.00208587
1251	0.00208921
1252	0.00209255
1253	0.00209589
1254	0.00209924
1255	0.00210259
1256	0.00210594
1257	0.0021093
1258	0.00211265
1259	0.00211601
1260	0.00211938
1261	0.00212274
1262	0.00212611
1263	0.00212948
1264	0.00213285
1265	0.00213623
1266	0.00213961
1267	0.00214299
1268	0.00214637
1269	0.00214976
1270	0.00215315
1271	0.00215654
1272	0.00215994
1273	0.00216333
1274	0.00216673
1275	0.00217014
1276	0.00217354
1277	0.00217695
1278	0.00218036
1279	0.00218378
1280	0.00218719
1281	0.00219061
1282	0.00219403
1283	0.00219746
1284	0.00220088
1285	0.00220431
1286	0.00220774
1287	0.00221118
1288	0.00221462
1289	0.00221806
1290	0.0022215
1291	0.00222495
1292	0.00222839
1293	0.00223184
1294	0.0022353
1295	0.00223875
1296	0.00224221
1297	0.00224567
1298	0.00224914
1299	0.00225261
1300	0.00225608
1301	0.00225955
1302	0.00226302
1303	0.0022665
1304	0.00226998
1305	0.00227346
1306	0.00227695
1307	0.00228044
1308	0.00228393
1309	0.00228742
1310	0.00229092
1311	0.00229442
1312	0.00229792
1313	0.00230142
1314	0.00230493
1315	0.00230844
1316	0.00231195
1317	0.00231547
1318	0.00231898
1319	0.0023225
1320	0.00232603
1321	0.00232955
1322	0.00233308
1323	0.00233661
1324	0.00234015
1325	0.00234368
1326	0.00234722
1327	0.00235076
1328	0.00235431
1329	0.00235785
1330	0.0023614
1331	0.00236496
1332	0.00236851
1333	0.00237207
1334	0.00237563
1335	0.00237919
1336	0.00238276
1337	0.00238633
1338	0.0023899
1339	0.00239347
1340	0.00239705
1341	0.00240063
1342	0.00240421
1343	0.00240779
1344	0.00241138
1345	0.00241497
1346	0.00241856
1347	0.00242216
1348	0.00242575
1349	0.00242935
1350	0.00243296
1351	0.00243656
1352	0.00244017
1353	0.00244378
1354	0.0024474
1355	0.00245101
1356	0.00245463
1357	0.00245825
1358	0.00246188
1359	0.0024655
1360	0.00246913
1361	0.00247277
1362	0.0024764
1363	0.00248004
1364	0.00248368
1365	0.00248732
1366	0.00249097
1367	0.00249462
1368	0.00249827
1369	0.00250192
1370	0.00250558
1371	0.00250924
1372	0.0025129
1373	0.00251656
1374	0.00252023
1375	0.0025239
1376	0.00252757
1377	0.00253125
1378	0.00253493
1379	0.00253861
1380	0.00254229
1381	0.00254598
1382	0.00254966
1383	0.00255336
1384	0.00255705
1385	0.00256075
1386	0.00256445
1387	0.00256815
1388	0.00257185
1389	0.00257556
1390	0.00257927
1391	0.00258298
1392	0.0025867
1393	0.00259041
1394	0.00259413
1395	0.00259786
1396	0.00260158
1397	0.00260531
1398	0.00260904
1399	0.00261278
1400	0.00261651
1401	0.00262025
1402	0.00262399
1403	0.00262774
1404	0.00263149
1405	0.00263524
1406	0.00263899
1407	0.00264274
1408	0.0026465
1409	0.00265026
1410	0.00265403
1411	0.00265779
1412	0.00266156
1413	0.00266533
1414	0.00266911
1415	0.00267288
1416	0.00267666
1417	0.00268044
1418	0.00268423
1419	0.00268802
1420	0.00269181
1421	0.0026956
1422	0.00269939
1423	0.00270319
1424	0.00270699
1425	0.00271079
1426	0.0027146
1427	0.00271841
1428	0.00272222
1429	0.00272603
1430	0.00272985
1431	0.00273367
1432	0.00273749
1433	0.00274132
1434	0.00274514
1435	0.00274897
1436	0.00275281
1437	0.00275664
1438	0.00276048
1439	0.00276432
1440	0.00276816
1441	0.00277201
1442	0.00277586
1443	0.00277971
1444	0.00278356
1445	0.00278742
1446	0.00279128
1447	0.00279514
1448	0.00279901
1449	0.00280287
1450	0.00280674
1451	0.00281062
1452	0.00281449
1453	0.00281837
1454	0.00282225
1455	0.00282614
1456	0.00283002
1457	0.00283391
1458	0.0028378
1459	0.0028417
1460	0.00284559
1461	0.00284949
1462	0.00285339
1463	0.0028573
1464	0.00286121
1465	0.00286512
1466	0.00286903
1467	0.00287294
1468	0.00287686
1469	0.00288078
1470	0.00288471
1471	0.00288863
1472	0.00289256
1473	0.00289649
1474	0.00290043
1475	0.00290436
1476	0.0029083
1477	0.00291225
1478	0.00291619
1479	0.00292014
1480	0.00292409
1481	0.00292804
1482	0.002932
1483	0.00293595
1484	0.00293991
1485	0.00294388
1486	0.00294784
1487	0.00295181
1488	0.00295578
1489	0.00295976
1490	0.00296374
1491	0.00296772
1492	0.0029717
1493	0.00297568
1494	0.00297967
1495	0.00298366
1496	0.00298765
1497	0.00299165
1498	0.00299565
1499	0.00299965
1500	0.00300365
1501	0.00300766
1502	0.00301167
1503	0.00301568
1504	0.00301969
1505	0.00302371
1506	0.00302773
1507	0.00303175
1508	0.00303578
1509	0.0030398
1510	0.00304383
1511	0.00304787
1512	0.0030519
1513	0.00305594
1514	0.00305998
1515	0.00306402
1516	0.00306807
1517	0.00307212
1518	0.00307617
1519	0.00308023
1520	0.00308428
1521	0.00308834
1522	0.0030924
1523	0.00309647
1524	0.00310054
1525	0.00310461
1526	0.00310868
1527	0.00311276
1528	0.00311683
1529	0.00312091
1530	0.003125
1531	0.00312908
1532	0.00313317
1533	0.00313727
1534	0.00314136
1535	0.00314546
1536	0.00314956
1537	0.00315366
1538	0.00315776
1539	0.00316187
1540	0.00316598
1541	0.00317009
1542	0.00317421
1543	0.00317833
1544	0.00318245
1545	0.00318657
1546	0.0031907
1547	0.00319483
1548	0.00319896
1549	0.00320309
1550	0.00320723
1551	0.00321137
1552	0.00321551
1553	0.00321966
1554	0.00322381
1555	0.00322796
1556	0.00323211
1557	0.00323627
1558	0.00324042
1559	0.00324459
1560	0.00324875
1561	0.00325292
1562	0.00325708
1563	0.00326126
1564	0.00326543
1565	0.00326961
1566	0.00327379
1567	0.00327797
1568	0.00328215
1569	0.00328634
1570	0.00329053
1571	0.00329473
1572	0.00329892
1573	0.00330312
1574	0.00330732
1575	0.00331153
1576	0.00331573
1577	0.00331994
1578	0.00332415
1579	0.00332837
1580	0.00333258
1581	0.0033368
1582	0.00334103
1583	0.00334525
1584	0.00334948
1585	0.00335371
1586	0.00335794
1587	0.00336218
1588	0.00336642
1589	0.00337066
1590	0.0033749
1591	0.00337915
1592	0.0033834
1593	0.00338765
1594	0.0033919
1595	0.00339616
1596	0.00340042
1597	0.00340468
1598	0.00340895
1599	0.00341322
1600	0.00341749
1601	0.00342176
1602	0.00342604
1603	0.00343031
1604	0.0034346
1605	0.00343888
1606	0.00344317
1607	0.00344746
1608	0.00345175
1609	0.00345604
1610	0.00346034
1611	0.00346464
1612	0.00346894
1613	0.00347325
1614	0.00347755
1615	0.00348187
1616	0.00348618
1617	0.00349049
1618	0.00349481
1619	0.00349913
1620	0.00350346
1621	0.00350779
1622	0.00351211
1623	0.00351645
1624	0.00352078
1625	0.00352512
1626	0.00352946
1627	0.0035338
1628	0.00353815
1629	0.00354249
1630	0.00354684
1631	0.0035512
1632	0.00355555
1633	0.00355991
1634	0.00356427
1635	0.00356864
1636	0.003573
1637	0.00357737
1638	0.00358175
1639	0.00358612
1640	0.0035905
1641	0.00359488
1642	0.00359926
1643	0.00360365
1644	0.00360803
1645	0.00361242
1646	0.00361682
1647	0.00362121
1648	0.00362561
1649	0.00363001
1650	0.00363442
1651	0.00363882
1652	0.00364323
1653	0.00364765
1654	0.00365206
1655	0.00365648
1656	0.0036609
1657	0.00366532
1658	0.00366975
1659	0.00367417
1660	0.0036786
1661	0.00368304
1662	0.00368747
1663	0.00369191
1664	0.00369635
1665	0.0037008
1666	0.00370525
1667	0.00370969
1668	0.00371415
1669	0.0037186
1670	0.00372306
1671	0.00372752
1672	0.00373198
1673	0.00373645
1674	0.00374092
1675	0.00374539
1676	0.00374986
1677	0.00375434
1678	0.00375881
1679	0.0037633
1680	0.00376778
1681	0.00377227
1682	0.00377676
1683	0.00378125
1684	0.00378574
1685	0.00379024
1686	0.00379474
1687	0.00379924
1688	0.00380375
1689	0.00380826
1690	0.00381277
1691	0.00381728
1692	0.0038218
1693	0.00382632
1694	0.00383084
1695	0.00383536
1696	0.00383989
1697	0.00384442
1698	0.00384895
1699	0.00385349
1700	0.00385802
1701	0.00386256
1702	0.00386711
1703	0.00387165
1704	0.0038762
1705	0.00388075
1706	0.0038853
1707	0.00388986
1708	0.00389442
1709	0.00389898
1710	0.00390354
1711	0.00390811
1712	0.00391268
1713	0.00391725
1714	0.00392183
1715	0.00392641
1716	0.00393099
1717	0.00393557
1718	0.00394015
1719	0.00394474
1720	0.00394933
1721	0.00395393
1722	0.00395852
1723	0.00396312
1724	0.00396772
1725	0.00397233
1726	0.00397694
1727	0.00398154
1728	0.00398616
1729	0.00399077
1730	0.00399539
1731	0.00400001
1732	0.00400463
1733	0.00400926
1734	0.00401389
1735	0.00401852
1736	0.00402315
1737	0.00402779
1738	0.00403243
1739	0.00403707
1740	0.00404171
1741	0.00404636
1742	0.00405101
1743	0.00405566
1744	0.00406032
1745	0.00406497
1746	0.00406963
1747	0.0040743
1748	0.00407896
1749	0.00408363
1750	0.0040883
1751	0.00409298
1752	0.00409765
1753	0.00410233
1754	0.00410701
1755	0.0041117
1756	0.00411638
1757	0.00412107
1758	0.00412577
1759	0.00413046
1760	0.00413516
1761	0.00413986
1762	0.00414456
1763	0.00414927
1764	0.00415398
1765	0.00415869
1766	0.0041634
1767	0.00416812
1768	0.00417284
1769	0.00417756
1770	0.00418228
1771	0.00418701
1772	0.00419174
1773	0.00419647
1774	0.00420121
1775	0.00420595
1776	0.00421069
1777	0.00421543
1778	0.00422017
1779	0.00422492
1780	0.00422967
1781	0.00423443
1782	0.00423918
1783	0.00424394
1784	0.00424871
1785	0.00425347
1786	0.00425824
1787	0.00426301
1788	0.00426778
1789	0.00427255
1790	0.00427733
1791	0.00428211
1792	0.0042869
1793	0.00429168
1794	0.00429647
1795	0.00430126
1796	0.00430606
1797	0.00431085
1798	0.00431565
1799	0.00432045
1800	0.00432526
1801	0.00433006
1802	0.00433487
1803	0.00433969
1804	0.0043445
1805	0.00434932
1806	0.00435414
1807	0.00435896
1808	0.00436379
1809	0.00436862
1810	0.00437345
1811	0.00437828
1812	0.00438312
1813	0.00438796
1814	0.0043928
1815	0.00439765
1816	0.00440249
1817	0.00440734
1818	0.00441219
1819	0.00441705
1820	0.00442191
1821	0.00442677
1822	0.00443163
1823	0.0044365
1824	0.00444137
1825	0.00444624
1826	0.00445111
1827	0.00445599
1828	0.00446087
1829	0.00446575
1830	0.00447063
1831	0.00447552
1832	0.00448041
1833	0.0044853
1834	0.0044902
1835	0.0044951
1836	0.0045
1837	0.0045049
1838	0.00450981
1839	0.00451472
1840	0.00451963
1841	0.00452454
1842	0.00452946
1843	0.00453438
1844	0.0045393
1845	0.00454422
1846	0.00454915
1847	0.00455408
1848	0.00455901
1849	0.00456395
1850	0.00456889
1851	0.00457383
1852	0.00457877
1853	0.00458372
1854	0.00458867
1855	0.00459362
1856	0.00459857
1857	0.00460353
1858	0.00460849
1859	0.00461345
1860	0.00461841
1861	0.00462338
1862	0.00462835
1863	0.00463332
1864	0.0046383
1865	0.00464328
1866	0.00464826
1867	0.00465324
1868	0.00465823
1869	0.00466322
1870	0.00466821
1871	0.0046732
1872	0.0046782
1873	0.0046832
1874	0.0046882
1875	0.0046932
1876	0.00469821
1877	0.00470322
1878	0.00470823
1879	0.00471325
1880	0.00471827
1881	0.00472329
1882	0.00472831
1883	0.00473334
1884	0.00473837
1885	0.0047434
1886	0.00474843
1887	0.00475347
1888	0.00475851
1889	0.00476355
1890	0.0047686
1891	0.00477364
1892	0.00477869
1893	0.00478375
1894	0.0047888
1895	0.00479386
1896	0.00479892
1897	0.00480398
1898	0.00480905
1899	0.00481412
1900	0.00481919
1901	0.00482427
1902	0.00482934
1903	0.00483442
1904	0.0048395
1905	0.00484459
1906	0.00484968
1907	0.00485477
1908	0.00485986
1909	0.00486495
1910	0.00487005
1911	0.00487515
1912	0.00488026
1913	0.00488536
1914	0.00489047
1915	0.00489558
1916	0.0049007
1917	0.00490581
1918	0.00491093
1919	0.00491606
1920	0.00492118
1921	0.00492631
1922	0.00493144
1923	0.00493657
1924	0.00494171
1925	0.00494685
1926	0.00495199
1927	0.00495713
1928	0.00496228
1929	0.00496743
1930	0.00497258
1931	0.00497773
1932	0.00498289
1933	0.00498805
1934	0.00499321
1935	0.00499838
1936	0.00500354
1937	0.00500871
1938	0.00501389
1939	0.00501906
1940	0.00502424
1941	0.00502942
1942	0.0050346
1943	0.00503979
1944	0.00504498
1945	0.00505017
1946	0.00505537
1947	0.00506056
1948	0.00506576
1949	0.00507097
1950	0.00507617
1951	0.00508138
1952	0.00508659
1953	0.0050918
1954	0.00509702
1955	0.00510224
1956	0.00510746
1957	0.00511268
1958	0.00511791
1959	0.00512314
1960	0.00512837
1961	0.0051336
1962	0.00513884
1963	0.00514408
1964	0.00514932
1965	0.00515457
1966	0.00515981
1967	0.00516506
1968	0.00517032
1969	0.00517557
1970	0.00518083
1971	0.00518609
1972	0.00519136
1973	0.00519662
1974	0.00520189
1975	0.00520716
1976	0.00521244
1977	0.00521771
1978	0.00522299
1979	0.00522828
1980	0.00523356
1981	0.00523885
1982	0.00524414
1983	0.00524943
1984	0.00525473
1985	0.00526003
1986	0.00526533
1987	0.00527063
1988	0.00527594
1989	0.00528125
1990	0.00528656
1991	0.00529187
1992	0.00529719
1993	0.00530251
1994	0.00530783
1995	0.00531316
1996	0.00531849
1997	0.00532382
1998	0.00532915
1999	0.00533449
2000	0.00533982
2001	0.00534516
2002	0.00535051
2003	0.00535586
2004	0.0053612
2005	0.00536656
2006	0.00537191
2007	0.00537727
2008	0.00538263
2009	0.00538799
2010	0.00539336
2011	0.00539872
2012	0.00540409
2013	0.00540947
2014	0.00541484
2015	0.00542022
2016	0.0054256
2017	0.00543099
2018	0.00543637
2019	0.00544176
2020	0.00544715
2021	0.00545255
2022	0.00545795
2023	0.00546335
2024	0.00546875
2025	0.00547415
2026	0.00547956
2027	0.00548497
2028	0.00549039
2029	0.0054958
2030	0.00550122
2031	0.00550664
2032	0.00551207
2033	0.00551749
2034	0.00552292
2035	0.00552835
2036	0.00553379
2037	0.00553922
2038	0.00554466
2039	0.00555011
2040	0.00555555
2041	0.005561
2042	0.00556645
2043	0.0055719
2044	0.00557736
2045	0.00558282
2046	0.00558828
2047	0.00559374
2048	0.00559921
2049	0.00560468
2050	0.00561015
2051	0.00561563
2052	0.0056211
2053	0.00562658
2054	0.00563207
2055	0.00563755
2056	0.00564304
2057	0.00564853
2058	0.00565402
2059	0.00565952
2060	0.00566502
2061	0.00567052
2062	0.00567602
2063	0.00568153
2064	0.00568704
2065	0.00569255
2066	0.00569807
2067	0.00570358
2068	0.0057091
2069	0.00571463
2070	0.00572015
2071	0.00572568
2072	0.00573121
2073	0.00573674
2074	0.00574228
2075	0.00574782
2076	0.00575336
2077	0.00575891
2078	0.00576445
2079	0.00577
2080	0.00577555
2081	0.00578111
2082	0.00578667
2083	0.00579223
2084	0.00579779
2085	0.00580335
2086	0.00580892
2087	0.00581449
2088	0.00582007
2089	0.00582564
2090	0.00583122
2091	0.0058368
2092	0.00584239
2093	0.00584797
2094	0.00585356
2095	0.00585916
2096	0.00586475
2097	0.00587035
2098	0.00587595
2099	0.00588155
2100	0.00588716
2101	0.00589276
2102	0.00589837
2103	0.00590399
2104	0.0059096
2105	0.00591522
2106	0.00592084
2107	0.00592647
2108	0.0059321
2109	0.00593773
2110	0.00594336
2111	0.00594899
2112	0.00595463
2113	0.00596027
2114	0.00596591
2115	0.00597156
2116	0.00597721
2117	0.00598286
2118	0.00598851
2119	0.00599417
2120	0.00599983
2121	0.00600549
2122	0.00601115
2123	0.00601682
2124	0.00602249
2125	0.00602816
2126	0.00603384
2127	0.00603951
2128	0.00604519
2129	0.00605088
2130	0.00605656
2131	0.00606225
2132	0.00606794
2133	0.00607363
2134	0.00607933
2135	0.00608503
2136	0.00609073
2137	0.00609644
2138	0.00610214
2139	0.00610785
2140	0.00611356
2141	0.00611928
2142	0.006125
2143	0.00613072
2144	0.00613644
2145	0.00614217
2146	0.00614789
2147	0.00615363
2148	0.00615936
2149	0.00616509
2150	0.00617083
2151	0.00617658
2152	0.00618232
2153	0.00618807
2154	0.00619382
2155	0.00619957
2156	0.00620532
2157	0.00621108
2158	0.00621684
2159	0.0062226
2160	0.00622837
2161	0.00623414
2162	0.00623991
2163	0.00624568
2164	0.00625146
2165	0.00625724
2166	0.00626302
2167	0.00626881
2168	0.00627459
2169	0.00628038
2170	0.00628617
2171	0.00629197
2172	0.00629777
2173	0.00630357
2174	0.00630937
2175	0.00631518
2176	0.00632098
2177	0.0063268
2178	0.00633261
2179	0.00633843
2180	0.00634424
2181	0.00635007
2182	0.00635589
2183	0.00636172
2184	0.00636755
2185	0.00637338
2186	0.00637922
2187	0.00638505
2188	0.00639089
2189	0.00639674
2190	0.00640258
2191	0.00640843
2192	0.00641428
2193	0.00642014
2194	0.00642599
2195	0.00643185
2196	0.00643771
2197	0.00644358
2198	0.00644944
2199	0.00645531
2200	0.00646119
2201	0.00646706
2202	0.00647294
2203	0.00647882
2204	0.0064847
2205	0.00649059
2206	0.00649648
2207	0.00650237
2208	0.00650826
2209	0.00651416
2210	0.00652006
2211	0.00652596
2212	0.00653186
2213	0.00653777
2214	0.00654368
2215	0.00654959
2216	0.00655551
2217	0.00656143
2218	0.00656735
2219	0.00657327
2220	0.0065792
2221	0.00658513
2222	0.00659106
2223	0.00659699
2224	0.00660293
2225	0.00660887
2226	0.00661481
2227	0.00662075
2228	0.0066267
2229	0.00663265
2230	0.0066386
2231	0.00664456
2232	0.00665052
2233	0.00665648
2234	0.00666244
2235	0.00666841
2236	0.00667437
2237	0.00668035
2238	0.00668632
2239	0.0066923
2240	0.00669828
2241	0.00670426
2242	0.00671024
2243	0.00671623
2244	0.00672222
2245	0.00672821
2246	0.00673421
2247	0.0067402
2248	0.00674621
2249	0.00675221
2250	0.00675821
2251	0.00676422
2252	0.00677023
2253	0.00677625
2254	0.00678227
2255	0.00678828
2256	0.00679431
2257	0.00680033
2258	0.00680636
2259	0.00681239
2260	0.00681842
2261	0.00682446
2262	0.00683049
2263	0.00683654
2264	0.00684258
2265	0.00684862
2266	0.00685467
2267	0.00686072
2268	0.00686678
2269	0.00687284
2270	0.00687889
2271	0.00688496
2272	0.00689102
2273	0.00689709
2274	0.00690316
2275	0.00690923
2276	0.00691531
2277	0.00692138
2278	0.00692747
2279	0.00693355
2280	0.00693964
2281	0.00694572
2282	0.00695182
2283	0.00695791
2284	0.00696401
2285	0.00697011
2286	0.00697621
2287	0.00698231
2288	0.00698842
2289	0.00699453
2290	0.00700064
2291	0.00700676
2292	0.00701288
2293	0.007019
2294	0.00702512
2295	0.00703125
2296	0.00703738
2297	0.00704351
2298	0.00704964
2299	0.00705578
2300	0.00706192
2301	0.00706806
2302	0.0070742
2303	0.00708035
2304	0.0070865
2305	0.00709265
2306	0.00709881
2307	0.00710497
2308	0.00711113
2309	0.00711729
2310	0.00712346
2311	0.00712963
2312	0.0071358
2313	0.00714197
2314	0.00714815
2315	0.00715433
2316	0.00716051
2317	0.0071667
2318	0.00717288
2319	0.00717907
2320	0.00718527
2321	0.00719146
2322	0.00719766
2323	0.00720386
2324	0.00721007
2325	0.00721627
2326	0.00722248
2327	0.00722869
2328	0.00723491
2329	0.00724112
2330	0.00724734
2331	0.00725356
2332	0.00725979
2333	0.00726602
2334	0.00727225
2335	0.00727848
2336	0.00728472
2337	0.00729095
2338	0.0072972
2339	0.00730344
2340	0.00730968
2341	0.00731593
2342	0.00732219
2343	0.00732844
2344	0.0073347
2345	0.00734096
2346	0.00734722
2347	0.00735348
2348	0.00735975
2349	0.00736602
2350	0.00737229
2351	0.00737857
2352	0.00738485
2353	0.00739113
2354	0.00739741
2355	0.0074037
2356	0.00740999
2357	0.00741628
2358	0.00742257
2359	0.00742887
2360	0.00743517
2361	0.00744147
2362	0.00744778
2363	0.00745409
2364	0.0074604
2365	0.00746671
2366	0.00747302
2367	0.00747934
2368	0.00748566
2369	0.00749199
2370	0.00749831
2371	0.00750464
2372	0.00751097
2373	0.00751731
2374	0.00752365
2375	0.00752999
2376	0.00753633
2377	0.00754267
2378	0.00754902
2379	0.00755537
2380	0.00756172
2381	0.00756808
2382	0.00757444
2383	0.0075808
2384	0.00758716
2385	0.00759353
2386	0.0075999
2387	0.00760627
2388	0.00761265
2389	0.00761902
2390	0.0076254
2391	0.00763178
2392	0.00763817
2393	0.00764456
2394	0.00765095
2395	0.00765734
2396	0.00766374
2397	0.00767013
2398	0.00767654
2399	0.00768294
2400	0.00768935
2401	0.00769576
2402	0.00770217
2403	0.00770858
2404	0.007715
2405	0.00772142
2406	0.00772784
2407	0.00773427
2408	0.00774069
2409	0.00774712
2410	0.00775356
2411	0.00775999
2412	0.00776643
2413	0.00777287
2414	0.00777932
2415	0.00778576
2416	0.00779221
2417	0.00779866
2418	0.00780512
2419	0.00781158
2420	0.00781804
2421	0.0078245
2422	0.00783096
2423	0.00783743
2424	0.0078439
2425	0.00785038
2426	0.00785685
2427	0.00786333
2428	0.00786981
2429	0.00787629
2430	0.00788278
2431	0.00788927
2432	0.00789576
2433	0.00790226
2434	0.00790875
2435	0.00791525
2436	0.00792176
2437	0.00792826
2438	0.00793477
2439	0.00794128
2440	0.00794779
2441	0.00795431
2442	0.00796083
2443	0.00796735
2444	0.00797387
2445	0.0079804
2446	0.00798693
2447	0.00799346
2448	0.008
2449	0.00800653
2450	0.00801307
2451	0.00801962
2452	0.00802616
2453	0.00803271
2454	0.00803926
2455	0.00804581
2456	0.00805237
2457	0.00805893
2458	0.00806549
2459	0.00807205
2460	0.00807862
2461	0.00808519
2462	0.00809176
2463	0.00809834
2464	0.00810491
2465	0.00811149
2466	0.00811808
2467	0.00812466
2468	0.00813125
2469	0.00813784
2470	0.00814443
2471	0.00815103
2472	0.00815763
2473	0.00816423
2474	0.00817083
2475	0.00817744
2476	0.00818405
2477	0.00819066
2478	0.00819728
2479	0.00820389
2480	0.00821051
2481	0.00821714
2482	0.00822376
2483	0.00823039
2484	0.00823702
2485	0.00824365
2486	0.00825029
2487	0.00825693
2488	0.00826357
2489	0.00827021
2490	0.00827686
2491	0.00828351
2492	0.00829016
2493	0.00829682
2494	0.00830347
2495	0.00831013
2496	0.0083168
2497	0.00832346
2498	0.00833013
2499	0.0083368
2500	0.00834347
