Independent Variable - Plot	Dependent Variable - Plot
0	0
1	3.34E-08
2	1.33E-07
3	3.00E-07
4	5.34E-07
5	8.34E-07
6	1.20E-06
7	1.63E-06
8	2.14E-06
9	2.70E-06
10	3.34E-06
11	4.04E-06
12	4.80E-06
13	5.64E-06
14	6.54E-06
15	7.51E-06
16	8.54E-06
17	9.64E-06
18	1.08E-05
19	1.20E-05
20	1.33E-05
21	1.47E-05
22	1.61E-05
23	1.77E-05
24	1.92E-05
25	2.09E-05
26	2.26E-05
27	2.43E-05
28	2.62E-05
29	2.81E-05
30	3.00E-05
31	3.21E-05
32	3.42E-05
33	3.63E-05
34	3.86E-05
35	4.09E-05
36	4.32E-05
37	4.57E-05
38	4.82E-05
39	5.07E-05
40	5.34E-05
41	5.61E-05
42	5.89E-05
43	6.17E-05
44	6.46E-05
45	6.76E-05
46	7.06E-05
47	7.37E-05
48	7.69E-05
49	8.01E-05
50	8.34E-05
51	8.68E-05
52	9.02E-05
53	9.37E-05
54	9.73E-05
55	0.000100928
56	0.000104632
57	0.000108402
58	0.000112239
59	0.000116143
60	0.000120113
61	0.00012415
62	0.000128254
63	0.000132425
64	0.000136662
65	0.000140966
66	0.000145337
67	0.000149775
68	0.000154279
69	0.00015885
70	0.000163487
71	0.000168192
72	0.000172963
73	0.000177801
74	0.000182706
75	0.000187677
76	0.000192715
77	0.00019782
78	0.000202991
79	0.00020823
80	0.000213535
81	0.000218906
82	0.000224345
83	0.00022985
84	0.000235422
85	0.000241061
86	0.000246766
87	0.000252538
88	0.000258377
89	0.000264282
90	0.000270255
91	0.000276294
92	0.0002824
93	0.000288572
94	0.000294811
95	0.000301117
96	0.00030749
97	0.000313929
98	0.000320435
99	0.000327008
100	0.000333648
101	0.000340354
102	0.000347127
103	0.000353967
104	0.000360873
105	0.000367847
106	0.000374887
107	0.000381993
108	0.000389167
109	0.000396407
110	0.000403714
111	0.000411087
112	0.000418528
113	0.000426035
114	0.000433609
115	0.000441249
116	0.000448957
117	0.00045673
118	0.000464571
119	0.000472479
120	0.000480453
121	0.000488494
122	0.000496601
123	0.000504776
124	0.000513017
125	0.000521325
126	0.000529699
127	0.000538141
128	0.000546649
129	0.000555223
130	0.000563865
131	0.000572573
132	0.000581348
133	0.00059019
134	0.000599098
135	0.000608073
136	0.000617115
137	0.000626224
138	0.000635399
139	0.000644641
140	0.00065395
141	0.000663325
142	0.000672767
143	0.000682276
144	0.000691852
145	0.000701495
146	0.000711204
147	0.00072098
148	0.000730822
149	0.000740732
150	0.000750708
151	0.00076075
152	0.00077086
153	0.000781036
154	0.000791279
155	0.000801589
156	0.000811965
157	0.000822409
158	0.000832918
159	0.000843495
160	0.000854138
161	0.000864849
162	0.000875625
163	0.000886469
164	0.000897379
165	0.000908356
166	0.0009194
167	0.00093051
168	0.000941688
169	0.000952932
170	0.000964242
171	0.00097562
172	0.000987064
173	0.000998575
174	0.00101015
175	0.0010218
176	0.00103351
177	0.00104529
178	0.00105713
179	0.00106904
180	0.00108102
181	0.00109306
182	0.00110518
183	0.00111735
184	0.0011296
185	0.00114191
186	0.00115429
187	0.00116673
188	0.00117924
189	0.00119182
190	0.00120447
191	0.00121718
192	0.00122996
193	0.0012428
194	0.00125572
195	0.0012687
196	0.00128174
197	0.00129485
198	0.00130803
199	0.00132128
200	0.00133459
201	0.00134797
202	0.00136142
203	0.00137493
204	0.00138851
205	0.00140215
206	0.00141587
207	0.00142965
208	0.00144349
209	0.00145741
210	0.00147139
211	0.00148543
212	0.00149955
213	0.00151373
214	0.00152797
215	0.00154229
216	0.00155667
217	0.00157111
218	0.00158563
219	0.00160021
220	0.00161486
221	0.00162957
222	0.00164435
223	0.0016592
224	0.00167411
225	0.00168909
226	0.00170414
227	0.00171925
228	0.00173443
229	0.00174968
230	0.001765
231	0.00178038
232	0.00179583
233	0.00181134
234	0.00182692
235	0.00184257
236	0.00185828
237	0.00187407
238	0.00188991
239	0.00190583
240	0.00192181
241	0.00193786
242	0.00195398
243	0.00197016
244	0.00198641
245	0.00200272
246	0.0020191
247	0.00203555
248	0.00205207
249	0.00206865
250	0.0020853
251	0.00210201
252	0.0021188
253	0.00213565
254	0.00215256
255	0.00216954
256	0.00218659
257	0.00220371
258	0.00222089
259	0.00223814
260	0.00225546
261	0.00227284
262	0.00229029
263	0.00230781
264	0.00232539
265	0.00234304
266	0.00236076
267	0.00237854
268	0.00239639
269	0.00241431
270	0.00243229
271	0.00245034
272	0.00246846
273	0.00248664
274	0.00250489
275	0.00252321
276	0.0025416
277	0.00256005
278	0.00257856
279	0.00259715
280	0.0026158
281	0.00263452
282	0.0026533
283	0.00267215
284	0.00269107
285	0.00271005
286	0.00272911
287	0.00274822
288	0.00276741
289	0.00278666
290	0.00280598
291	0.00282536
292	0.00284481
293	0.00286433
294	0.00288392
295	0.00290357
296	0.00292329
297	0.00294307
298	0.00296293
299	0.00298284
300	0.00300283
301	0.00302288
302	0.003043
303	0.00306319
304	0.00308344
305	0.00310376
306	0.00312414
307	0.0031446
308	0.00316512
309	0.0031857
310	0.00320636
311	0.00322708
312	0.00324786
313	0.00326871
314	0.00328963
315	0.00331062
316	0.00333167
317	0.00335279
318	0.00337398
319	0.00339523
320	0.00341655
321	0.00343794
322	0.00345939
323	0.00348091
324	0.0035025
325	0.00352416
326	0.00354588
327	0.00356766
328	0.00358952
329	0.00361144
330	0.00363342
331	0.00365548
332	0.0036776
333	0.00369979
334	0.00372204
335	0.00374436
336	0.00376675
337	0.0037892
338	0.00381173
339	0.00383431
340	0.00385697
341	0.00387969
342	0.00390248
343	0.00392533
344	0.00394825
345	0.00397124
346	0.0039943
347	0.00401742
348	0.00404061
349	0.00406386
350	0.00408719
351	0.00411057
352	0.00413403
353	0.00415755
354	0.00418114
355	0.0042048
356	0.00422852
357	0.00425231
358	0.00427616
359	0.00430009
360	0.00432408
361	0.00434813
362	0.00437225
363	0.00439644
364	0.0044207
365	0.00444502
366	0.00446941
367	0.00449387
368	0.00451839
369	0.00454298
370	0.00456764
371	0.00459236
372	0.00461715
373	0.00464201
374	0.00466693
375	0.00469192
376	0.00471698
377	0.0047421
378	0.00476729
379	0.00479255
380	0.00481787
381	0.00484327
382	0.00486872
383	0.00489425
384	0.00491984
385	0.00494549
386	0.00497122
387	0.00499701
388	0.00502287
389	0.00504879
390	0.00507478
391	0.00510084
392	0.00512697
393	0.00515316
394	0.00517942
395	0.00520574
396	0.00523213
397	0.00525859
398	0.00528511
399	0.00531171
400	0.00533837
401	0.00536509
402	0.00539188
403	0.00541874
404	0.00544567
405	0.00547266
406	0.00549972
407	0.00552684
408	0.00555404
409	0.00558129
410	0.00560862
411	0.00563601
412	0.00566347
413	0.005691
414	0.00571859
415	0.00574625
416	0.00577398
417	0.00580177
418	0.00582963
419	0.00585755
420	0.00588555
421	0.00591361
422	0.00594173
423	0.00596993
424	0.00599819
425	0.00602651
426	0.00605491
427	0.00608337
428	0.00611189
429	0.00614049
430	0.00616915
431	0.00619788
432	0.00622667
433	0.00625553
434	0.00628446
435	0.00631345
436	0.00634251
437	0.00637164
438	0.00640083
439	0.00643009
440	0.00645942
441	0.00648882
442	0.00651828
443	0.00654781
444	0.0065774
445	0.00660706
446	0.00663679
447	0.00666658
448	0.00669645
449	0.00672637
450	0.00675637
451	0.00678643
452	0.00681656
453	0.00684675
454	0.00687702
455	0.00690734
456	0.00693774
457	0.0069682
458	0.00699873
459	0.00702933
460	0.00705999
461	0.00709072
462	0.00712151
463	0.00715237
464	0.0071833
465	0.0072143
466	0.00724536
467	0.00727649
468	0.00730769
469	0.00733895
470	0.00737028
471	0.00740168
472	0.00743314
473	0.00746467
474	0.00749627
475	0.00752793
476	0.00755966
477	0.00759146
478	0.00762332
479	0.00765525
480	0.00768725
481	0.00771931
482	0.00775144
483	0.00778364
484	0.0078159
485	0.00784823
486	0.00788063
487	0.00791309
488	0.00794562
489	0.00797822
490	0.00801088
491	0.00804361
492	0.00807641
493	0.00810928
494	0.00814221
495	0.00817521
496	0.00820827
497	0.0082414
498	0.0082746
499	0.00830786
500	0.0083412
501	0.00837459
502	0.00840806
503	0.00844159
504	0.00847519
505	0.00850885
506	0.00854259
507	0.00857638
508	0.00861025
509	0.00864418
510	0.00867818
511	0.00871225
512	0.00874638
513	0.00878058
514	0.00881484
515	0.00884917
516	0.00888357
517	0.00891804
518	0.00895257
519	0.00898717
520	0.00902184
521	0.00905657
522	0.00909137
523	0.00912624
524	0.00916117
525	0.00919617
526	0.00923123
527	0.00926637
528	0.00930157
529	0.00933683
530	0.00937217
531	0.00940757
532	0.00944303
533	0.00947857
534	0.00951417
535	0.00954983
536	0.00958557
537	0.00962137
538	0.00965724
539	0.00969317
540	0.00972917
541	0.00976524
542	0.00980137
543	0.00983757
544	0.00987384
545	0.00991017
546	0.00994658
547	0.00998304
548	0.0100196
549	0.0100562
550	0.0100928
551	0.0101296
552	0.0101664
553	0.0102033
554	0.0102402
555	0.0102772
556	0.0103143
557	0.0103514
558	0.0103886
559	0.0104259
560	0.0104632
561	0.0105006
562	0.0105381
563	0.0105756
564	0.0106132
565	0.0106509
566	0.0106886
567	0.0107264
568	0.0107643
569	0.0108022
570	0.0108402
571	0.0108783
572	0.0109164
573	0.0109546
574	0.0109929
575	0.0110312
576	0.0110696
577	0.0111081
578	0.0111466
579	0.0111852
580	0.0112239
581	0.0112626
582	0.0113015
583	0.0113403
584	0.0113793
585	0.0114183
586	0.0114573
587	0.0114965
588	0.0115357
589	0.0115749
590	0.0116143
591	0.0116537
592	0.0116932
593	0.0117327
594	0.0117723
595	0.011812
596	0.0118517
597	0.0118915
598	0.0119314
599	0.0119713
600	0.0120113
601	0.0120514
602	0.0120915
603	0.0121317
604	0.012172
605	0.0122123
606	0.0122527
607	0.0122932
608	0.0123338
609	0.0123744
610	0.012415
611	0.0124558
612	0.0124966
613	0.0125375
614	0.0125784
615	0.0126194
616	0.0126605
617	0.0127016
618	0.0127428
619	0.0127841
620	0.0128254
621	0.0128668
622	0.0129083
623	0.0129498
624	0.0129914
625	0.0130331
626	0.0130749
627	0.0131167
628	0.0131585
629	0.0132005
630	0.0132425
631	0.0132846
632	0.0133267
633	0.0133689
634	0.0134112
635	0.0134535
636	0.0134959
637	0.0135384
638	0.0135809
639	0.0136235
640	0.0136662
641	0.013709
642	0.0137518
643	0.0137946
644	0.0138376
645	0.0138806
646	0.0139237
647	0.0139668
648	0.01401
649	0.0140533
650	0.0140966
651	0.01414
652	0.0141835
653	0.014227
654	0.0142707
655	0.0143143
656	0.0143581
657	0.0144019
658	0.0144457
659	0.0144897
660	0.0145337
661	0.0145778
662	0.0146219
663	0.0146661
664	0.0147104
665	0.0147547
666	0.0147991
667	0.0148436
668	0.0148882
669	0.0149328
670	0.0149775
671	0.0150222
672	0.015067
673	0.0151119
674	0.0151568
675	0.0152018
676	0.0152469
677	0.015292
678	0.0153373
679	0.0153825
680	0.0154279
681	0.0154733
682	0.0155188
683	0.0155643
684	0.0156099
685	0.0156556
686	0.0157013
687	0.0157471
688	0.015793
689	0.015839
690	0.015885
691	0.015931
692	0.0159772
693	0.0160234
694	0.0160697
695	0.016116
696	0.0161624
697	0.0162089
698	0.0162555
699	0.0163021
700	0.0163487
701	0.0163955
702	0.0164423
703	0.0164892
704	0.0165361
705	0.0165831
706	0.0166302
707	0.0166774
708	0.0167246
709	0.0167718
710	0.0168192
711	0.0168666
712	0.0169141
713	0.0169616
714	0.0170092
715	0.0170569
716	0.0171047
717	0.0171525
718	0.0172003
719	0.0172483
720	0.0172963
721	0.0173444
722	0.0173925
723	0.0174407
724	0.017489
725	0.0175374
726	0.0175858
727	0.0176343
728	0.0176828
729	0.0177314
730	0.0177801
731	0.0178288
732	0.0178777
733	0.0179265
734	0.0179755
735	0.0180245
736	0.0180736
737	0.0181227
738	0.0181719
739	0.0182212
740	0.0182706
741	0.01832
742	0.0183694
743	0.018419
744	0.0184686
745	0.0185183
746	0.018568
747	0.0186178
748	0.0186677
749	0.0187177
750	0.0187677
751	0.0188178
752	0.0188679
753	0.0189181
754	0.0189684
755	0.0190188
756	0.0190692
757	0.0191197
758	0.0191702
759	0.0192208
760	0.0192715
761	0.0193222
762	0.0193731
763	0.0194239
764	0.0194749
765	0.0195259
766	0.019577
767	0.0196281
768	0.0196793
769	0.0197306
770	0.019782
771	0.0198334
772	0.0198849
773	0.0199364
774	0.019988
775	0.0200397
776	0.0200915
777	0.0201433
778	0.0201952
779	0.0202471
780	0.0202991
781	0.0203512
782	0.0204034
783	0.0204556
784	0.0205079
785	0.0205602
786	0.0206126
787	0.0206651
788	0.0207177
789	0.0207703
790	0.020823
791	0.0208757
792	0.0209285
793	0.0209814
794	0.0210344
795	0.0210874
796	0.0211405
797	0.0211936
798	0.0212468
799	0.0213001
800	0.0213535
801	0.0214069
802	0.0214604
803	0.0215139
804	0.0215675
805	0.0216212
806	0.021675
807	0.0217288
808	0.0217827
809	0.0218366
810	0.0218906
811	0.0219447
812	0.0219989
813	0.0220531
814	0.0221074
815	0.0221617
816	0.0222161
817	0.0222706
818	0.0223252
819	0.0223798
820	0.0224345
821	0.0224892
822	0.022544
823	0.0225989
824	0.0226539
825	0.0227089
826	0.022764
827	0.0228191
828	0.0228744
829	0.0229296
830	0.022985
831	0.0230404
832	0.0230959
833	0.0231515
834	0.0232071
835	0.0232628
836	0.0233185
837	0.0233743
838	0.0234302
839	0.0234862
840	0.0235422
841	0.0235983
842	0.0236544
843	0.0237106
844	0.0237669
845	0.0238233
846	0.0238797
847	0.0239362
848	0.0239927
849	0.0240494
850	0.0241061
851	0.0241628
852	0.0242196
853	0.0242765
854	0.0243335
855	0.0243905
856	0.0244476
857	0.0245047
858	0.024562
859	0.0246192
860	0.0246766
861	0.024734
862	0.0247915
863	0.0248491
864	0.0249067
865	0.0249644
866	0.0250221
867	0.0250799
868	0.0251378
869	0.0251958
870	0.0252538
871	0.0253119
872	0.02537
873	0.0254283
874	0.0254866
875	0.0255449
876	0.0256033
877	0.0256618
878	0.0257204
879	0.025779
880	0.0258377
881	0.0258964
882	0.0259553
883	0.0260142
884	0.0260731
885	0.0261321
886	0.0261912
887	0.0262504
888	0.0263096
889	0.0263689
890	0.0264282
891	0.0264877
892	0.0265472
893	0.0266067
894	0.0266663
895	0.026726
896	0.0267858
897	0.0268456
898	0.0269055
899	0.0269654
900	0.0270255
901	0.0270856
902	0.0271457
903	0.0272059
904	0.0272662
905	0.0273266
906	0.027387
907	0.0274475
908	0.0275081
909	0.0275687
910	0.0276294
911	0.0276901
912	0.027751
913	0.0278118
914	0.0278728
915	0.0279338
916	0.0279949
917	0.0280561
918	0.0281173
919	0.0281786
920	0.02824
921	0.0283014
922	0.0283629
923	0.0284244
924	0.028486
925	0.0285477
926	0.0286095
927	0.0286713
928	0.0287332
929	0.0287952
930	0.0288572
931	0.0289193
932	0.0289815
933	0.0290437
934	0.029106
935	0.0291683
936	0.0292308
937	0.0292932
938	0.0293558
939	0.0294184
940	0.0294811
941	0.0295439
942	0.0296067
943	0.0296696
944	0.0297326
945	0.0297956
946	0.0298587
947	0.0299218
948	0.0299851
949	0.0300484
950	0.0301117
951	0.0301751
952	0.0302386
953	0.0303022
954	0.0303658
955	0.0304295
956	0.0304933
957	0.0305571
958	0.030621
959	0.030685
960	0.030749
961	0.0308131
962	0.0308772
963	0.0309415
964	0.0310058
965	0.0310701
966	0.0311345
967	0.031199
968	0.0312636
969	0.0313282
970	0.0313929
971	0.0314577
972	0.0315225
973	0.0315874
974	0.0316524
975	0.0317174
976	0.0317825
977	0.0318477
978	0.0319129
979	0.0319782
980	0.0320435
981	0.032109
982	0.0321745
983	0.03224
984	0.0323056
985	0.0323713
986	0.0324371
987	0.0325029
988	0.0325688
989	0.0326348
990	0.0327008
991	0.0327669
992	0.0328331
993	0.0328993
994	0.0329656
995	0.033032
996	0.0330984
997	0.0331649
998	0.0332315
999	0.0332981
1000	0.0333648
1001	0.0334315
1002	0.0334984
1003	0.0335653
1004	0.0336322
1005	0.0336993
1006	0.0337664
1007	0.0338335
1008	0.0339008
1009	0.0339681
1010	0.0340354
1011	0.0341028
1012	0.0341703
1013	0.0342379
1014	0.0343055
1015	0.0343732
1016	0.034441
1017	0.0345088
1018	0.0345767
1019	0.0346447
1020	0.0347127
1021	0.0347808
1022	0.034849
1023	0.0349172
1024	0.0349855
1025	0.0350539
1026	0.0351223
1027	0.0351908
1028	0.0352594
1029	0.035328
1030	0.0353967
1031	0.0354655
1032	0.0355343
1033	0.0356032
1034	0.0356722
1035	0.0357412
1036	0.0358103
1037	0.0358795
1038	0.0359487
1039	0.036018
1040	0.0360873
1041	0.0361568
1042	0.0362263
1043	0.0362958
1044	0.0363655
1045	0.0364352
1046	0.0365049
1047	0.0365748
1048	0.0366447
1049	0.0367146
1050	0.0367847
1051	0.0368548
1052	0.0369249
1053	0.0369952
1054	0.0370655
1055	0.0371358
1056	0.0372063
1057	0.0372768
1058	0.0373473
1059	0.037418
1060	0.0374887
1061	0.0375594
1062	0.0376303
1063	0.0377012
1064	0.0377721
1065	0.0378432
1066	0.0379143
1067	0.0379854
1068	0.0380567
1069	0.038128
1070	0.0381993
1071	0.0382708
1072	0.0383423
1073	0.0384138
1074	0.0384855
1075	0.0385572
1076	0.0386289
1077	0.0387008
1078	0.0387727
1079	0.0388446
1080	0.0389167
1081	0.0389888
1082	0.039061
1083	0.0391332
1084	0.0392055
1085	0.0392779
1086	0.0393503
1087	0.0394228
1088	0.0394954
1089	0.039568
1090	0.0396407
1091	0.0397135
1092	0.0397863
1093	0.0398592
1094	0.0399322
1095	0.0400052
1096	0.0400783
1097	0.0401515
1098	0.0402247
1099	0.040298
1100	0.0403714
1101	0.0404448
1102	0.0405183
1103	0.0405919
1104	0.0406655
1105	0.0407392
1106	0.040813
1107	0.0408868
1108	0.0409607
1109	0.0410347
1110	0.0411087
1111	0.0411829
1112	0.041257
1113	0.0413313
1114	0.0414056
1115	0.0414799
1116	0.0415544
1117	0.0416289
1118	0.0417034
1119	0.0417781
1120	0.0418528
1121	0.0419276
1122	0.0420024
1123	0.0420773
1124	0.0421523
1125	0.0422273
1126	0.0423024
1127	0.0423776
1128	0.0424528
1129	0.0425281
1130	0.0426035
1131	0.0426789
1132	0.0427544
1133	0.04283
1134	0.0429056
1135	0.0429813
1136	0.0430571
1137	0.043133
1138	0.0432089
1139	0.0432848
1140	0.0433609
1141	0.043437
1142	0.0435131
1143	0.0435894
1144	0.0436657
1145	0.0437421
1146	0.0438185
1147	0.043895
1148	0.0439716
1149	0.0440482
1150	0.0441249
1151	0.0442017
1152	0.0442785
1153	0.0443554
1154	0.0444324
1155	0.0445095
1156	0.0445866
1157	0.0446637
1158	0.044741
1159	0.0448183
1160	0.0448957
1161	0.0449731
1162	0.0450506
1163	0.0451282
1164	0.0452058
1165	0.0452835
1166	0.0453613
1167	0.0454391
1168	0.045517
1169	0.045595
1170	0.045673
1171	0.0457512
1172	0.0458293
1173	0.0459076
1174	0.0459859
1175	0.0460643
1176	0.0461427
1177	0.0462212
1178	0.0462998
1179	0.0463784
1180	0.0464571
1181	0.0465359
1182	0.0466147
1183	0.0466936
1184	0.0467726
1185	0.0468517
1186	0.0469308
1187	0.0470099
1188	0.0470892
1189	0.0471685
1190	0.0472479
1191	0.0473273
1192	0.0474068
1193	0.0474864
1194	0.047566
1195	0.0476457
1196	0.0477255
1197	0.0478054
1198	0.0478853
1199	0.0479652
1200	0.0480453
1201	0.0481254
1202	0.0482056
1203	0.0482858
1204	0.0483661
1205	0.0484465
1206	0.0485269
1207	0.0486074
1208	0.048688
1209	0.0487687
1210	0.0488494
1211	0.0489302
1212	0.049011
1213	0.0490919
1214	0.0491729
1215	0.0492539
1216	0.049335
1217	0.0494162
1218	0.0494975
1219	0.0495788
1220	0.0496601
1221	0.0497416
1222	0.0498231
1223	0.0499047
1224	0.0499863
1225	0.050068
1226	0.0501498
1227	0.0502316
1228	0.0503136
1229	0.0503955
1230	0.0504776
1231	0.0505597
1232	0.0506419
1233	0.0507241
1234	0.0508064
1235	0.0508888
1236	0.0509712
1237	0.0510538
1238	0.0511363
1239	0.051219
1240	0.0513017
1241	0.0513845
1242	0.0514673
1243	0.0515502
1244	0.0516332
1245	0.0517162
1246	0.0517994
1247	0.0518825
1248	0.0519658
1249	0.0520491
1250	0.0521325
1251	0.0522159
1252	0.0522994
1253	0.052383
1254	0.0524667
1255	0.0525504
1256	0.0526341
1257	0.052718
1258	0.0528019
1259	0.0528859
1260	0.0529699
1261	0.053054
1262	0.0531382
1263	0.0532225
1264	0.0533068
1265	0.0533912
1266	0.0534756
1267	0.0535601
1268	0.0536447
1269	0.0537293
1270	0.0538141
1271	0.0538988
1272	0.0539837
1273	0.0540686
1274	0.0541536
1275	0.0542386
1276	0.0543237
1277	0.0544089
1278	0.0544942
1279	0.0545795
1280	0.0546649
1281	0.0547503
1282	0.0548358
1283	0.0549214
1284	0.055007
1285	0.0550928
1286	0.0551785
1287	0.0552644
1288	0.0553503
1289	0.0554363
1290	0.0555223
1291	0.0556084
1292	0.0556946
1293	0.0557809
1294	0.0558672
1295	0.0559536
1296	0.05604
1297	0.0561265
1298	0.0562131
1299	0.0562998
1300	0.0563865
1301	0.0564733
1302	0.0565601
1303	0.056647
1304	0.056734
1305	0.0568211
1306	0.0569082
1307	0.0569954
1308	0.0570826
1309	0.0571699
1310	0.0572573
1311	0.0573448
1312	0.0574323
1313	0.0575198
1314	0.0576075
1315	0.0576952
1316	0.057783
1317	0.0578708
1318	0.0579588
1319	0.0580467
1320	0.0581348
1321	0.0582229
1322	0.0583111
1323	0.0583993
1324	0.0584877
1325	0.058576
1326	0.0586645
1327	0.058753
1328	0.0588416
1329	0.0589302
1330	0.059019
1331	0.0591077
1332	0.0591966
1333	0.0592855
1334	0.0593745
1335	0.0594635
1336	0.0595527
1337	0.0596418
1338	0.0597311
1339	0.0598204
1340	0.0599098
1341	0.0599993
1342	0.0600888
1343	0.0601784
1344	0.060268
1345	0.0603577
1346	0.0604475
1347	0.0605374
1348	0.0606273
1349	0.0607173
1350	0.0608073
1351	0.0608974
1352	0.0609876
1353	0.0610779
1354	0.0611682
1355	0.0612586
1356	0.061349
1357	0.0614395
1358	0.0615301
1359	0.0616208
1360	0.0617115
1361	0.0618023
1362	0.0618931
1363	0.0619841
1364	0.062075
1365	0.0621661
1366	0.0622572
1367	0.0623484
1368	0.0624397
1369	0.062531
1370	0.0626224
1371	0.0627138
1372	0.0628053
1373	0.0628969
1374	0.0629886
1375	0.0630803
1376	0.0631721
1377	0.0632639
1378	0.0633558
1379	0.0634478
1380	0.0635399
1381	0.063632
1382	0.0637242
1383	0.0638165
1384	0.0639088
1385	0.0640012
1386	0.0640936
1387	0.0641861
1388	0.0642787
1389	0.0643714
1390	0.0644641
1391	0.0645569
1392	0.0646497
1393	0.0647427
1394	0.0648356
1395	0.0649287
1396	0.0650218
1397	0.065115
1398	0.0652083
1399	0.0653016
1400	0.065395
1401	0.0654884
1402	0.0655819
1403	0.0656755
1404	0.0657692
1405	0.0658629
1406	0.0659567
1407	0.0660506
1408	0.0661445
1409	0.0662385
1410	0.0663325
1411	0.0664266
1412	0.0665208
1413	0.0666151
1414	0.0667094
1415	0.0668038
1416	0.0668983
1417	0.0669928
1418	0.0670874
1419	0.067182
1420	0.0672767
1421	0.0673715
1422	0.0674664
1423	0.0675613
1424	0.0676563
1425	0.0677514
1426	0.0678465
1427	0.0679417
1428	0.0680369
1429	0.0681323
1430	0.0682276
1431	0.0683231
1432	0.0684186
1433	0.0685142
1434	0.0686099
1435	0.0687056
1436	0.0688014
1437	0.0688972
1438	0.0689932
1439	0.0690892
1440	0.0691852
1441	0.0692813
1442	0.0693775
1443	0.0694738
1444	0.0695701
1445	0.0696665
1446	0.069763
1447	0.0698595
1448	0.0699561
1449	0.0700527
1450	0.0701495
1451	0.0702462
1452	0.0703431
1453	0.07044
1454	0.070537
1455	0.0706341
1456	0.0707312
1457	0.0708284
1458	0.0709257
1459	0.071023
1460	0.0711204
1461	0.0712178
1462	0.0713154
1463	0.0714129
1464	0.0715106
1465	0.0716083
1466	0.0717061
1467	0.071804
1468	0.0719019
1469	0.0719999
1470	0.072098
1471	0.0721961
1472	0.0722943
1473	0.0723925
1474	0.0724909
1475	0.0725893
1476	0.0726877
1477	0.0727862
1478	0.0728848
1479	0.0729835
1480	0.0730822
1481	0.073181
1482	0.0732799
1483	0.0733788
1484	0.0734778
1485	0.0735769
1486	0.073676
1487	0.0737752
1488	0.0738744
1489	0.0739738
1490	0.0740732
1491	0.0741726
1492	0.0742721
1493	0.0743717
1494	0.0744714
1495	0.0745711
1496	0.0746709
1497	0.0747708
1498	0.0748707
1499	0.0749707
1500	0.0750708
1501	0.0751709
1502	0.0752711
1503	0.0753713
1504	0.0754717
1505	0.0755721
1506	0.0756725
1507	0.0757731
1508	0.0758736
1509	0.0759743
1510	0.076075
1511	0.0761758
1512	0.0762767
1513	0.0763776
1514	0.0764786
1515	0.0765797
1516	0.0766808
1517	0.076782
1518	0.0768833
1519	0.0769846
1520	0.077086
1521	0.0771875
1522	0.077289
1523	0.0773906
1524	0.0774922
1525	0.077594
1526	0.0776958
1527	0.0777976
1528	0.0778996
1529	0.0780016
1530	0.0781036
1531	0.0782057
1532	0.0783079
1533	0.0784102
1534	0.0785125
1535	0.0786149
1536	0.0787174
1537	0.0788199
1538	0.0789225
1539	0.0790252
1540	0.0791279
1541	0.0792307
1542	0.0793336
1543	0.0794365
1544	0.0795395
1545	0.0796426
1546	0.0797457
1547	0.0798489
1548	0.0799522
1549	0.0800555
1550	0.0801589
1551	0.0802624
1552	0.0803659
1553	0.0804695
1554	0.0805731
1555	0.0806769
1556	0.0807807
1557	0.0808845
1558	0.0809885
1559	0.0810925
1560	0.0811965
1561	0.0813007
1562	0.0814049
1563	0.0815091
1564	0.0816135
1565	0.0817179
1566	0.0818223
1567	0.0819269
1568	0.0820315
1569	0.0821361
1570	0.0822409
1571	0.0823456
1572	0.0824505
1573	0.0825554
1574	0.0826604
1575	0.0827655
1576	0.0828706
1577	0.0829758
1578	0.0830811
1579	0.0831864
1580	0.0832918
1581	0.0833973
1582	0.0835028
1583	0.0836084
1584	0.0837141
1585	0.0838198
1586	0.0839256
1587	0.0840315
1588	0.0841374
1589	0.0842434
1590	0.0843495
1591	0.0844556
1592	0.0845618
1593	0.0846681
1594	0.0847744
1595	0.0848808
1596	0.0849873
1597	0.0850938
1598	0.0852004
1599	0.0853071
1600	0.0854138
1601	0.0855206
1602	0.0856275
1603	0.0857344
1604	0.0858414
1605	0.0859485
1606	0.0860556
1607	0.0861628
1608	0.0862701
1609	0.0863774
1610	0.0864849
1611	0.0865923
1612	0.0866999
1613	0.0868075
1614	0.0869151
1615	0.0870229
1616	0.0871307
1617	0.0872385
1618	0.0873465
1619	0.0874545
1620	0.0875625
1621	0.0876707
1622	0.0877789
1623	0.0878871
1624	0.0879955
1625	0.0881039
1626	0.0882123
1627	0.0883209
1628	0.0884295
1629	0.0885382
1630	0.0886469
1631	0.0887557
1632	0.0888646
1633	0.0889735
1634	0.0890825
1635	0.0891916
1636	0.0893007
1637	0.0894099
1638	0.0895192
1639	0.0896285
1640	0.0897379
1641	0.0898474
1642	0.0899569
1643	0.0900665
1644	0.0901762
1645	0.0902859
1646	0.0903957
1647	0.0905056
1648	0.0906155
1649	0.0907255
1650	0.0908356
1651	0.0909458
1652	0.091056
1653	0.0911662
1654	0.0912766
1655	0.091387
1656	0.0914974
1657	0.091608
1658	0.0917186
1659	0.0918293
1660	0.09194
1661	0.0920508
1662	0.0921617
1663	0.0922726
1664	0.0923836
1665	0.0924947
1666	0.0926058
1667	0.092717
1668	0.0928283
1669	0.0929396
1670	0.093051
1671	0.0931625
1672	0.093274
1673	0.0933857
1674	0.0934973
1675	0.0936091
1676	0.0937209
1677	0.0938327
1678	0.0939447
1679	0.0940567
1680	0.0941688
1681	0.0942809
1682	0.0943931
1683	0.0945054
1684	0.0946177
1685	0.0947301
1686	0.0948426
1687	0.0949551
1688	0.0950677
1689	0.0951804
1690	0.0952932
1691	0.095406
1692	0.0955188
1693	0.0956318
1694	0.0957448
1695	0.0958579
1696	0.095971
1697	0.0960842
1698	0.0961975
1699	0.0963108
1700	0.0964242
1701	0.0965377
1702	0.0966512
1703	0.0967648
1704	0.0968785
1705	0.0969923
1706	0.0971061
1707	0.0972199
1708	0.0973339
1709	0.0974479
1710	0.097562
1711	0.0976761
1712	0.0977903
1713	0.0979046
1714	0.0980189
1715	0.0981333
1716	0.0982478
1717	0.0983623
1718	0.098477
1719	0.0985916
1720	0.0987064
1721	0.0988212
1722	0.0989361
1723	0.099051
1724	0.099166
1725	0.0992811
1726	0.0993962
1727	0.0995114
1728	0.0996267
1729	0.099742
1730	0.0998575
1731	0.0999729
1732	0.100088
1733	0.100204
1734	0.10032
1735	0.100435
1736	0.100551
1737	0.100667
1738	0.100783
1739	0.100899
1740	0.101015
1741	0.101131
1742	0.101248
1743	0.101364
1744	0.10148
1745	0.101597
1746	0.101713
1747	0.10183
1748	0.101946
1749	0.102063
1750	0.10218
1751	0.102296
1752	0.102413
1753	0.10253
1754	0.102647
1755	0.102764
1756	0.102882
1757	0.102999
1758	0.103116
1759	0.103233
1760	0.103351
1761	0.103468
1762	0.103586
1763	0.103703
1764	0.103821
1765	0.103939
1766	0.104057
1767	0.104174
1768	0.104292
1769	0.10441
1770	0.104529
1771	0.104647
1772	0.104765
1773	0.104883
1774	0.105002
1775	0.10512
1776	0.105238
1777	0.105357
1778	0.105476
1779	0.105594
1780	0.105713
1781	0.105832
1782	0.105951
1783	0.10607
1784	0.106189
1785	0.106308
1786	0.106427
1787	0.106546
1788	0.106665
1789	0.106785
1790	0.106904
1791	0.107024
1792	0.107143
1793	0.107263
1794	0.107382
1795	0.107502
1796	0.107622
1797	0.107742
1798	0.107862
1799	0.107982
1800	0.108102
1801	0.108222
1802	0.108342
1803	0.108463
1804	0.108583
1805	0.108703
1806	0.108824
1807	0.108944
1808	0.109065
1809	0.109186
1810	0.109306
1811	0.109427
1812	0.109548
1813	0.109669
1814	0.10979
1815	0.109911
1816	0.110032
1817	0.110153
1818	0.110275
1819	0.110396
1820	0.110518
1821	0.110639
1822	0.110761
1823	0.110882
1824	0.111004
1825	0.111126
1826	0.111247
1827	0.111369
1828	0.111491
1829	0.111613
1830	0.111735
1831	0.111857
1832	0.11198
1833	0.112102
1834	0.112224
1835	0.112347
1836	0.112469
1837	0.112592
1838	0.112714
1839	0.112837
1840	0.11296
1841	0.113083
1842	0.113206
1843	0.113328
1844	0.113451
1845	0.113575
1846	0.113698
1847	0.113821
1848	0.113944
1849	0.114068
1850	0.114191
1851	0.114314
1852	0.114438
1853	0.114562
1854	0.114685
1855	0.114809
1856	0.114933
1857	0.115057
1858	0.115181
1859	0.115305
1860	0.115429
1861	0.115553
1862	0.115677
1863	0.115801
1864	0.115926
1865	0.11605
1866	0.116175
1867	0.116299
1868	0.116424
1869	0.116549
1870	0.116673
1871	0.116798
1872	0.116923
1873	0.117048
1874	0.117173
1875	0.117298
1876	0.117423
1877	0.117548
1878	0.117674
1879	0.117799
1880	0.117924
1881	0.11805
1882	0.118176
1883	0.118301
1884	0.118427
1885	0.118553
1886	0.118678
1887	0.118804
1888	0.11893
1889	0.119056
1890	0.119182
1891	0.119308
1892	0.119435
1893	0.119561
1894	0.119687
1895	0.119814
1896	0.11994
1897	0.120067
1898	0.120193
1899	0.12032
1900	0.120447
1901	0.120574
1902	0.120701
1903	0.120828
1904	0.120955
1905	0.121082
1906	0.121209
1907	0.121336
1908	0.121463
1909	0.121591
1910	0.121718
1911	0.121846
1912	0.121973
1913	0.122101
1914	0.122228
1915	0.122356
1916	0.122484
1917	0.122612
1918	0.12274
1919	0.122868
1920	0.122996
1921	0.123124
1922	0.123252
1923	0.123381
1924	0.123509
1925	0.123637
1926	0.123766
1927	0.123894
1928	0.124023
1929	0.124152
1930	0.12428
1931	0.124409
1932	0.124538
1933	0.124667
1934	0.124796
1935	0.124925
1936	0.125054
1937	0.125184
1938	0.125313
1939	0.125442
1940	0.125572
1941	0.125701
1942	0.125831
1943	0.12596
1944	0.12609
1945	0.12622
1946	0.12635
1947	0.12648
1948	0.126609
1949	0.126739
1950	0.12687
1951	0.127
1952	0.12713
1953	0.12726
1954	0.127391
1955	0.127521
1956	0.127652
1957	0.127782
1958	0.127913
1959	0.128043
1960	0.128174
1961	0.128305
1962	0.128436
1963	0.128567
1964	0.128698
1965	0.128829
1966	0.12896
1967	0.129091
1968	0.129223
1969	0.129354
1970	0.129485
1971	0.129617
1972	0.129748
1973	0.12988
1974	0.130012
1975	0.130144
1976	0.130275
1977	0.130407
1978	0.130539
1979	0.130671
1980	0.130803
1981	0.130935
1982	0.131068
1983	0.1312
1984	0.131332
1985	0.131465
1986	0.131597
1987	0.13173
1988	0.131862
1989	0.131995
1990	0.132128
1991	0.132261
1992	0.132394
1993	0.132527
1994	0.13266
1995	0.132793
1996	0.132926
1997	0.133059
1998	0.133192
1999	0.133326
2000	0.133459
2001	0.133593
2002	0.133726
2003	0.13386
2004	0.133993
2005	0.134127
2006	0.134261
2007	0.134395
2008	0.134529
2009	0.134663
2010	0.134797
2011	0.134931
2012	0.135065
2013	0.1352
2014	0.135334
2015	0.135469
2016	0.135603
2017	0.135738
2018	0.135872
2019	0.136007
2020	0.136142
2021	0.136276
2022	0.136411
2023	0.136546
2024	0.136681
2025	0.136816
2026	0.136952
2027	0.137087
2028	0.137222
2029	0.137358
2030	0.137493
2031	0.137628
2032	0.137764
2033	0.1379
2034	0.138035
2035	0.138171
2036	0.138307
2037	0.138443
2038	0.138579
2039	0.138715
2040	0.138851
2041	0.138987
2042	0.139123
2043	0.13926
2044	0.139396
2045	0.139532
2046	0.139669
2047	0.139805
2048	0.139942
2049	0.140079
2050	0.140215
2051	0.140352
2052	0.140489
2053	0.140626
2054	0.140763
2055	0.1409
2056	0.141037
2057	0.141175
2058	0.141312
2059	0.141449
2060	0.141587
2061	0.141724
2062	0.141862
2063	0.141999
2064	0.142137
2065	0.142275
2066	0.142413
2067	0.142551
2068	0.142689
2069	0.142827
2070	0.142965
2071	0.143103
2072	0.143241
2073	0.143379
2074	0.143518
2075	0.143656
2076	0.143795
2077	0.143933
2078	0.144072
2079	0.144211
2080	0.144349
2081	0.144488
2082	0.144627
2083	0.144766
2084	0.144905
2085	0.145044
2086	0.145183
2087	0.145323
2088	0.145462
2089	0.145601
2090	0.145741
2091	0.14588
2092	0.14602
2093	0.146159
2094	0.146299
2095	0.146439
2096	0.146579
2097	0.146719
2098	0.146859
2099	0.146999
2100	0.147139
2101	0.147279
2102	0.147419
2103	0.147559
2104	0.1477
2105	0.14784
2106	0.147981
2107	0.148121
2108	0.148262
2109	0.148403
2110	0.148543
2111	0.148684
2112	0.148825
2113	0.148966
2114	0.149107
2115	0.149248
2116	0.149389
2117	0.149531
2118	0.149672
2119	0.149813
2120	0.149955
2121	0.150096
2122	0.150238
2123	0.150379
2124	0.150521
2125	0.150663
2126	0.150805
2127	0.150947
2128	0.151089
2129	0.151231
2130	0.151373
2131	0.151515
2132	0.151657
2133	0.151799
2134	0.151942
2135	0.152084
2136	0.152227
2137	0.152369
2138	0.152512
2139	0.152655
2140	0.152797
2141	0.15294
2142	0.153083
2143	0.153226
2144	0.153369
2145	0.153512
2146	0.153655
2147	0.153799
2148	0.153942
2149	0.154085
2150	0.154229
2151	0.154372
2152	0.154516
2153	0.154659
2154	0.154803
2155	0.154947
2156	0.155091
2157	0.155235
2158	0.155379
2159	0.155523
2160	0.155667
2161	0.155811
2162	0.155955
2163	0.156099
2164	0.156244
2165	0.156388
2166	0.156533
2167	0.156677
2168	0.156822
2169	0.156967
2170	0.157111
2171	0.157256
2172	0.157401
2173	0.157546
2174	0.157691
2175	0.157836
2176	0.157981
2177	0.158127
2178	0.158272
2179	0.158417
2180	0.158563
2181	0.158708
2182	0.158854
2183	0.158999
2184	0.159145
2185	0.159291
2186	0.159437
2187	0.159583
2188	0.159729
2189	0.159875
2190	0.160021
2191	0.160167
2192	0.160313
2193	0.16046
2194	0.160606
2195	0.160752
2196	0.160899
2197	0.161045
2198	0.161192
2199	0.161339
2200	0.161486
2201	0.161632
2202	0.161779
2203	0.161926
2204	0.162073
2205	0.16222
2206	0.162368
2207	0.162515
2208	0.162662
2209	0.162809
2210	0.162957
2211	0.163104
2212	0.163252
2213	0.1634
2214	0.163547
2215	0.163695
2216	0.163843
2217	0.163991
2218	0.164139
2219	0.164287
2220	0.164435
2221	0.164583
2222	0.164731
2223	0.16488
2224	0.165028
2225	0.165177
2226	0.165325
2227	0.165474
2228	0.165622
2229	0.165771
2230	0.16592
2231	0.166069
2232	0.166217
2233	0.166366
2234	0.166515
2235	0.166665
2236	0.166814
2237	0.166963
2238	0.167112
2239	0.167262
2240	0.167411
2241	0.167561
2242	0.16771
2243	0.16786
2244	0.16801
2245	0.168159
2246	0.168309
2247	0.168459
2248	0.168609
2249	0.168759
2250	0.168909
2251	0.169059
2252	0.16921
2253	0.16936
2254	0.16951
2255	0.169661
2256	0.169811
2257	0.169962
2258	0.170112
2259	0.170263
2260	0.170414
2261	0.170565
2262	0.170716
2263	0.170867
2264	0.171018
2265	0.171169
2266	0.17132
2267	0.171471
2268	0.171623
2269	0.171774
2270	0.171925
2271	0.172077
2272	0.172228
2273	0.17238
2274	0.172532
2275	0.172684
2276	0.172835
2277	0.172987
2278	0.173139
2279	0.173291
2280	0.173443
2281	0.173596
2282	0.173748
2283	0.1739
2284	0.174053
2285	0.174205
2286	0.174358
2287	0.17451
2288	0.174663
2289	0.174815
2290	0.174968
2291	0.175121
2292	0.175274
2293	0.175427
2294	0.17558
2295	0.175733
2296	0.175886
2297	0.17604
2298	0.176193
2299	0.176346
2300	0.1765
2301	0.176653
2302	0.176807
2303	0.17696
2304	0.177114
2305	0.177268
2306	0.177422
2307	0.177576
2308	0.17773
2309	0.177884
2310	0.178038
2311	0.178192
2312	0.178346
2313	0.178501
2314	0.178655
2315	0.178809
2316	0.178964
2317	0.179118
2318	0.179273
2319	0.179428
2320	0.179583
2321	0.179737
2322	0.179892
2323	0.180047
2324	0.180202
2325	0.180357
2326	0.180513
2327	0.180668
2328	0.180823
2329	0.180979
2330	0.181134
2331	0.18129
2332	0.181445
2333	0.181601
2334	0.181757
2335	0.181912
2336	0.182068
2337	0.182224
2338	0.18238
2339	0.182536
2340	0.182692
2341	0.182848
2342	0.183005
2343	0.183161
2344	0.183317
2345	0.183474
2346	0.18363
2347	0.183787
2348	0.183944
2349	0.1841
2350	0.184257
2351	0.184414
2352	0.184571
2353	0.184728
2354	0.184885
2355	0.185042
2356	0.185199
2357	0.185356
2358	0.185514
2359	0.185671
2360	0.185828
2361	0.185986
2362	0.186144
2363	0.186301
2364	0.186459
2365	0.186617
2366	0.186775
2367	0.186932
2368	0.18709
2369	0.187249
2370	0.187407
2371	0.187565
2372	0.187723
2373	0.187881
2374	0.18804
2375	0.188198
2376	0.188357
2377	0.188515
2378	0.188674
2379	0.188833
2380	0.188991
2381	0.18915
2382	0.189309
2383	0.189468
2384	0.189627
2385	0.189786
2386	0.189946
2387	0.190105
2388	0.190264
2389	0.190424
2390	0.190583
2391	0.190742
2392	0.190902
2393	0.191062
2394	0.191221
2395	0.191381
2396	0.191541
2397	0.191701
2398	0.191861
2399	0.192021
2400	0.192181
2401	0.192341
2402	0.192502
2403	0.192662
2404	0.192822
2405	0.192983
2406	0.193143
2407	0.193304
2408	0.193464
2409	0.193625
2410	0.193786
2411	0.193947
2412	0.194108
2413	0.194269
2414	0.19443
2415	0.194591
2416	0.194752
2417	0.194913
2418	0.195075
2419	0.195236
2420	0.195398
2421	0.195559
2422	0.195721
2423	0.195882
2424	0.196044
2425	0.196206
2426	0.196368
2427	0.19653
2428	0.196692
2429	0.196854
2430	0.197016
2431	0.197178
2432	0.19734
2433	0.197502
2434	0.197665
2435	0.197827
2436	0.19799
2437	0.198152
2438	0.198315
2439	0.198478
2440	0.198641
2441	0.198803
2442	0.198966
2443	0.199129
2444	0.199292
2445	0.199455
2446	0.199619
2447	0.199782
2448	0.199945
2449	0.200109
2450	0.200272
2451	0.200436
2452	0.200599
2453	0.200763
2454	0.200927
2455	0.20109
2456	0.201254
2457	0.201418
2458	0.201582
2459	0.201746
2460	0.20191
2461	0.202075
2462	0.202239
2463	0.202403
2464	0.202567
2465	0.202732
2466	0.202896
2467	0.203061
2468	0.203226
2469	0.20339
2470	0.203555
2471	0.20372
2472	0.203885
2473	0.20405
2474	0.204215
2475	0.20438
2476	0.204545
2477	0.204711
2478	0.204876
2479	0.205041
2480	0.205207
2481	0.205372
2482	0.205538
2483	0.205704
2484	0.205869
2485	0.206035
2486	0.206201
2487	0.206367
2488	0.206533
2489	0.206699
2490	0.206865
2491	0.207031
2492	0.207197
2493	0.207364
2494	0.20753
2495	0.207697
2496	0.207863
2497	0.20803
2498	0.208196
2499	0.208363
2500	0.20853
