Independent Variable - Plot	Dependent Variable - Plot
0	0
1	1.27E-05
2	5.07E-05
3	0.000114046
4	0.000202749
5	0.000316795
6	0.000456185
7	0.000620918
8	0.000810995
9	0.00102642
10	0.00126718
11	0.00153329
12	0.00182474
13	0.00214153
14	0.00248367
15	0.00285116
16	0.00324398
17	0.00366215
18	0.00410566
19	0.00457452
20	0.00506872
21	0.00558826
22	0.00613315
23	0.00670338
24	0.00729896
25	0.00791988
26	0.00856614
27	0.00923774
28	0.00993469
29	0.010657
30	0.0114046
31	0.0121776
32	0.0129759
33	0.0137996
34	0.0146486
35	0.015523
36	0.0164227
37	0.0173477
38	0.0182981
39	0.0192738
40	0.0202749
41	0.0213013
42	0.0223531
43	0.0234302
44	0.0245326
45	0.0256604
46	0.0268135
47	0.027992
48	0.0291958
49	0.030425
50	0.0316795
51	0.0329594
52	0.0342646
53	0.0355951
54	0.036951
55	0.0383322
56	0.0397388
57	0.0411707
58	0.0426279
59	0.0441105
60	0.0456185
61	0.0471518
62	0.0487104
63	0.0502944
64	0.0519037
65	0.0535384
66	0.0551984
67	0.0568837
68	0.0585944
69	0.0603305
70	0.0620918
71	0.0638786
72	0.0656906
73	0.067528
74	0.0693908
75	0.0712789
76	0.0731923
77	0.0751311
78	0.0770952
79	0.0790847
80	0.0810995
81	0.0831397
82	0.0852052
83	0.087296
84	0.0894122
85	0.0915538
86	0.0937207
87	0.0959129
88	0.0981304
89	0.100373
90	0.102642
91	0.104935
92	0.107254
93	0.109598
94	0.111968
95	0.114363
96	0.116783
97	0.119229
98	0.1217
99	0.124196
100	0.126718
101	0.129265
102	0.131837
103	0.134435
104	0.137058
105	0.139707
106	0.14238
107	0.145079
108	0.147804
109	0.150554
110	0.153329
111	0.156129
112	0.158955
113	0.161806
114	0.164683
115	0.167585
116	0.170512
117	0.173464
118	0.176442
119	0.179445
120	0.182474
121	0.185528
122	0.188607
123	0.191712
124	0.194842
125	0.197997
126	0.201178
127	0.204384
128	0.207615
129	0.210871
130	0.214153
131	0.217461
132	0.220793
133	0.224152
134	0.227535
135	0.230944
136	0.234378
137	0.237837
138	0.241322
139	0.244832
140	0.248367
141	0.251928
142	0.255514
143	0.259126
144	0.262762
145	0.266425
146	0.270112
147	0.273825
148	0.277563
149	0.281327
150	0.285116
151	0.28893
152	0.292769
153	0.296634
154	0.300524
155	0.30444
156	0.308381
157	0.312347
158	0.316339
159	0.320356
160	0.324398
161	0.328466
162	0.332559
163	0.336677
164	0.340821
165	0.34499
166	0.349184
167	0.353404
168	0.357649
169	0.361919
170	0.366215
171	0.370536
172	0.374883
173	0.379254
174	0.383651
175	0.388074
176	0.392522
177	0.396995
178	0.401493
179	0.406017
180	0.410566
181	0.415141
182	0.419741
183	0.424366
184	0.429017
185	0.433692
186	0.438394
187	0.44312
188	0.447872
189	0.452649
190	0.457452
191	0.46228
192	0.467133
193	0.472012
194	0.476916
195	0.481845
196	0.4868
197	0.49178
198	0.496785
199	0.501816
200	0.506872
201	0.511953
202	0.51706
203	0.522192
204	0.52735
205	0.532533
206	0.537741
207	0.542974
208	0.548233
209	0.553517
210	0.558826
211	0.564161
212	0.569521
213	0.574907
214	0.580318
215	0.585754
216	0.591216
217	0.596703
218	0.602215
219	0.607752
220	0.613315
221	0.618904
222	0.624517
223	0.630156
224	0.63582
225	0.64151
226	0.647225
227	0.652965
228	0.658731
229	0.664522
230	0.670338
231	0.67618
232	0.682047
233	0.687939
234	0.693857
235	0.6998
236	0.705769
237	0.711762
238	0.717782
239	0.723826
240	0.729896
241	0.735991
242	0.742111
243	0.748257
244	0.754428
245	0.760625
246	0.766847
247	0.773094
248	0.779367
249	0.785664
250	0.791988
251	0.798336
252	0.80471
253	0.811109
254	0.817534
255	0.823984
256	0.830459
257	0.83696
258	0.843486
259	0.850037
260	0.856614
261	0.863216
262	0.869843
263	0.876496
264	0.883174
265	0.889877
266	0.896606
267	0.90336
268	0.91014
269	0.916944
270	0.923774
271	0.93063
272	0.937511
273	0.944417
274	0.951348
275	0.958305
276	0.965287
277	0.972295
278	0.979328
279	0.986386
280	0.993469
281	1.00058
282	1.00771
283	1.01487
284	1.02206
285	1.02927
286	1.0365
287	1.04376
288	1.05105
289	1.05836
290	1.0657
291	1.07306
292	1.08045
293	1.08786
294	1.0953
295	1.10276
296	1.11025
297	1.11777
298	1.12531
299	1.13287
300	1.14046
301	1.14808
302	1.15572
303	1.16339
304	1.17108
305	1.17879
306	1.18654
307	1.1943
308	1.2021
309	1.20992
310	1.21776
311	1.22563
312	1.23352
313	1.24144
314	1.24939
315	1.25736
316	1.26536
317	1.27338
318	1.28142
319	1.2895
320	1.29759
321	1.30572
322	1.31386
323	1.32204
324	1.33024
325	1.33846
326	1.34671
327	1.35498
328	1.36328
329	1.37161
330	1.37996
331	1.38834
332	1.39674
333	1.40516
334	1.41362
335	1.42209
336	1.4306
337	1.43912
338	1.44768
339	1.45626
340	1.46486
341	1.47349
342	1.48214
343	1.49082
344	1.49953
345	1.50826
346	1.51702
347	1.5258
348	1.53461
349	1.54344
350	1.5523
351	1.56118
352	1.57009
353	1.57902
354	1.58798
355	1.59696
356	1.60597
357	1.61501
358	1.62407
359	1.63315
360	1.64227
361	1.6514
362	1.66056
363	1.66975
364	1.67896
365	1.6882
366	1.69746
367	1.70675
368	1.71607
369	1.72541
370	1.73477
371	1.74416
372	1.75357
373	1.76302
374	1.77248
375	1.78197
376	1.79149
377	1.80103
378	1.8106
379	1.82019
380	1.82981
381	1.83945
382	1.84912
383	1.85881
384	1.86853
385	1.87828
386	1.88805
387	1.89784
388	1.90766
389	1.91751
390	1.92738
391	1.93728
392	1.9472
393	1.95715
394	1.96712
395	1.97712
396	1.98714
397	1.99719
398	2.00726
399	2.01736
400	2.02749
401	2.03764
402	2.04781
403	2.05801
404	2.06824
405	2.07849
406	2.08877
407	2.09907
408	2.1094
409	2.11975
410	2.13013
411	2.14053
412	2.15096
413	2.16142
414	2.1719
415	2.1824
416	2.19293
417	2.20349
418	2.21407
419	2.22467
420	2.23531
421	2.24596
422	2.25665
423	2.26735
424	2.27809
425	2.28884
426	2.29963
427	2.31044
428	2.32127
429	2.33213
430	2.34302
431	2.35393
432	2.36486
433	2.37582
434	2.38681
435	2.39782
436	2.40886
437	2.41992
438	2.43101
439	2.44212
440	2.45326
441	2.46442
442	2.47561
443	2.48683
444	2.49807
445	2.50933
446	2.52062
447	2.53194
448	2.54328
449	2.55465
450	2.56604
451	2.57746
452	2.5889
453	2.60037
454	2.61186
455	2.62338
456	2.63492
457	2.64649
458	2.65809
459	2.66971
460	2.68135
461	2.69302
462	2.70472
463	2.71644
464	2.72819
465	2.73996
466	2.75176
467	2.76358
468	2.77543
469	2.7873
470	2.7992
471	2.81113
472	2.82307
473	2.83505
474	2.84705
475	2.85908
476	2.87113
477	2.8832
478	2.8953
479	2.90743
480	2.91958
481	2.93176
482	2.94396
483	2.95619
484	2.96845
485	2.98072
486	2.99303
487	3.00536
488	3.01771
489	3.03009
490	3.0425
491	3.05493
492	3.06739
493	3.07987
494	3.09238
495	3.10491
496	3.11747
497	3.13005
498	3.14266
499	3.15529
500	3.16795
501	3.18064
502	3.19334
503	3.20608
504	3.21884
505	3.23163
506	3.24444
507	3.25727
508	3.27014
509	3.28302
510	3.29594
511	3.30887
512	3.32184
513	3.33483
514	3.34784
515	3.36088
516	3.37394
517	3.38703
518	3.40015
519	3.41329
520	3.42646
521	3.43965
522	3.45286
523	3.46611
524	3.47937
525	3.49267
526	3.50598
527	3.51933
528	3.5327
529	3.54609
530	3.55951
531	3.57295
532	3.58642
533	3.59992
534	3.61344
535	3.62699
536	3.64056
537	3.65416
538	3.66778
539	3.68142
540	3.6951
541	3.7088
542	3.72252
543	3.73627
544	3.75004
545	3.76384
546	3.77767
547	3.79152
548	3.80539
549	3.81929
550	3.83322
551	3.84717
552	3.86115
553	3.87515
554	3.88918
555	3.90323
556	3.91731
557	3.93141
558	3.94554
559	3.9597
560	3.97388
561	3.98808
562	4.00231
563	4.01657
564	4.03085
565	4.04516
566	4.05949
567	4.07385
568	4.08823
569	4.10264
570	4.11707
571	4.13153
572	4.14601
573	4.16052
574	4.17505
575	4.18961
576	4.2042
577	4.21881
578	4.23345
579	4.24811
580	4.26279
581	4.27751
582	4.29224
583	4.30701
584	4.32179
585	4.33661
586	4.35145
587	4.36631
588	4.3812
589	4.39611
590	4.41105
591	4.42602
592	4.44101
593	4.45603
594	4.47107
595	4.48613
596	4.50123
597	4.51634
598	4.53149
599	4.54666
600	4.56185
601	4.57707
602	4.59231
603	4.60758
604	4.62288
605	4.6382
606	4.65354
607	4.66891
608	4.68431
609	4.69973
610	4.71518
611	4.73065
612	4.74615
613	4.76167
614	4.77722
615	4.79279
616	4.80839
617	4.82402
618	4.83967
619	4.85534
620	4.87104
621	4.88677
622	4.90252
623	4.91829
624	4.9341
625	4.94992
626	4.96578
627	4.98165
628	4.99756
629	5.01348
630	5.02944
631	5.04542
632	5.06142
633	5.07745
634	5.09351
635	5.10959
636	5.12569
637	5.14182
638	5.15798
639	5.17416
640	5.19037
641	5.2066
642	5.22286
643	5.23914
644	5.25545
645	5.27179
646	5.28815
647	5.30453
648	5.32094
649	5.33738
650	5.35384
651	5.37032
652	5.38683
653	5.40337
654	5.41993
655	5.43652
656	5.45313
657	5.46977
658	5.48643
659	5.50312
660	5.51984
661	5.53658
662	5.55334
663	5.57013
664	5.58695
665	5.60379
666	5.62065
667	5.63755
668	5.65446
669	5.6714
670	5.68837
671	5.70537
672	5.72238
673	5.73943
674	5.7565
675	5.77359
676	5.79071
677	5.80785
678	5.82502
679	5.84222
680	5.85944
681	5.87669
682	5.89396
683	5.91126
684	5.92858
685	5.94593
686	5.9633
687	5.9807
688	5.99812
689	6.01557
690	6.03305
691	6.05054
692	6.06807
693	6.08562
694	6.1032
695	6.1208
696	6.13842
697	6.15608
698	6.17375
699	6.19146
700	6.20918
701	6.22694
702	6.24472
703	6.26252
704	6.28035
705	6.2982
706	6.31608
707	6.33399
708	6.35192
709	6.36987
710	6.38786
711	6.40586
712	6.42389
713	6.44195
714	6.46003
715	6.47814
716	6.49628
717	6.51443
718	6.53262
719	6.55083
720	6.56906
721	6.58732
722	6.60561
723	6.62392
724	6.64225
725	6.66062
726	6.679
727	6.69742
728	6.71585
729	6.73432
730	6.7528
731	6.77132
732	6.78986
733	6.80842
734	6.82701
735	6.84562
736	6.86426
737	6.88293
738	6.90162
739	6.92034
740	6.93908
741	6.95785
742	6.97664
743	6.99546
744	7.0143
745	7.03317
746	7.05206
747	7.07098
748	7.08992
749	7.10889
750	7.12789
751	7.14691
752	7.16596
753	7.18503
754	7.20412
755	7.22324
756	7.24239
757	7.26156
758	7.28076
759	7.29998
760	7.31923
761	7.33851
762	7.35781
763	7.37713
764	7.39648
765	7.41586
766	7.43526
767	7.45468
768	7.47413
769	7.49361
770	7.51311
771	7.53264
772	7.55219
773	7.57177
774	7.59137
775	7.611
776	7.63066
777	7.65033
778	7.67004
779	7.68977
780	7.70952
781	7.72931
782	7.74911
783	7.76894
784	7.7888
785	7.80868
786	7.82859
787	7.84852
788	7.86848
789	7.88846
790	7.90847
791	7.92851
792	7.94857
793	7.96865
794	7.98876
795	8.0089
796	8.02906
797	8.04924
798	8.06945
799	8.08969
800	8.10995
801	8.13024
802	8.15055
803	8.17089
804	8.19126
805	8.21164
806	8.23206
807	8.2525
808	8.27296
809	8.29345
810	8.31397
811	8.33451
812	8.35508
813	8.37567
814	8.39629
815	8.41693
816	8.4376
817	8.45829
818	8.47901
819	8.49975
820	8.52052
821	8.54131
822	8.56213
823	8.58298
824	8.60385
825	8.62475
826	8.64567
827	8.66661
828	8.68759
829	8.70858
830	8.7296
831	8.75065
832	8.77173
833	8.79282
834	8.81395
835	8.8351
836	8.85627
837	8.87747
838	8.8987
839	8.91995
840	8.94122
841	8.96253
842	8.98385
843	9.0052
844	9.02658
845	9.04798
846	9.06941
847	9.09087
848	9.11234
849	9.13385
850	9.15538
851	9.17693
852	9.19851
853	9.22012
854	9.24175
855	9.2634
856	9.28509
857	9.30679
858	9.32852
859	9.35028
860	9.37207
861	9.39387
862	9.41571
863	9.43757
864	9.45945
865	9.48136
866	9.50329
867	9.52525
868	9.54724
869	9.56925
870	9.59129
871	9.61335
872	9.63544
873	9.65755
874	9.67969
875	9.70185
876	9.72404
877	9.74625
878	9.76849
879	9.79075
880	9.81304
881	9.83536
882	9.8577
883	9.88007
884	9.90246
885	9.92487
886	9.94731
887	9.96978
888	9.99227
889	10.0148
890	10.0373
891	10.0599
892	10.0825
893	10.1051
894	10.1278
895	10.1504
896	10.1731
897	10.1958
898	10.2186
899	10.2414
900	10.2642
901	10.287
902	10.3098
903	10.3327
904	10.3556
905	10.3785
906	10.4015
907	10.4244
908	10.4474
909	10.4705
910	10.4935
911	10.5166
912	10.5397
913	10.5628
914	10.586
915	10.6091
916	10.6324
917	10.6556
918	10.6788
919	10.7021
920	10.7254
921	10.7487
922	10.7721
923	10.7955
924	10.8189
925	10.8423
926	10.8658
927	10.8892
928	10.9128
929	10.9363
930	10.9598
931	10.9834
932	11.007
933	11.0307
934	11.0543
935	11.078
936	11.1017
937	11.1254
938	11.1492
939	11.173
940	11.1968
941	11.2206
942	11.2445
943	11.2684
944	11.2923
945	11.3162
946	11.3402
947	11.3642
948	11.3882
949	11.4122
950	11.4363
951	11.4604
952	11.4845
953	11.5086
954	11.5328
955	11.557
956	11.5812
957	11.6055
958	11.6297
959	11.654
960	11.6783
961	11.7027
962	11.727
963	11.7514
964	11.7759
965	11.8003
966	11.8248
967	11.8493
968	11.8738
969	11.8983
970	11.9229
971	11.9475
972	11.9721
973	11.9968
974	12.0214
975	12.0461
976	12.0709
977	12.0956
978	12.1204
979	12.1452
980	12.17
981	12.1948
982	12.2197
983	12.2446
984	12.2695
985	12.2945
986	12.3195
987	12.3445
988	12.3695
989	12.3946
990	12.4196
991	12.4447
992	12.4699
993	12.495
994	12.5202
995	12.5454
996	12.5706
997	12.5959
998	12.6212
999	12.6465
1000	12.6718
1001	12.6972
1002	12.7225
1003	12.7479
1004	12.7734
1005	12.7988
1006	12.8243
1007	12.8498
1008	12.8754
1009	12.9009
1010	12.9265
1011	12.9521
1012	12.9778
1013	13.0034
1014	13.0291
1015	13.0548
1016	13.0805
1017	13.1063
1018	13.1321
1019	13.1579
1020	13.1837
1021	13.2096
1022	13.2355
1023	13.2614
1024	13.2873
1025	13.3133
1026	13.3393
1027	13.3653
1028	13.3914
1029	13.4174
1030	13.4435
1031	13.4696
1032	13.4958
1033	13.5219
1034	13.5481
1035	13.5744
1036	13.6006
1037	13.6269
1038	13.6532
1039	13.6795
1040	13.7058
1041	13.7322
1042	13.7586
1043	13.785
1044	13.8115
1045	13.8379
1046	13.8644
1047	13.8909
1048	13.9175
1049	13.9441
1050	13.9707
1051	13.9973
1052	14.0239
1053	14.0506
1054	14.0773
1055	14.104
1056	14.1308
1057	14.1576
1058	14.1844
1059	14.2112
1060	14.238
1061	14.2649
1062	14.2918
1063	14.3187
1064	14.3457
1065	14.3727
1066	14.3997
1067	14.4267
1068	14.4538
1069	14.4808
1070	14.5079
1071	14.5351
1072	14.5622
1073	14.5894
1074	14.6166
1075	14.6439
1076	14.6711
1077	14.6984
1078	14.7257
1079	14.753
1080	14.7804
1081	14.8078
1082	14.8352
1083	14.8626
1084	14.8901
1085	14.9176
1086	14.9451
1087	14.9726
1088	15.0002
1089	15.0278
1090	15.0554
1091	15.083
1092	15.1107
1093	15.1384
1094	15.1661
1095	15.1938
1096	15.2216
1097	15.2494
1098	15.2772
1099	15.305
1100	15.3329
1101	15.3608
1102	15.3887
1103	15.4166
1104	15.4446
1105	15.4726
1106	15.5006
1107	15.5286
1108	15.5567
1109	15.5848
1110	15.6129
1111	15.6411
1112	15.6692
1113	15.6974
1114	15.7257
1115	15.7539
1116	15.7822
1117	15.8105
1118	15.8388
1119	15.8671
1120	15.8955
1121	15.9239
1122	15.9523
1123	15.9808
1124	16.0093
1125	16.0378
1126	16.0663
1127	16.0948
1128	16.1234
1129	16.152
1130	16.1806
1131	16.2093
1132	16.238
1133	16.2667
1134	16.2954
1135	16.3241
1136	16.3529
1137	16.3817
1138	16.4105
1139	16.4394
1140	16.4683
1141	16.4972
1142	16.5261
1143	16.5551
1144	16.584
1145	16.6131
1146	16.6421
1147	16.6711
1148	16.7002
1149	16.7293
1150	16.7585
1151	16.7876
1152	16.8168
1153	16.846
1154	16.8752
1155	16.9045
1156	16.9338
1157	16.9631
1158	16.9924
1159	17.0218
1160	17.0512
1161	17.0806
1162	17.11
1163	17.1395
1164	17.169
1165	17.1985
1166	17.228
1167	17.2576
1168	17.2872
1169	17.3168
1170	17.3464
1171	17.3761
1172	17.4058
1173	17.4355
1174	17.4652
1175	17.495
1176	17.5248
1177	17.5546
1178	17.5845
1179	17.6143
1180	17.6442
1181	17.6741
1182	17.7041
1183	17.734
1184	17.764
1185	17.7941
1186	17.8241
1187	17.8542
1188	17.8843
1189	17.9144
1190	17.9445
1191	17.9747
1192	18.0049
1193	18.0351
1194	18.0654
1195	18.0957
1196	18.1259
1197	18.1563
1198	18.1866
1199	18.217
1200	18.2474
1201	18.2778
1202	18.3083
1203	18.3387
1204	18.3692
1205	18.3998
1206	18.4303
1207	18.4609
1208	18.4915
1209	18.5221
1210	18.5528
1211	18.5835
1212	18.6142
1213	18.6449
1214	18.6757
1215	18.7064
1216	18.7372
1217	18.7681
1218	18.7989
1219	18.8298
1220	18.8607
1221	18.8916
1222	18.9226
1223	18.9536
1224	18.9846
1225	19.0156
1226	19.0467
1227	19.0778
1228	19.1089
1229	19.14
1230	19.1712
1231	19.2024
1232	19.2336
1233	19.2648
1234	19.2961
1235	19.3274
1236	19.3587
1237	19.39
1238	19.4214
1239	19.4528
1240	19.4842
1241	19.5156
1242	19.5471
1243	19.5786
1244	19.6101
1245	19.6416
1246	19.6732
1247	19.7048
1248	19.7364
1249	19.768
1250	19.7997
1251	19.8314
1252	19.8631
1253	19.8948
1254	19.9266
1255	19.9584
1256	19.9902
1257	20.0221
1258	20.0539
1259	20.0858
1260	20.1178
1261	20.1497
1262	20.1817
1263	20.2137
1264	20.2457
1265	20.2777
1266	20.3098
1267	20.3419
1268	20.374
1269	20.4062
1270	20.4384
1271	20.4705
1272	20.5028
1273	20.535
1274	20.5673
1275	20.5996
1276	20.6319
1277	20.6643
1278	20.6967
1279	20.7291
1280	20.7615
1281	20.7939
1282	20.8264
1283	20.8589
1284	20.8914
1285	20.924
1286	20.9566
1287	20.9892
1288	21.0218
1289	21.0545
1290	21.0871
1291	21.1199
1292	21.1526
1293	21.1853
1294	21.2181
1295	21.2509
1296	21.2838
1297	21.3166
1298	21.3495
1299	21.3824
1300	21.4153
1301	21.4483
1302	21.4813
1303	21.5143
1304	21.5473
1305	21.5804
1306	21.6135
1307	21.6466
1308	21.6797
1309	21.7129
1310	21.7461
1311	21.7793
1312	21.8125
1313	21.8458
1314	21.8791
1315	21.9124
1316	21.9457
1317	21.9791
1318	22.0125
1319	22.0459
1320	22.0793
1321	22.1128
1322	22.1463
1323	22.1798
1324	22.2134
1325	22.2469
1326	22.2805
1327	22.3141
1328	22.3478
1329	22.3815
1330	22.4152
1331	22.4489
1332	22.4826
1333	22.5164
1334	22.5502
1335	22.584
1336	22.6178
1337	22.6517
1338	22.6856
1339	22.7195
1340	22.7535
1341	22.7875
1342	22.8215
1343	22.8555
1344	22.8895
1345	22.9236
1346	22.9577
1347	22.9918
1348	23.026
1349	23.0602
1350	23.0944
1351	23.1286
1352	23.1628
1353	23.1971
1354	23.2314
1355	23.2657
1356	23.3001
1357	23.3345
1358	23.3689
1359	23.4033
1360	23.4378
1361	23.4722
1362	23.5068
1363	23.5413
1364	23.5758
1365	23.6104
1366	23.645
1367	23.6797
1368	23.7143
1369	23.749
1370	23.7837
1371	23.8184
1372	23.8532
1373	23.888
1374	23.9228
1375	23.9576
1376	23.9925
1377	24.0274
1378	24.0623
1379	24.0972
1380	24.1322
1381	24.1672
1382	24.2022
1383	24.2372
1384	24.2723
1385	24.3074
1386	24.3425
1387	24.3776
1388	24.4128
1389	24.448
1390	24.4832
1391	24.5184
1392	24.5537
1393	24.589
1394	24.6243
1395	24.6596
1396	24.695
1397	24.7304
1398	24.7658
1399	24.8013
1400	24.8367
1401	24.8722
1402	24.9077
1403	24.9433
1404	24.9789
1405	25.0145
1406	25.0501
1407	25.0857
1408	25.1214
1409	25.1571
1410	25.1928
1411	25.2286
1412	25.2643
1413	25.3001
1414	25.336
1415	25.3718
1416	25.4077
1417	25.4436
1418	25.4795
1419	25.5154
1420	25.5514
1421	25.5874
1422	25.6234
1423	25.6595
1424	25.6956
1425	25.7317
1426	25.7678
1427	25.804
1428	25.8401
1429	25.8763
1430	25.9126
1431	25.9488
1432	25.9851
1433	26.0214
1434	26.0577
1435	26.0941
1436	26.1305
1437	26.1669
1438	26.2033
1439	26.2398
1440	26.2762
1441	26.3128
1442	26.3493
1443	26.3858
1444	26.4224
1445	26.459
1446	26.4957
1447	26.5323
1448	26.569
1449	26.6057
1450	26.6425
1451	26.6792
1452	26.716
1453	26.7528
1454	26.7897
1455	26.8265
1456	26.8634
1457	26.9003
1458	26.9373
1459	26.9742
1460	27.0112
1461	27.0482
1462	27.0853
1463	27.1223
1464	27.1594
1465	27.1965
1466	27.2337
1467	27.2708
1468	27.308
1469	27.3453
1470	27.3825
1471	27.4198
1472	27.4571
1473	27.4944
1474	27.5317
1475	27.5691
1476	27.6065
1477	27.6439
1478	27.6814
1479	27.7188
1480	27.7563
1481	27.7938
1482	27.8314
1483	27.869
1484	27.9066
1485	27.9442
1486	27.9818
1487	28.0195
1488	28.0572
1489	28.0949
1490	28.1327
1491	28.1704
1492	28.2082
1493	28.2461
1494	28.2839
1495	28.3218
1496	28.3597
1497	28.3976
1498	28.4356
1499	28.4736
1500	28.5116
1501	28.5496
1502	28.5876
1503	28.6257
1504	28.6638
1505	28.7019
1506	28.7401
1507	28.7783
1508	28.8165
1509	28.8547
1510	28.893
1511	28.9313
1512	28.9696
1513	29.0079
1514	29.0463
1515	29.0846
1516	29.123
1517	29.1615
1518	29.1999
1519	29.2384
1520	29.2769
1521	29.3155
1522	29.354
1523	29.3926
1524	29.4312
1525	29.4699
1526	29.5085
1527	29.5472
1528	29.5859
1529	29.6247
1530	29.6634
1531	29.7022
1532	29.741
1533	29.7799
1534	29.8187
1535	29.8576
1536	29.8965
1537	29.9355
1538	29.9744
1539	30.0134
1540	30.0524
1541	30.0915
1542	30.1306
1543	30.1696
1544	30.2088
1545	30.2479
1546	30.2871
1547	30.3263
1548	30.3655
1549	30.4047
1550	30.444
1551	30.4833
1552	30.5226
1553	30.562
1554	30.6013
1555	30.6407
1556	30.6802
1557	30.7196
1558	30.7591
1559	30.7986
1560	30.8381
1561	30.8776
1562	30.9172
1563	30.9568
1564	30.9964
1565	31.0361
1566	31.0758
1567	31.1155
1568	31.1552
1569	31.1949
1570	31.2347
1571	31.2745
1572	31.3144
1573	31.3542
1574	31.3941
1575	31.434
1576	31.4739
1577	31.5139
1578	31.5539
1579	31.5939
1580	31.6339
1581	31.6739
1582	31.714
1583	31.7541
1584	31.7943
1585	31.8344
1586	31.8746
1587	31.9148
1588	31.955
1589	31.9953
1590	32.0356
1591	32.0759
1592	32.1162
1593	32.1566
1594	32.197
1595	32.2374
1596	32.2778
1597	32.3183
1598	32.3588
1599	32.3993
1600	32.4398
1601	32.4804
1602	32.521
1603	32.5616
1604	32.6022
1605	32.6429
1606	32.6836
1607	32.7243
1608	32.765
1609	32.8058
1610	32.8466
1611	32.8874
1612	32.9282
1613	32.9691
1614	33.01
1615	33.0509
1616	33.0919
1617	33.1328
1618	33.1738
1619	33.2148
1620	33.2559
1621	33.2969
1622	33.338
1623	33.3792
1624	33.4203
1625	33.4615
1626	33.5027
1627	33.5439
1628	33.5851
1629	33.6264
1630	33.6677
1631	33.709
1632	33.7504
1633	33.7918
1634	33.8332
1635	33.8746
1636	33.916
1637	33.9575
1638	33.999
1639	34.0405
1640	34.0821
1641	34.1237
1642	34.1653
1643	34.2069
1644	34.2485
1645	34.2902
1646	34.3319
1647	34.3736
1648	34.4154
1649	34.4572
1650	34.499
1651	34.5408
1652	34.5827
1653	34.6245
1654	34.6665
1655	34.7084
1656	34.7503
1657	34.7923
1658	34.8343
1659	34.8764
1660	34.9184
1661	34.9605
1662	35.0026
1663	35.0447
1664	35.0869
1665	35.1291
1666	35.1713
1667	35.2135
1668	35.2558
1669	35.2981
1670	35.3404
1671	35.3827
1672	35.4251
1673	35.4675
1674	35.5099
1675	35.5523
1676	35.5948
1677	35.6373
1678	35.6798
1679	35.7223
1680	35.7649
1681	35.8075
1682	35.8501
1683	35.8927
1684	35.9354
1685	35.9781
1686	36.0208
1687	36.0636
1688	36.1063
1689	36.1491
1690	36.1919
1691	36.2348
1692	36.2776
1693	36.3205
1694	36.3635
1695	36.4064
1696	36.4494
1697	36.4924
1698	36.5354
1699	36.5784
1700	36.6215
1701	36.6646
1702	36.7077
1703	36.7509
1704	36.794
1705	36.8372
1706	36.8805
1707	36.9237
1708	36.967
1709	37.0103
1710	37.0536
1711	37.097
1712	37.1403
1713	37.1837
1714	37.2272
1715	37.2706
1716	37.3141
1717	37.3576
1718	37.4011
1719	37.4447
1720	37.4883
1721	37.5319
1722	37.5755
1723	37.6191
1724	37.6628
1725	37.7065
1726	37.7503
1727	37.794
1728	37.8378
1729	37.8816
1730	37.9254
1731	37.9693
1732	38.0132
1733	38.0571
1734	38.101
1735	38.145
1736	38.189
1737	38.233
1738	38.277
1739	38.3211
1740	38.3651
1741	38.4093
1742	38.4534
1743	38.4976
1744	38.5417
1745	38.586
1746	38.6302
1747	38.6745
1748	38.7187
1749	38.7631
1750	38.8074
1751	38.8518
1752	38.8961
1753	38.9406
1754	38.985
1755	39.0295
1756	39.074
1757	39.1185
1758	39.163
1759	39.2076
1760	39.2522
1761	39.2968
1762	39.3414
1763	39.3861
1764	39.4308
1765	39.4755
1766	39.5203
1767	39.565
1768	39.6098
1769	39.6546
1770	39.6995
1771	39.7444
1772	39.7893
1773	39.8342
1774	39.8791
1775	39.9241
1776	39.9691
1777	40.0141
1778	40.0592
1779	40.1042
1780	40.1493
1781	40.1945
1782	40.2396
1783	40.2848
1784	40.33
1785	40.3752
1786	40.4205
1787	40.4657
1788	40.511
1789	40.5564
1790	40.6017
1791	40.6471
1792	40.6925
1793	40.7379
1794	40.7834
1795	40.8289
1796	40.8744
1797	40.9199
1798	40.9655
1799	41.011
1800	41.0566
1801	41.1023
1802	41.1479
1803	41.1936
1804	41.2393
1805	41.285
1806	41.3308
1807	41.3766
1808	41.4224
1809	41.4682
1810	41.5141
1811	41.56
1812	41.6059
1813	41.6518
1814	41.6978
1815	41.7438
1816	41.7898
1817	41.8358
1818	41.8819
1819	41.928
1820	41.9741
1821	42.0202
1822	42.0664
1823	42.1126
1824	42.1588
1825	42.205
1826	42.2513
1827	42.2976
1828	42.3439
1829	42.3902
1830	42.4366
1831	42.483
1832	42.5294
1833	42.5759
1834	42.6223
1835	42.6688
1836	42.7153
1837	42.7619
1838	42.8084
1839	42.855
1840	42.9017
1841	42.9483
1842	42.995
1843	43.0417
1844	43.0884
1845	43.1351
1846	43.1819
1847	43.2287
1848	43.2755
1849	43.3224
1850	43.3692
1851	43.4161
1852	43.4631
1853	43.51
1854	43.557
1855	43.604
1856	43.651
1857	43.6981
1858	43.7451
1859	43.7922
1860	43.8394
1861	43.8865
1862	43.9337
1863	43.9809
1864	44.0281
1865	44.0754
1866	44.1227
1867	44.17
1868	44.2173
1869	44.2646
1870	44.312
1871	44.3594
1872	44.4069
1873	44.4543
1874	44.5018
1875	44.5493
1876	44.5968
1877	44.6444
1878	44.692
1879	44.7396
1880	44.7872
1881	44.8349
1882	44.8826
1883	44.9303
1884	44.978
1885	45.0258
1886	45.0736
1887	45.1214
1888	45.1692
1889	45.2171
1890	45.2649
1891	45.3129
1892	45.3608
1893	45.4088
1894	45.4567
1895	45.5048
1896	45.5528
1897	45.6009
1898	45.649
1899	45.6971
1900	45.7452
1901	45.7934
1902	45.8416
1903	45.8898
1904	45.938
1905	45.9863
1906	46.0346
1907	46.0829
1908	46.1312
1909	46.1796
1910	46.228
1911	46.2764
1912	46.3249
1913	46.3733
1914	46.4218
1915	46.4704
1916	46.5189
1917	46.5675
1918	46.6161
1919	46.6647
1920	46.7133
1921	46.762
1922	46.8107
1923	46.8594
1924	46.9082
1925	46.9569
1926	47.0057
1927	47.0546
1928	47.1034
1929	47.1523
1930	47.2012
1931	47.2501
1932	47.2991
1933	47.3481
1934	47.3971
1935	47.4461
1936	47.4951
1937	47.5442
1938	47.5933
1939	47.6424
1940	47.6916
1941	47.7408
1942	47.79
1943	47.8392
1944	47.8885
1945	47.9377
1946	47.9871
1947	48.0364
1948	48.0857
1949	48.1351
1950	48.1845
1951	48.234
1952	48.2834
1953	48.3329
1954	48.3824
1955	48.4319
1956	48.4815
1957	48.5311
1958	48.5807
1959	48.6303
1960	48.68
1961	48.7297
1962	48.7794
1963	48.8291
1964	48.8789
1965	48.9287
1966	48.9785
1967	49.0283
1968	49.0782
1969	49.1281
1970	49.178
1971	49.2279
1972	49.2779
1973	49.3279
1974	49.3779
1975	49.428
1976	49.478
1977	49.5281
1978	49.5782
1979	49.6284
1980	49.6785
1981	49.7287
1982	49.7789
1983	49.8292
1984	49.8795
1985	49.9298
1986	49.9801
1987	50.0304
1988	50.0808
1989	50.1312
1990	50.1816
1991	50.2321
1992	50.2825
1993	50.333
1994	50.3835
1995	50.4341
1996	50.4847
1997	50.5353
1998	50.5859
1999	50.6365
2000	50.6872
2001	50.7379
2002	50.7886
2003	50.8394
2004	50.8902
2005	50.941
2006	50.9918
2007	51.0426
2008	51.0935
2009	51.1444
2010	51.1953
2011	51.2463
2012	51.2973
2013	51.3483
2014	51.3993
2015	51.4504
2016	51.5014
2017	51.5526
2018	51.6037
2019	51.6548
2020	51.706
2021	51.7572
2022	51.8085
2023	51.8597
2024	51.911
2025	51.9623
2026	52.0136
2027	52.065
2028	52.1164
2029	52.1678
2030	52.2192
2031	52.2707
2032	52.3222
2033	52.3737
2034	52.4252
2035	52.4768
2036	52.5284
2037	52.58
2038	52.6316
2039	52.6833
2040	52.735
2041	52.7867
2042	52.8384
2043	52.8902
2044	52.942
2045	52.9938
2046	53.0456
2047	53.0975
2048	53.1494
2049	53.2013
2050	53.2533
2051	53.3052
2052	53.3572
2053	53.4092
2054	53.4613
2055	53.5133
2056	53.5654
2057	53.6176
2058	53.6697
2059	53.7219
2060	53.7741
2061	53.8263
2062	53.8785
2063	53.9308
2064	53.9831
2065	54.0354
2066	54.0878
2067	54.1401
2068	54.1925
2069	54.245
2070	54.2974
2071	54.3499
2072	54.4024
2073	54.4549
2074	54.5075
2075	54.56
2076	54.6126
2077	54.6653
2078	54.7179
2079	54.7706
2080	54.8233
2081	54.876
2082	54.9288
2083	54.9815
2084	55.0343
2085	55.0872
2086	55.14
2087	55.1929
2088	55.2458
2089	55.2987
2090	55.3517
2091	55.4047
2092	55.4577
2093	55.5107
2094	55.5638
2095	55.6169
2096	55.67
2097	55.7231
2098	55.7763
2099	55.8294
2100	55.8826
2101	55.9359
2102	55.9891
2103	56.0424
2104	56.0957
2105	56.1491
2106	56.2024
2107	56.2558
2108	56.3092
2109	56.3627
2110	56.4161
2111	56.4696
2112	56.5231
2113	56.5767
2114	56.6302
2115	56.6838
2116	56.7374
2117	56.7911
2118	56.8447
2119	56.8984
2120	56.9521
2121	57.0059
2122	57.0597
2123	57.1134
2124	57.1673
2125	57.2211
2126	57.275
2127	57.3289
2128	57.3828
2129	57.4367
2130	57.4907
2131	57.5447
2132	57.5987
2133	57.6528
2134	57.7068
2135	57.7609
2136	57.815
2137	57.8692
2138	57.9234
2139	57.9776
2140	58.0318
2141	58.086
2142	58.1403
2143	58.1946
2144	58.2489
2145	58.3033
2146	58.3577
2147	58.4121
2148	58.4665
2149	58.5209
2150	58.5754
2151	58.6299
2152	58.6844
2153	58.739
2154	58.7936
2155	58.8482
2156	58.9028
2157	58.9574
2158	59.0121
2159	59.0668
2160	59.1216
2161	59.1763
2162	59.2311
2163	59.2859
2164	59.3407
2165	59.3956
2166	59.4505
2167	59.5054
2168	59.5603
2169	59.6153
2170	59.6703
2171	59.7253
2172	59.7803
2173	59.8354
2174	59.8904
2175	59.9455
2176	60.0007
2177	60.0558
2178	60.111
2179	60.1662
2180	60.2215
2181	60.2767
2182	60.332
2183	60.3873
2184	60.4427
2185	60.498
2186	60.5534
2187	60.6088
2188	60.6643
2189	60.7197
2190	60.7752
2191	60.8307
2192	60.8863
2193	60.9419
2194	60.9974
2195	61.0531
2196	61.1087
2197	61.1644
2198	61.2201
2199	61.2758
2200	61.3315
2201	61.3873
2202	61.4431
2203	61.4989
2204	61.5548
2205	61.6106
2206	61.6665
2207	61.7224
2208	61.7784
2209	61.8344
2210	61.8904
2211	61.9464
2212	62.0024
2213	62.0585
2214	62.1146
2215	62.1707
2216	62.2269
2217	62.283
2218	62.3392
2219	62.3955
2220	62.4517
2221	62.508
2222	62.5643
2223	62.6206
2224	62.677
2225	62.7333
2226	62.7897
2227	62.8462
2228	62.9026
2229	62.9591
2230	63.0156
2231	63.0721
2232	63.1287
2233	63.1853
2234	63.2419
2235	63.2985
2236	63.3552
2237	63.4118
2238	63.4685
2239	63.5253
2240	63.582
2241	63.6388
2242	63.6956
2243	63.7525
2244	63.8093
2245	63.8662
2246	63.9231
2247	63.98
2248	64.037
2249	64.094
2250	64.151
2251	64.208
2252	64.2651
2253	64.3222
2254	64.3793
2255	64.4364
2256	64.4936
2257	64.5508
2258	64.608
2259	64.6652
2260	64.7225
2261	64.7798
2262	64.8371
2263	64.8944
2264	64.9518
2265	65.0092
2266	65.0666
2267	65.1241
2268	65.1815
2269	65.239
2270	65.2965
2271	65.3541
2272	65.4116
2273	65.4692
2274	65.5269
2275	65.5845
2276	65.6422
2277	65.6999
2278	65.7576
2279	65.8153
2280	65.8731
2281	65.9309
2282	65.9887
2283	66.0466
2284	66.1044
2285	66.1623
2286	66.2203
2287	66.2782
2288	66.3362
2289	66.3942
2290	66.4522
2291	66.5102
2292	66.5683
2293	66.6264
2294	66.6846
2295	66.7427
2296	66.8009
2297	66.8591
2298	66.9173
2299	66.9756
2300	67.0338
2301	67.0921
2302	67.1505
2303	67.2088
2304	67.2672
2305	67.3256
2306	67.384
2307	67.4425
2308	67.501
2309	67.5595
2310	67.618
2311	67.6766
2312	67.7351
2313	67.7938
2314	67.8524
2315	67.911
2316	67.9697
2317	68.0284
2318	68.0872
2319	68.1459
2320	68.2047
2321	68.2635
2322	68.3224
2323	68.3812
2324	68.4401
2325	68.499
2326	68.5579
2327	68.6169
2328	68.6759
2329	68.7349
2330	68.7939
2331	68.853
2332	68.9121
2333	68.9712
2334	69.0304
2335	69.0895
2336	69.1487
2337	69.2079
2338	69.2672
2339	69.3264
2340	69.3857
2341	69.445
2342	69.5044
2343	69.5637
2344	69.6231
2345	69.6826
2346	69.742
2347	69.8015
2348	69.861
2349	69.9205
2350	69.98
2351	70.0396
2352	70.0992
2353	70.1588
2354	70.2185
2355	70.2781
2356	70.3378
2357	70.3976
2358	70.4573
2359	70.5171
2360	70.5769
2361	70.6367
2362	70.6965
2363	70.7564
2364	70.8163
2365	70.8762
2366	70.9362
2367	70.9962
2368	71.0562
2369	71.1162
2370	71.1762
2371	71.2363
2372	71.2964
2373	71.3566
2374	71.4167
2375	71.4769
2376	71.5371
2377	71.5973
2378	71.6576
2379	71.7179
2380	71.7782
2381	71.8385
2382	71.8988
2383	71.9592
2384	72.0196
2385	72.0801
2386	72.1405
2387	72.201
2388	72.2615
2389	72.322
2390	72.3826
2391	72.4432
2392	72.5038
2393	72.5644
2394	72.6251
2395	72.6858
2396	72.7465
2397	72.8072
2398	72.868
2399	72.9288
2400	72.9896
2401	73.0504
2402	73.1113
2403	73.1722
2404	73.2331
2405	73.294
2406	73.355
2407	73.416
2408	73.477
2409	73.538
2410	73.5991
2411	73.6602
2412	73.7213
2413	73.7824
2414	73.8436
2415	73.9048
2416	73.966
2417	74.0273
2418	74.0885
2419	74.1498
2420	74.2111
2421	74.2725
2422	74.3339
2423	74.3953
2424	74.4567
2425	74.5181
2426	74.5796
2427	74.6411
2428	74.7026
2429	74.7642
2430	74.8257
2431	74.8873
2432	74.9489
2433	75.0106
2434	75.0723
2435	75.134
2436	75.1957
2437	75.2574
2438	75.3192
2439	75.381
2440	75.4428
2441	75.5047
2442	75.5666
2443	75.6285
2444	75.6904
2445	75.7524
2446	75.8143
2447	75.8763
2448	75.9384
2449	76.0004
2450	76.0625
2451	76.1246
2452	76.1867
2453	76.2489
2454	76.3111
2455	76.3733
2456	76.4355
2457	76.4978
2458	76.56
2459	76.6223
2460	76.6847
2461	76.747
2462	76.8094
2463	76.8718
2464	76.9343
2465	76.9967
2466	77.0592
2467	77.1217
2468	77.1843
2469	77.2468
2470	77.3094
2471	77.372
2472	77.4346
2473	77.4973
2474	77.56
2475	77.6227
2476	77.6854
2477	77.7482
2478	77.811
2479	77.8738
2480	77.9367
2481	77.9995
2482	78.0624
2483	78.1253
2484	78.1883
2485	78.2512
2486	78.3142
2487	78.3772
2488	78.4403
2489	78.5034
2490	78.5664
2491	78.6296
2492	78.6927
2493	78.7559
2494	78.8191
2495	78.8823
2496	78.9455
2497	79.0088
2498	79.0721
2499	79.1354
2500	79.1988
