Independent Variable - Plot	Dependent Variable - Plot
0	0
1	5.72E-09
2	2.29E-08
3	5.15E-08
4	9.16E-08
5	1.43E-07
6	2.06E-07
7	2.81E-07
8	3.66E-07
9	4.64E-07
10	5.72E-07
11	6.93E-07
12	8.24E-07
13	9.68E-07
14	1.12E-06
15	1.29E-06
16	1.47E-06
17	1.65E-06
18	1.85E-06
19	2.07E-06
20	2.29E-06
21	2.52E-06
22	2.77E-06
23	3.03E-06
24	3.30E-06
25	3.58E-06
26	3.87E-06
27	4.17E-06
28	4.49E-06
29	4.81E-06
30	5.15E-06
31	5.50E-06
32	5.86E-06
33	6.23E-06
34	6.62E-06
35	7.01E-06
36	7.42E-06
37	7.84E-06
38	8.27E-06
39	8.71E-06
40	9.16E-06
41	9.62E-06
42	1.01E-05
43	1.06E-05
44	1.11E-05
45	1.16E-05
46	1.21E-05
47	1.26E-05
48	1.32E-05
49	1.37E-05
50	1.43E-05
51	1.49E-05
52	1.55E-05
53	1.61E-05
54	1.67E-05
55	1.73E-05
56	1.80E-05
57	1.86E-05
58	1.93E-05
59	1.99E-05
60	2.06E-05
61	2.13E-05
62	2.20E-05
63	2.27E-05
64	2.34E-05
65	2.42E-05
66	2.49E-05
67	2.57E-05
68	2.65E-05
69	2.73E-05
70	2.81E-05
71	2.89E-05
72	2.97E-05
73	3.05E-05
74	3.13E-05
75	3.22E-05
76	3.31E-05
77	3.39E-05
78	3.48E-05
79	3.57E-05
80	3.66E-05
81	3.76E-05
82	3.85E-05
83	3.94E-05
84	4.04E-05
85	4.14E-05
86	4.23E-05
87	4.33E-05
88	4.43E-05
89	4.53E-05
90	4.64E-05
91	4.74E-05
92	4.85E-05
93	4.95E-05
94	5.06E-05
95	5.17E-05
96	5.28E-05
97	5.39E-05
98	5.50E-05
99	5.61E-05
100	5.72E-05
101	5.84E-05
102	5.96E-05
103	6.07E-05
104	6.19E-05
105	6.31E-05
106	6.43E-05
107	6.55E-05
108	6.68E-05
109	6.80E-05
110	6.93E-05
111	7.05E-05
112	7.18E-05
113	7.31E-05
114	7.44E-05
115	7.57E-05
116	7.70E-05
117	7.84E-05
118	7.97E-05
119	8.11E-05
120	8.24E-05
121	8.38E-05
122	8.52E-05
123	8.66E-05
124	8.80E-05
125	8.95E-05
126	9.09E-05
127	9.23E-05
128	9.38E-05
129	9.53E-05
130	9.68E-05
131	9.82E-05
132	9.98E-05
133	0.000101268
134	0.000102797
135	0.000104337
136	0.000105888
137	0.000107451
138	0.000109026
139	0.000110611
140	0.000112209
141	0.000113817
142	0.000115437
143	0.000117069
144	0.000118712
145	0.000120367
146	0.000122033
147	0.00012371
148	0.000125399
149	0.000127099
150	0.000128811
151	0.000130534
152	0.000132269
153	0.000134015
154	0.000135772
155	0.000137541
156	0.000139322
157	0.000141114
158	0.000142917
159	0.000144732
160	0.000146558
161	0.000148396
162	0.000150245
163	0.000152106
164	0.000153978
165	0.000155861
166	0.000157756
167	0.000159663
168	0.00016158
169	0.00016351
170	0.00016545
171	0.000167403
172	0.000169366
173	0.000171341
174	0.000173328
175	0.000175326
176	0.000177335
177	0.000179356
178	0.000181389
179	0.000183432
180	0.000185488
181	0.000187554
182	0.000189633
183	0.000191722
184	0.000193823
185	0.000195936
186	0.00019806
187	0.000200195
188	0.000202342
189	0.0002045
190	0.00020667
191	0.000208851
192	0.000211044
193	0.000213248
194	0.000215463
195	0.00021769
196	0.000219929
197	0.000222179
198	0.00022444
199	0.000226713
200	0.000228997
201	0.000231293
202	0.0002336
203	0.000235919
204	0.000238249
205	0.00024059
206	0.000242943
207	0.000245307
208	0.000247683
209	0.000250071
210	0.000252469
211	0.00025488
212	0.000257301
213	0.000259734
214	0.000262179
215	0.000264635
216	0.000267102
217	0.000269581
218	0.000272072
219	0.000274573
220	0.000277087
221	0.000279611
222	0.000282147
223	0.000284695
224	0.000287254
225	0.000289825
226	0.000292406
227	0.000295
228	0.000297605
229	0.000300221
230	0.000302849
231	0.000305488
232	0.000308139
233	0.000310801
234	0.000313474
235	0.000316159
236	0.000318856
237	0.000321564
238	0.000324283
239	0.000327014
240	0.000329756
241	0.00033251
242	0.000335275
243	0.000338051
244	0.000340839
245	0.000343639
246	0.00034645
247	0.000349272
248	0.000352106
249	0.000354951
250	0.000357808
251	0.000360676
252	0.000363556
253	0.000366447
254	0.00036935
255	0.000372264
256	0.000375189
257	0.000378126
258	0.000381074
259	0.000384034
260	0.000387005
261	0.000389988
262	0.000392982
263	0.000395988
264	0.000399005
265	0.000402033
266	0.000405073
267	0.000408124
268	0.000411187
269	0.000414262
270	0.000417347
271	0.000420445
272	0.000423553
273	0.000426673
274	0.000429805
275	0.000432948
276	0.000436102
277	0.000439268
278	0.000442445
279	0.000445634
280	0.000448834
281	0.000452046
282	0.000455269
283	0.000458504
284	0.00046175
285	0.000465007
286	0.000468276
287	0.000471557
288	0.000474849
289	0.000478152
290	0.000481467
291	0.000484793
292	0.00048813
293	0.000491479
294	0.00049484
295	0.000498212
296	0.000501595
297	0.00050499
298	0.000508397
299	0.000511814
300	0.000515244
301	0.000518684
302	0.000522136
303	0.0005256
304	0.000529075
305	0.000532562
306	0.000536059
307	0.000539569
308	0.00054309
309	0.000546622
310	0.000550166
311	0.000553721
312	0.000557288
313	0.000560866
314	0.000564455
315	0.000568056
316	0.000571669
317	0.000575292
318	0.000578928
319	0.000582575
320	0.000586233
321	0.000589902
322	0.000593584
323	0.000597276
324	0.00060098
325	0.000604696
326	0.000608423
327	0.000612161
328	0.000615911
329	0.000619672
330	0.000623445
331	0.000627229
332	0.000631025
333	0.000634832
334	0.00063865
335	0.00064248
336	0.000646322
337	0.000650174
338	0.000654039
339	0.000657915
340	0.000661802
341	0.0006657
342	0.000669611
343	0.000673532
344	0.000677465
345	0.00068141
346	0.000685366
347	0.000689333
348	0.000693312
349	0.000697302
350	0.000701304
351	0.000705317
352	0.000709342
353	0.000713378
354	0.000717425
355	0.000721484
356	0.000725555
357	0.000729636
358	0.00073373
359	0.000737835
360	0.000741951
361	0.000746078
362	0.000750218
363	0.000754368
364	0.00075853
365	0.000762704
366	0.000766889
367	0.000771085
368	0.000775293
369	0.000779512
370	0.000783743
371	0.000787985
372	0.000792239
373	0.000796504
374	0.00080078
375	0.000805068
376	0.000809368
377	0.000813678
378	0.000818001
379	0.000822335
380	0.00082668
381	0.000831036
382	0.000835405
383	0.000839784
384	0.000844175
385	0.000848578
386	0.000852992
387	0.000857417
388	0.000861854
389	0.000866302
390	0.000870762
391	0.000875233
392	0.000879716
393	0.00088421
394	0.000888715
395	0.000893232
396	0.00089776
397	0.0009023
398	0.000906852
399	0.000911414
400	0.000915989
401	0.000920574
402	0.000925171
403	0.00092978
404	0.0009344
405	0.000939032
406	0.000943674
407	0.000948329
408	0.000952995
409	0.000957672
410	0.000962361
411	0.000967061
412	0.000971772
413	0.000976495
414	0.00098123
415	0.000985976
416	0.000990733
417	0.000995502
418	0.00100028
419	0.00100507
420	0.00100988
421	0.00101469
422	0.00101952
423	0.00102436
424	0.0010292
425	0.00103407
426	0.00103894
427	0.00104382
428	0.00104872
429	0.00105362
430	0.00105854
431	0.00106347
432	0.00106841
433	0.00107336
434	0.00107832
435	0.0010833
436	0.00108829
437	0.00109328
438	0.00109829
439	0.00110331
440	0.00110835
441	0.00111339
442	0.00111845
443	0.00112351
444	0.00112859
445	0.00113368
446	0.00113878
447	0.00114389
448	0.00114902
449	0.00115415
450	0.0011593
451	0.00116446
452	0.00116963
453	0.00117481
454	0.00118
455	0.0011852
456	0.00119042
457	0.00119565
458	0.00120088
459	0.00120613
460	0.0012114
461	0.00121667
462	0.00122195
463	0.00122725
464	0.00123255
465	0.00123787
466	0.0012432
467	0.00124854
468	0.0012539
469	0.00125926
470	0.00126464
471	0.00127002
472	0.00127542
473	0.00128083
474	0.00128625
475	0.00129169
476	0.00129713
477	0.00130259
478	0.00130805
479	0.00131353
480	0.00131902
481	0.00132453
482	0.00133004
483	0.00133556
484	0.0013411
485	0.00134665
486	0.00135221
487	0.00135778
488	0.00136336
489	0.00136895
490	0.00137456
491	0.00138017
492	0.0013858
493	0.00139144
494	0.00139709
495	0.00140275
496	0.00140842
497	0.00141411
498	0.00141981
499	0.00142551
500	0.00143123
501	0.00143696
502	0.00144271
503	0.00144846
504	0.00145422
505	0.00146
506	0.00146579
507	0.00147159
508	0.0014774
509	0.00148322
510	0.00148905
511	0.0014949
512	0.00150076
513	0.00150662
514	0.0015125
515	0.00151839
516	0.0015243
517	0.00153021
518	0.00153614
519	0.00154207
520	0.00154802
521	0.00155398
522	0.00155995
523	0.00156593
524	0.00157193
525	0.00157793
526	0.00158395
527	0.00158998
528	0.00159602
529	0.00160207
530	0.00160813
531	0.00161421
532	0.00162029
533	0.00162639
534	0.0016325
535	0.00163862
536	0.00164475
537	0.00165089
538	0.00165705
539	0.00166321
540	0.00166939
541	0.00167558
542	0.00168178
543	0.00168799
544	0.00169421
545	0.00170045
546	0.00170669
547	0.00171295
548	0.00171922
549	0.0017255
550	0.00173179
551	0.00173809
552	0.00174441
553	0.00175073
554	0.00175707
555	0.00176342
556	0.00176978
557	0.00177615
558	0.00178254
559	0.00178893
560	0.00179534
561	0.00180176
562	0.00180818
563	0.00181463
564	0.00182108
565	0.00182754
566	0.00183402
567	0.0018405
568	0.001847
569	0.00185351
570	0.00186003
571	0.00186656
572	0.00187311
573	0.00187966
574	0.00188623
575	0.0018928
576	0.00189939
577	0.00190599
578	0.00191261
579	0.00191923
580	0.00192587
581	0.00193251
582	0.00193917
583	0.00194584
584	0.00195252
585	0.00195921
586	0.00196592
587	0.00197263
588	0.00197936
589	0.0019861
590	0.00199285
591	0.00199961
592	0.00200638
593	0.00201317
594	0.00201996
595	0.00202677
596	0.00203359
597	0.00204042
598	0.00204726
599	0.00205411
600	0.00206097
601	0.00206785
602	0.00207474
603	0.00208164
604	0.00208855
605	0.00209547
606	0.0021024
607	0.00210934
608	0.0021163
609	0.00212327
610	0.00213025
611	0.00213724
612	0.00214424
613	0.00215125
614	0.00215828
615	0.00216531
616	0.00217236
617	0.00217942
618	0.00218649
619	0.00219357
620	0.00220066
621	0.00220777
622	0.00221488
623	0.00222201
624	0.00222915
625	0.0022363
626	0.00224346
627	0.00225064
628	0.00225782
629	0.00226502
630	0.00227222
631	0.00227944
632	0.00228667
633	0.00229392
634	0.00230117
635	0.00230843
636	0.00231571
637	0.002323
638	0.0023303
639	0.00233761
640	0.00234493
641	0.00235226
642	0.00235961
643	0.00236697
644	0.00237433
645	0.00238171
646	0.0023891
647	0.00239651
648	0.00240392
649	0.00241135
650	0.00241878
651	0.00242623
652	0.00243369
653	0.00244116
654	0.00244864
655	0.00245614
656	0.00246364
657	0.00247116
658	0.00247869
659	0.00248623
660	0.00249378
661	0.00250134
662	0.00250892
663	0.0025165
664	0.0025241
665	0.00253171
666	0.00253933
667	0.00254696
668	0.0025546
669	0.00256226
670	0.00256992
671	0.0025776
672	0.00258529
673	0.00259299
674	0.0026007
675	0.00260842
676	0.00261616
677	0.0026239
678	0.00263166
679	0.00263943
680	0.00264721
681	0.002655
682	0.0026628
683	0.00267062
684	0.00267844
685	0.00268628
686	0.00269413
687	0.00270199
688	0.00270986
689	0.00271774
690	0.00272564
691	0.00273354
692	0.00274146
693	0.00274939
694	0.00275733
695	0.00276528
696	0.00277325
697	0.00278122
698	0.00278921
699	0.00279721
700	0.00280522
701	0.00281324
702	0.00282127
703	0.00282931
704	0.00283737
705	0.00284543
706	0.00285351
707	0.0028616
708	0.0028697
709	0.00287781
710	0.00288594
711	0.00289407
712	0.00290222
713	0.00291038
714	0.00291855
715	0.00292673
716	0.00293492
717	0.00294312
718	0.00295134
719	0.00295957
720	0.0029678
721	0.00297605
722	0.00298431
723	0.00299259
724	0.00300087
725	0.00300917
726	0.00301747
727	0.00302579
728	0.00303412
729	0.00304246
730	0.00305081
731	0.00305918
732	0.00306755
733	0.00307594
734	0.00308434
735	0.00309275
736	0.00310117
737	0.0031096
738	0.00311805
739	0.0031265
740	0.00313497
741	0.00314345
742	0.00315194
743	0.00316044
744	0.00316895
745	0.00317748
746	0.00318601
747	0.00319456
748	0.00320312
749	0.00321169
750	0.00322027
751	0.00322887
752	0.00323747
753	0.00324609
754	0.00325471
755	0.00326335
756	0.003272
757	0.00328066
758	0.00328934
759	0.00329802
760	0.00330672
761	0.00331543
762	0.00332415
763	0.00333288
764	0.00334162
765	0.00335037
766	0.00335914
767	0.00336791
768	0.0033767
769	0.0033855
770	0.00339431
771	0.00340313
772	0.00341197
773	0.00342081
774	0.00342967
775	0.00343854
776	0.00344741
777	0.00345631
778	0.00346521
779	0.00347412
780	0.00348305
781	0.00349198
782	0.00350093
783	0.00350989
784	0.00351886
785	0.00352784
786	0.00353684
787	0.00354584
788	0.00355486
789	0.00356389
790	0.00357293
791	0.00358198
792	0.00359104
793	0.00360012
794	0.0036092
795	0.0036183
796	0.00362741
797	0.00363653
798	0.00364566
799	0.0036548
800	0.00366395
801	0.00367312
802	0.0036823
803	0.00369149
804	0.00370069
805	0.0037099
806	0.00371912
807	0.00372835
808	0.0037376
809	0.00374686
810	0.00375613
811	0.00376541
812	0.0037747
813	0.003784
814	0.00379332
815	0.00380264
816	0.00381198
817	0.00382133
818	0.00383069
819	0.00384006
820	0.00384944
821	0.00385884
822	0.00386824
823	0.00387766
824	0.00388709
825	0.00389653
826	0.00390598
827	0.00391545
828	0.00392492
829	0.00393441
830	0.0039439
831	0.00395341
832	0.00396293
833	0.00397247
834	0.00398201
835	0.00399156
836	0.00400113
837	0.00401071
838	0.0040203
839	0.0040299
840	0.00403951
841	0.00404913
842	0.00405877
843	0.00406842
844	0.00407807
845	0.00408774
846	0.00409742
847	0.00410712
848	0.00411682
849	0.00412653
850	0.00413626
851	0.004146
852	0.00415575
853	0.00416551
854	0.00417528
855	0.00418507
856	0.00419486
857	0.00420467
858	0.00421449
859	0.00422432
860	0.00423416
861	0.00424401
862	0.00425387
863	0.00426375
864	0.00427364
865	0.00428354
866	0.00429344
867	0.00430337
868	0.0043133
869	0.00432324
870	0.0043332
871	0.00434317
872	0.00435314
873	0.00436313
874	0.00437314
875	0.00438315
876	0.00439317
877	0.00440321
878	0.00441326
879	0.00442332
880	0.00443339
881	0.00444347
882	0.00445356
883	0.00446366
884	0.00447378
885	0.00448391
886	0.00449405
887	0.0045042
888	0.00451436
889	0.00452453
890	0.00453472
891	0.00454491
892	0.00455512
893	0.00456534
894	0.00457557
895	0.00458581
896	0.00459606
897	0.00460633
898	0.00461661
899	0.00462689
900	0.00463719
901	0.0046475
902	0.00465783
903	0.00466816
904	0.0046785
905	0.00468886
906	0.00469923
907	0.00470961
908	0.00472
909	0.0047304
910	0.00474081
911	0.00475124
912	0.00476168
913	0.00477212
914	0.00478258
915	0.00479305
916	0.00480354
917	0.00481403
918	0.00482454
919	0.00483505
920	0.00484558
921	0.00485612
922	0.00486667
923	0.00487723
924	0.00488781
925	0.00489839
926	0.00490899
927	0.0049196
928	0.00493022
929	0.00494085
930	0.00495149
931	0.00496215
932	0.00497281
933	0.00498349
934	0.00499418
935	0.00500488
936	0.00501559
937	0.00502631
938	0.00503704
939	0.00504779
940	0.00505855
941	0.00506932
942	0.0050801
943	0.00509089
944	0.00510169
945	0.0051125
946	0.00512333
947	0.00513417
948	0.00514502
949	0.00515588
950	0.00516675
951	0.00517763
952	0.00518853
953	0.00519943
954	0.00521035
955	0.00522128
956	0.00523222
957	0.00524317
958	0.00525413
959	0.00526511
960	0.00527609
961	0.00528709
962	0.0052981
963	0.00530912
964	0.00532015
965	0.0053312
966	0.00534225
967	0.00535332
968	0.0053644
969	0.00537549
970	0.00538659
971	0.0053977
972	0.00540882
973	0.00541996
974	0.0054311
975	0.00544226
976	0.00545343
977	0.00546461
978	0.0054758
979	0.00548701
980	0.00549822
981	0.00550945
982	0.00552069
983	0.00553194
984	0.0055432
985	0.00555447
986	0.00556575
987	0.00557705
988	0.00558836
989	0.00559967
990	0.005611
991	0.00562234
992	0.0056337
993	0.00564506
994	0.00565644
995	0.00566782
996	0.00567922
997	0.00569063
998	0.00570205
999	0.00571349
1000	0.00572493
1001	0.00573638
1002	0.00574785
1003	0.00575933
1004	0.00577082
1005	0.00578232
1006	0.00579383
1007	0.00580536
1008	0.00581689
1009	0.00582844
1010	0.00584
1011	0.00585157
1012	0.00586315
1013	0.00587474
1014	0.00588635
1015	0.00589797
1016	0.00590959
1017	0.00592123
1018	0.00593288
1019	0.00594454
1020	0.00595622
1021	0.0059679
1022	0.0059796
1023	0.0059913
1024	0.00600302
1025	0.00601475
1026	0.0060265
1027	0.00603825
1028	0.00605001
1029	0.00606179
1030	0.00607358
1031	0.00608538
1032	0.00609719
1033	0.00610901
1034	0.00612084
1035	0.00613269
1036	0.00614454
1037	0.00615641
1038	0.00616829
1039	0.00618018
1040	0.00619208
1041	0.006204
1042	0.00621592
1043	0.00622786
1044	0.00623981
1045	0.00625177
1046	0.00626374
1047	0.00627572
1048	0.00628771
1049	0.00629972
1050	0.00631173
1051	0.00632376
1052	0.0063358
1053	0.00634785
1054	0.00635992
1055	0.00637199
1056	0.00638407
1057	0.00639617
1058	0.00640828
1059	0.0064204
1060	0.00643253
1061	0.00644467
1062	0.00645683
1063	0.00646899
1064	0.00648117
1065	0.00649336
1066	0.00650556
1067	0.00651777
1068	0.00652999
1069	0.00654223
1070	0.00655447
1071	0.00656673
1072	0.006579
1073	0.00659128
1074	0.00660357
1075	0.00661587
1076	0.00662819
1077	0.00664051
1078	0.00665285
1079	0.0066652
1080	0.00667756
1081	0.00668993
1082	0.00670231
1083	0.00671471
1084	0.00672711
1085	0.00673953
1086	0.00675196
1087	0.0067644
1088	0.00677685
1089	0.00678931
1090	0.00680179
1091	0.00681427
1092	0.00682677
1093	0.00683928
1094	0.0068518
1095	0.00686433
1096	0.00687688
1097	0.00688943
1098	0.006902
1099	0.00691458
1100	0.00692716
1101	0.00693976
1102	0.00695238
1103	0.006965
1104	0.00697764
1105	0.00699028
1106	0.00700294
1107	0.00701561
1108	0.00702829
1109	0.00704098
1110	0.00705369
1111	0.0070664
1112	0.00707913
1113	0.00709186
1114	0.00710461
1115	0.00711738
1116	0.00713015
1117	0.00714293
1118	0.00715573
1119	0.00716853
1120	0.00718135
1121	0.00719418
1122	0.00720702
1123	0.00721987
1124	0.00723274
1125	0.00724561
1126	0.0072585
1127	0.0072714
1128	0.00728431
1129	0.00729723
1130	0.00731016
1131	0.00732311
1132	0.00733606
1133	0.00734903
1134	0.00736201
1135	0.007375
1136	0.007388
1137	0.00740101
1138	0.00741404
1139	0.00742707
1140	0.00744012
1141	0.00745318
1142	0.00746625
1143	0.00747933
1144	0.00749242
1145	0.00750553
1146	0.00751864
1147	0.00753177
1148	0.00754491
1149	0.00755806
1150	0.00757122
1151	0.00758439
1152	0.00759758
1153	0.00761077
1154	0.00762398
1155	0.0076372
1156	0.00765043
1157	0.00766367
1158	0.00767692
1159	0.00769019
1160	0.00770346
1161	0.00771675
1162	0.00773005
1163	0.00774336
1164	0.00775668
1165	0.00777002
1166	0.00778336
1167	0.00779672
1168	0.00781009
1169	0.00782346
1170	0.00783686
1171	0.00785026
1172	0.00786367
1173	0.0078771
1174	0.00789053
1175	0.00790398
1176	0.00791744
1177	0.00793091
1178	0.00794439
1179	0.00795789
1180	0.00797139
1181	0.00798491
1182	0.00799844
1183	0.00801198
1184	0.00802553
1185	0.00803909
1186	0.00805266
1187	0.00806625
1188	0.00807984
1189	0.00809345
1190	0.00810707
1191	0.0081207
1192	0.00813435
1193	0.008148
1194	0.00816167
1195	0.00817534
1196	0.00818903
1197	0.00820273
1198	0.00821644
1199	0.00823016
1200	0.0082439
1201	0.00825764
1202	0.0082714
1203	0.00828517
1204	0.00829895
1205	0.00831274
1206	0.00832654
1207	0.00834036
1208	0.00835418
1209	0.00836802
1210	0.00838187
1211	0.00839573
1212	0.0084096
1213	0.00842348
1214	0.00843738
1215	0.00845128
1216	0.0084652
1217	0.00847913
1218	0.00849307
1219	0.00850702
1220	0.00852098
1221	0.00853496
1222	0.00854895
1223	0.00856294
1224	0.00857695
1225	0.00859097
1226	0.008605
1227	0.00861905
1228	0.0086331
1229	0.00864717
1230	0.00866125
1231	0.00867533
1232	0.00868943
1233	0.00870355
1234	0.00871767
1235	0.00873181
1236	0.00874595
1237	0.00876011
1238	0.00877428
1239	0.00878846
1240	0.00880265
1241	0.00881685
1242	0.00883107
1243	0.0088453
1244	0.00885953
1245	0.00887378
1246	0.00888804
1247	0.00890232
1248	0.0089166
1249	0.0089309
1250	0.0089452
1251	0.00895952
1252	0.00897385
1253	0.00898819
1254	0.00900254
1255	0.00901691
1256	0.00903128
1257	0.00904567
1258	0.00906007
1259	0.00907448
1260	0.0090889
1261	0.00910333
1262	0.00911777
1263	0.00913223
1264	0.0091467
1265	0.00916117
1266	0.00917566
1267	0.00919017
1268	0.00920468
1269	0.0092192
1270	0.00923374
1271	0.00924829
1272	0.00926284
1273	0.00927741
1274	0.009292
1275	0.00930659
1276	0.00932119
1277	0.00933581
1278	0.00935044
1279	0.00936507
1280	0.00937972
1281	0.00939439
1282	0.00940906
1283	0.00942374
1284	0.00943844
1285	0.00945315
1286	0.00946786
1287	0.0094826
1288	0.00949734
1289	0.00951209
1290	0.00952685
1291	0.00954163
1292	0.00955642
1293	0.00957122
1294	0.00958603
1295	0.00960085
1296	0.00961568
1297	0.00963053
1298	0.00964538
1299	0.00966025
1300	0.00967513
1301	0.00969002
1302	0.00970492
1303	0.00971984
1304	0.00973476
1305	0.0097497
1306	0.00976465
1307	0.0097796
1308	0.00979458
1309	0.00980956
1310	0.00982455
1311	0.00983956
1312	0.00985457
1313	0.0098696
1314	0.00988464
1315	0.00989969
1316	0.00991475
1317	0.00992983
1318	0.00994491
1319	0.00996001
1320	0.00997512
1321	0.00999024
1322	0.0100054
1323	0.0100205
1324	0.0100357
1325	0.0100508
1326	0.010066
1327	0.0100812
1328	0.0100964
1329	0.0101116
1330	0.0101268
1331	0.0101421
1332	0.0101573
1333	0.0101726
1334	0.0101878
1335	0.0102031
1336	0.0102184
1337	0.0102337
1338	0.010249
1339	0.0102643
1340	0.0102797
1341	0.010295
1342	0.0103104
1343	0.0103258
1344	0.0103411
1345	0.0103565
1346	0.0103719
1347	0.0103874
1348	0.0104028
1349	0.0104182
1350	0.0104337
1351	0.0104491
1352	0.0104646
1353	0.0104801
1354	0.0104956
1355	0.0105111
1356	0.0105266
1357	0.0105422
1358	0.0105577
1359	0.0105733
1360	0.0105888
1361	0.0106044
1362	0.01062
1363	0.0106356
1364	0.0106512
1365	0.0106668
1366	0.0106825
1367	0.0106981
1368	0.0107138
1369	0.0107294
1370	0.0107451
1371	0.0107608
1372	0.0107765
1373	0.0107922
1374	0.010808
1375	0.0108237
1376	0.0108394
1377	0.0108552
1378	0.010871
1379	0.0108868
1380	0.0109026
1381	0.0109184
1382	0.0109342
1383	0.01095
1384	0.0109658
1385	0.0109817
1386	0.0109976
1387	0.0110134
1388	0.0110293
1389	0.0110452
1390	0.0110611
1391	0.0110771
1392	0.011093
1393	0.0111089
1394	0.0111249
1395	0.0111409
1396	0.0111568
1397	0.0111728
1398	0.0111888
1399	0.0112048
1400	0.0112209
1401	0.0112369
1402	0.0112529
1403	0.011269
1404	0.0112851
1405	0.0113012
1406	0.0113172
1407	0.0113334
1408	0.0113495
1409	0.0113656
1410	0.0113817
1411	0.0113979
1412	0.011414
1413	0.0114302
1414	0.0114464
1415	0.0114626
1416	0.0114788
1417	0.011495
1418	0.0115113
1419	0.0115275
1420	0.0115437
1421	0.01156
1422	0.0115763
1423	0.0115926
1424	0.0116089
1425	0.0116252
1426	0.0116415
1427	0.0116578
1428	0.0116742
1429	0.0116905
1430	0.0117069
1431	0.0117233
1432	0.0117397
1433	0.0117561
1434	0.0117725
1435	0.0117889
1436	0.0118054
1437	0.0118218
1438	0.0118383
1439	0.0118547
1440	0.0118712
1441	0.0118877
1442	0.0119042
1443	0.0119207
1444	0.0119373
1445	0.0119538
1446	0.0119703
1447	0.0119869
1448	0.0120035
1449	0.0120201
1450	0.0120367
1451	0.0120533
1452	0.0120699
1453	0.0120865
1454	0.0121032
1455	0.0121198
1456	0.0121365
1457	0.0121532
1458	0.0121698
1459	0.0121865
1460	0.0122033
1461	0.01222
1462	0.0122367
1463	0.0122535
1464	0.0122702
1465	0.012287
1466	0.0123038
1467	0.0123206
1468	0.0123374
1469	0.0123542
1470	0.012371
1471	0.0123878
1472	0.0124047
1473	0.0124215
1474	0.0124384
1475	0.0124553
1476	0.0124722
1477	0.0124891
1478	0.012506
1479	0.0125229
1480	0.0125399
1481	0.0125568
1482	0.0125738
1483	0.0125908
1484	0.0126078
1485	0.0126248
1486	0.0126418
1487	0.0126588
1488	0.0126758
1489	0.0126929
1490	0.0127099
1491	0.012727
1492	0.0127441
1493	0.0127611
1494	0.0127782
1495	0.0127954
1496	0.0128125
1497	0.0128296
1498	0.0128468
1499	0.0128639
1500	0.0128811
1501	0.0128983
1502	0.0129155
1503	0.0129327
1504	0.0129499
1505	0.0129671
1506	0.0129843
1507	0.0130016
1508	0.0130189
1509	0.0130361
1510	0.0130534
1511	0.0130707
1512	0.013088
1513	0.0131053
1514	0.0131227
1515	0.01314
1516	0.0131574
1517	0.0131747
1518	0.0131921
1519	0.0132095
1520	0.0132269
1521	0.0132443
1522	0.0132617
1523	0.0132791
1524	0.0132966
1525	0.013314
1526	0.0133315
1527	0.013349
1528	0.0133665
1529	0.013384
1530	0.0134015
1531	0.013419
1532	0.0134365
1533	0.0134541
1534	0.0134717
1535	0.0134892
1536	0.0135068
1537	0.0135244
1538	0.013542
1539	0.0135596
1540	0.0135772
1541	0.0135949
1542	0.0136125
1543	0.0136302
1544	0.0136479
1545	0.0136655
1546	0.0136832
1547	0.013701
1548	0.0137187
1549	0.0137364
1550	0.0137541
1551	0.0137719
1552	0.0137897
1553	0.0138074
1554	0.0138252
1555	0.013843
1556	0.0138608
1557	0.0138787
1558	0.0138965
1559	0.0139143
1560	0.0139322
1561	0.0139501
1562	0.0139679
1563	0.0139858
1564	0.0140037
1565	0.0140216
1566	0.0140396
1567	0.0140575
1568	0.0140754
1569	0.0140934
1570	0.0141114
1571	0.0141294
1572	0.0141474
1573	0.0141654
1574	0.0141834
1575	0.0142014
1576	0.0142194
1577	0.0142375
1578	0.0142556
1579	0.0142736
1580	0.0142917
1581	0.0143098
1582	0.0143279
1583	0.014346
1584	0.0143642
1585	0.0143823
1586	0.0144005
1587	0.0144186
1588	0.0144368
1589	0.014455
1590	0.0144732
1591	0.0144914
1592	0.0145096
1593	0.0145279
1594	0.0145461
1595	0.0145644
1596	0.0145826
1597	0.0146009
1598	0.0146192
1599	0.0146375
1600	0.0146558
1601	0.0146741
1602	0.0146925
1603	0.0147108
1604	0.0147292
1605	0.0147476
1606	0.0147659
1607	0.0147843
1608	0.0148027
1609	0.0148212
1610	0.0148396
1611	0.014858
1612	0.0148765
1613	0.0148949
1614	0.0149134
1615	0.0149319
1616	0.0149504
1617	0.0149689
1618	0.0149874
1619	0.015006
1620	0.0150245
1621	0.0150431
1622	0.0150616
1623	0.0150802
1624	0.0150988
1625	0.0151174
1626	0.015136
1627	0.0151546
1628	0.0151733
1629	0.0151919
1630	0.0152106
1631	0.0152292
1632	0.0152479
1633	0.0152666
1634	0.0152853
1635	0.015304
1636	0.0153228
1637	0.0153415
1638	0.0153602
1639	0.015379
1640	0.0153978
1641	0.0154166
1642	0.0154353
1643	0.0154542
1644	0.015473
1645	0.0154918
1646	0.0155106
1647	0.0155295
1648	0.0155484
1649	0.0155672
1650	0.0155861
1651	0.015605
1652	0.0156239
1653	0.0156428
1654	0.0156618
1655	0.0156807
1656	0.0156997
1657	0.0157186
1658	0.0157376
1659	0.0157566
1660	0.0157756
1661	0.0157946
1662	0.0158137
1663	0.0158327
1664	0.0158517
1665	0.0158708
1666	0.0158899
1667	0.0159089
1668	0.015928
1669	0.0159471
1670	0.0159663
1671	0.0159854
1672	0.0160045
1673	0.0160237
1674	0.0160428
1675	0.016062
1676	0.0160812
1677	0.0161004
1678	0.0161196
1679	0.0161388
1680	0.016158
1681	0.0161773
1682	0.0161965
1683	0.0162158
1684	0.0162351
1685	0.0162544
1686	0.0162737
1687	0.016293
1688	0.0163123
1689	0.0163316
1690	0.016351
1691	0.0163703
1692	0.0163897
1693	0.0164091
1694	0.0164285
1695	0.0164479
1696	0.0164673
1697	0.0164867
1698	0.0165061
1699	0.0165256
1700	0.016545
1701	0.0165645
1702	0.016584
1703	0.0166035
1704	0.016623
1705	0.0166425
1706	0.016662
1707	0.0166816
1708	0.0167011
1709	0.0167207
1710	0.0167403
1711	0.0167599
1712	0.0167794
1713	0.0167991
1714	0.0168187
1715	0.0168383
1716	0.0168579
1717	0.0168776
1718	0.0168973
1719	0.0169169
1720	0.0169366
1721	0.0169563
1722	0.016976
1723	0.0169958
1724	0.0170155
1725	0.0170352
1726	0.017055
1727	0.0170748
1728	0.0170945
1729	0.0171143
1730	0.0171341
1731	0.017154
1732	0.0171738
1733	0.0171936
1734	0.0172135
1735	0.0172333
1736	0.0172532
1737	0.0172731
1738	0.017293
1739	0.0173129
1740	0.0173328
1741	0.0173527
1742	0.0173727
1743	0.0173926
1744	0.0174126
1745	0.0174326
1746	0.0174525
1747	0.0174725
1748	0.0174925
1749	0.0175126
1750	0.0175326
1751	0.0175526
1752	0.0175727
1753	0.0175928
1754	0.0176128
1755	0.0176329
1756	0.017653
1757	0.0176731
1758	0.0176933
1759	0.0177134
1760	0.0177335
1761	0.0177537
1762	0.0177739
1763	0.017794
1764	0.0178142
1765	0.0178344
1766	0.0178547
1767	0.0178749
1768	0.0178951
1769	0.0179154
1770	0.0179356
1771	0.0179559
1772	0.0179762
1773	0.0179965
1774	0.0180168
1775	0.0180371
1776	0.0180574
1777	0.0180778
1778	0.0180981
1779	0.0181185
1780	0.0181389
1781	0.0181593
1782	0.0181796
1783	0.0182001
1784	0.0182205
1785	0.0182409
1786	0.0182614
1787	0.0182818
1788	0.0183023
1789	0.0183228
1790	0.0183432
1791	0.0183637
1792	0.0183843
1793	0.0184048
1794	0.0184253
1795	0.0184459
1796	0.0184664
1797	0.018487
1798	0.0185076
1799	0.0185282
1800	0.0185488
1801	0.0185694
1802	0.01859
1803	0.0186107
1804	0.0186313
1805	0.018652
1806	0.0186726
1807	0.0186933
1808	0.018714
1809	0.0187347
1810	0.0187554
1811	0.0187762
1812	0.0187969
1813	0.0188177
1814	0.0188384
1815	0.0188592
1816	0.01888
1817	0.0189008
1818	0.0189216
1819	0.0189424
1820	0.0189633
1821	0.0189841
1822	0.019005
1823	0.0190258
1824	0.0190467
1825	0.0190676
1826	0.0190885
1827	0.0191094
1828	0.0191303
1829	0.0191513
1830	0.0191722
1831	0.0191932
1832	0.0192141
1833	0.0192351
1834	0.0192561
1835	0.0192771
1836	0.0192981
1837	0.0193192
1838	0.0193402
1839	0.0193613
1840	0.0193823
1841	0.0194034
1842	0.0194245
1843	0.0194456
1844	0.0194667
1845	0.0194878
1846	0.0195089
1847	0.0195301
1848	0.0195512
1849	0.0195724
1850	0.0195936
1851	0.0196148
1852	0.019636
1853	0.0196572
1854	0.0196784
1855	0.0196996
1856	0.0197209
1857	0.0197421
1858	0.0197634
1859	0.0197847
1860	0.019806
1861	0.0198273
1862	0.0198486
1863	0.0198699
1864	0.0198912
1865	0.0199126
1866	0.019934
1867	0.0199553
1868	0.0199767
1869	0.0199981
1870	0.0200195
1871	0.0200409
1872	0.0200624
1873	0.0200838
1874	0.0201052
1875	0.0201267
1876	0.0201482
1877	0.0201697
1878	0.0201912
1879	0.0202127
1880	0.0202342
1881	0.0202557
1882	0.0202773
1883	0.0202988
1884	0.0203204
1885	0.020342
1886	0.0203636
1887	0.0203852
1888	0.0204068
1889	0.0204284
1890	0.02045
1891	0.0204717
1892	0.0204933
1893	0.020515
1894	0.0205367
1895	0.0205584
1896	0.0205801
1897	0.0206018
1898	0.0206235
1899	0.0206452
1900	0.020667
1901	0.0206888
1902	0.0207105
1903	0.0207323
1904	0.0207541
1905	0.0207759
1906	0.0207977
1907	0.0208196
1908	0.0208414
1909	0.0208633
1910	0.0208851
1911	0.020907
1912	0.0209289
1913	0.0209508
1914	0.0209727
1915	0.0209946
1916	0.0210165
1917	0.0210385
1918	0.0210604
1919	0.0210824
1920	0.0211044
1921	0.0211264
1922	0.0211484
1923	0.0211704
1924	0.0211924
1925	0.0212144
1926	0.0212365
1927	0.0212585
1928	0.0212806
1929	0.0213027
1930	0.0213248
1931	0.0213469
1932	0.021369
1933	0.0213911
1934	0.0214133
1935	0.0214354
1936	0.0214576
1937	0.0214798
1938	0.0215019
1939	0.0215241
1940	0.0215463
1941	0.0215686
1942	0.0215908
1943	0.021613
1944	0.0216353
1945	0.0216576
1946	0.0216798
1947	0.0217021
1948	0.0217244
1949	0.0217467
1950	0.021769
1951	0.0217914
1952	0.0218137
1953	0.0218361
1954	0.0218584
1955	0.0218808
1956	0.0219032
1957	0.0219256
1958	0.021948
1959	0.0219705
1960	0.0219929
1961	0.0220153
1962	0.0220378
1963	0.0220603
1964	0.0220827
1965	0.0221052
1966	0.0221277
1967	0.0221503
1968	0.0221728
1969	0.0221953
1970	0.0222179
1971	0.0222404
1972	0.022263
1973	0.0222856
1974	0.0223082
1975	0.0223308
1976	0.0223534
1977	0.0223761
1978	0.0223987
1979	0.0224213
1980	0.022444
1981	0.0224667
1982	0.0224894
1983	0.0225121
1984	0.0225348
1985	0.0225575
1986	0.0225802
1987	0.022603
1988	0.0226257
1989	0.0226485
1990	0.0226713
1991	0.0226941
1992	0.0227169
1993	0.0227397
1994	0.0227625
1995	0.0227854
1996	0.0228082
1997	0.0228311
1998	0.0228539
1999	0.0228768
2000	0.0228997
2001	0.0229226
2002	0.0229455
2003	0.0229685
2004	0.0229914
2005	0.0230144
2006	0.0230373
2007	0.0230603
2008	0.0230833
2009	0.0231063
2010	0.0231293
2011	0.0231523
2012	0.0231753
2013	0.0231984
2014	0.0232214
2015	0.0232445
2016	0.0232676
2017	0.0232907
2018	0.0233138
2019	0.0233369
2020	0.02336
2021	0.0233831
2022	0.0234063
2023	0.0234294
2024	0.0234526
2025	0.0234758
2026	0.023499
2027	0.0235222
2028	0.0235454
2029	0.0235686
2030	0.0235919
2031	0.0236151
2032	0.0236384
2033	0.0236616
2034	0.0236849
2035	0.0237082
2036	0.0237315
2037	0.0237548
2038	0.0237782
2039	0.0238015
2040	0.0238249
2041	0.0238482
2042	0.0238716
2043	0.023895
2044	0.0239184
2045	0.0239418
2046	0.0239652
2047	0.0239886
2048	0.0240121
2049	0.0240355
2050	0.024059
2051	0.0240825
2052	0.024106
2053	0.0241295
2054	0.024153
2055	0.0241765
2056	0.0242001
2057	0.0242236
2058	0.0242472
2059	0.0242707
2060	0.0242943
2061	0.0243179
2062	0.0243415
2063	0.0243651
2064	0.0243887
2065	0.0244124
2066	0.024436
2067	0.0244597
2068	0.0244834
2069	0.0245071
2070	0.0245307
2071	0.0245545
2072	0.0245782
2073	0.0246019
2074	0.0246256
2075	0.0246494
2076	0.0246732
2077	0.0246969
2078	0.0247207
2079	0.0247445
2080	0.0247683
2081	0.0247922
2082	0.024816
2083	0.0248398
2084	0.0248637
2085	0.0248876
2086	0.0249114
2087	0.0249353
2088	0.0249592
2089	0.0249831
2090	0.0250071
2091	0.025031
2092	0.0250549
2093	0.0250789
2094	0.0251029
2095	0.0251269
2096	0.0251509
2097	0.0251749
2098	0.0251989
2099	0.0252229
2100	0.0252469
2101	0.025271
2102	0.025295
2103	0.0253191
2104	0.0253432
2105	0.0253673
2106	0.0253914
2107	0.0254155
2108	0.0254397
2109	0.0254638
2110	0.025488
2111	0.0255121
2112	0.0255363
2113	0.0255605
2114	0.0255847
2115	0.0256089
2116	0.0256331
2117	0.0256574
2118	0.0256816
2119	0.0257059
2120	0.0257301
2121	0.0257544
2122	0.0257787
2123	0.025803
2124	0.0258273
2125	0.0258516
2126	0.025876
2127	0.0259003
2128	0.0259247
2129	0.025949
2130	0.0259734
2131	0.0259978
2132	0.0260222
2133	0.0260466
2134	0.0260711
2135	0.0260955
2136	0.02612
2137	0.0261444
2138	0.0261689
2139	0.0261934
2140	0.0262179
2141	0.0262424
2142	0.0262669
2143	0.0262914
2144	0.026316
2145	0.0263405
2146	0.0263651
2147	0.0263897
2148	0.0264143
2149	0.0264389
2150	0.0264635
2151	0.0264881
2152	0.0265127
2153	0.0265374
2154	0.026562
2155	0.0265867
2156	0.0266114
2157	0.0266361
2158	0.0266608
2159	0.0266855
2160	0.0267102
2161	0.026735
2162	0.0267597
2163	0.0267845
2164	0.0268092
2165	0.026834
2166	0.0268588
2167	0.0268836
2168	0.0269084
2169	0.0269333
2170	0.0269581
2171	0.026983
2172	0.0270078
2173	0.0270327
2174	0.0270576
2175	0.0270825
2176	0.0271074
2177	0.0271323
2178	0.0271573
2179	0.0271822
2180	0.0272072
2181	0.0272321
2182	0.0272571
2183	0.0272821
2184	0.0273071
2185	0.0273321
2186	0.0273571
2187	0.0273822
2188	0.0274072
2189	0.0274323
2190	0.0274573
2191	0.0274824
2192	0.0275075
2193	0.0275326
2194	0.0275577
2195	0.0275829
2196	0.027608
2197	0.0276331
2198	0.0276583
2199	0.0276835
2200	0.0277087
2201	0.0277339
2202	0.0277591
2203	0.0277843
2204	0.0278095
2205	0.0278347
2206	0.02786
2207	0.0278853
2208	0.0279105
2209	0.0279358
2210	0.0279611
2211	0.0279864
2212	0.0280118
2213	0.0280371
2214	0.0280624
2215	0.0280878
2216	0.0281132
2217	0.0281385
2218	0.0281639
2219	0.0281893
2220	0.0282147
2221	0.0282402
2222	0.0282656
2223	0.028291
2224	0.0283165
2225	0.028342
2226	0.0283675
2227	0.028393
2228	0.0284185
2229	0.028444
2230	0.0284695
2231	0.028495
2232	0.0285206
2233	0.0285462
2234	0.0285717
2235	0.0285973
2236	0.0286229
2237	0.0286485
2238	0.0286741
2239	0.0286998
2240	0.0287254
2241	0.0287511
2242	0.0287767
2243	0.0288024
2244	0.0288281
2245	0.0288538
2246	0.0288795
2247	0.0289052
2248	0.028931
2249	0.0289567
2250	0.0289825
2251	0.0290082
2252	0.029034
2253	0.0290598
2254	0.0290856
2255	0.0291114
2256	0.0291372
2257	0.0291631
2258	0.0291889
2259	0.0292148
2260	0.0292406
2261	0.0292665
2262	0.0292924
2263	0.0293183
2264	0.0293442
2265	0.0293702
2266	0.0293961
2267	0.0294221
2268	0.029448
2269	0.029474
2270	0.0295
2271	0.029526
2272	0.029552
2273	0.029578
2274	0.029604
2275	0.0296301
2276	0.0296561
2277	0.0296822
2278	0.0297083
2279	0.0297344
2280	0.0297605
2281	0.0297866
2282	0.0298127
2283	0.0298388
2284	0.029865
2285	0.0298911
2286	0.0299173
2287	0.0299435
2288	0.0299697
2289	0.0299959
2290	0.0300221
2291	0.0300483
2292	0.0300746
2293	0.0301008
2294	0.0301271
2295	0.0301533
2296	0.0301796
2297	0.0302059
2298	0.0302322
2299	0.0302585
2300	0.0302849
2301	0.0303112
2302	0.0303376
2303	0.0303639
2304	0.0303903
2305	0.0304167
2306	0.0304431
2307	0.0304695
2308	0.0304959
2309	0.0305224
2310	0.0305488
2311	0.0305752
2312	0.0306017
2313	0.0306282
2314	0.0306547
2315	0.0306812
2316	0.0307077
2317	0.0307342
2318	0.0307608
2319	0.0307873
2320	0.0308139
2321	0.0308404
2322	0.030867
2323	0.0308936
2324	0.0309202
2325	0.0309468
2326	0.0309734
2327	0.0310001
2328	0.0310267
2329	0.0310534
2330	0.0310801
2331	0.0311068
2332	0.0311334
2333	0.0311602
2334	0.0311869
2335	0.0312136
2336	0.0312403
2337	0.0312671
2338	0.0312939
2339	0.0313206
2340	0.0313474
2341	0.0313742
2342	0.031401
2343	0.0314279
2344	0.0314547
2345	0.0314815
2346	0.0315084
2347	0.0315353
2348	0.0315621
2349	0.031589
2350	0.0316159
2351	0.0316428
2352	0.0316698
2353	0.0316967
2354	0.0317236
2355	0.0317506
2356	0.0317776
2357	0.0318046
2358	0.0318315
2359	0.0318585
2360	0.0318856
2361	0.0319126
2362	0.0319396
2363	0.0319667
2364	0.0319937
2365	0.0320208
2366	0.0320479
2367	0.032075
2368	0.0321021
2369	0.0321292
2370	0.0321564
2371	0.0321835
2372	0.0322106
2373	0.0322378
2374	0.032265
2375	0.0322922
2376	0.0323194
2377	0.0323466
2378	0.0323738
2379	0.032401
2380	0.0324283
2381	0.0324555
2382	0.0324828
2383	0.0325101
2384	0.0325374
2385	0.0325647
2386	0.032592
2387	0.0326193
2388	0.0326467
2389	0.032674
2390	0.0327014
2391	0.0327287
2392	0.0327561
2393	0.0327835
2394	0.0328109
2395	0.0328383
2396	0.0328658
2397	0.0328932
2398	0.0329207
2399	0.0329481
2400	0.0329756
2401	0.0330031
2402	0.0330306
2403	0.0330581
2404	0.0330856
2405	0.0331131
2406	0.0331407
2407	0.0331682
2408	0.0331958
2409	0.0332234
2410	0.033251
2411	0.0332786
2412	0.0333062
2413	0.0333338
2414	0.0333614
2415	0.0333891
2416	0.0334167
2417	0.0334444
2418	0.0334721
2419	0.0334998
2420	0.0335275
2421	0.0335552
2422	0.0335829
2423	0.0336107
2424	0.0336384
2425	0.0336662
2426	0.0336939
2427	0.0337217
2428	0.0337495
2429	0.0337773
2430	0.0338051
2431	0.033833
2432	0.0338608
2433	0.0338887
2434	0.0339165
2435	0.0339444
2436	0.0339723
2437	0.0340002
2438	0.0340281
2439	0.034056
2440	0.0340839
2441	0.0341119
2442	0.0341398
2443	0.0341678
2444	0.0341958
2445	0.0342238
2446	0.0342518
2447	0.0342798
2448	0.0343078
2449	0.0343358
2450	0.0343639
2451	0.0343919
2452	0.03442
2453	0.0344481
2454	0.0344762
2455	0.0345043
2456	0.0345324
2457	0.0345605
2458	0.0345887
2459	0.0346168
2460	0.034645
2461	0.0346732
2462	0.0347013
2463	0.0347295
2464	0.0347577
2465	0.034786
2466	0.0348142
2467	0.0348424
2468	0.0348707
2469	0.0348989
2470	0.0349272
2471	0.0349555
2472	0.0349838
2473	0.0350121
2474	0.0350404
2475	0.0350688
2476	0.0350971
2477	0.0351255
2478	0.0351538
2479	0.0351822
2480	0.0352106
2481	0.035239
2482	0.0352674
2483	0.0352958
2484	0.0353243
2485	0.0353527
2486	0.0353812
2487	0.0354097
2488	0.0354381
2489	0.0354666
2490	0.0354951
2491	0.0355236
2492	0.0355522
2493	0.0355807
2494	0.0356093
2495	0.0356378
2496	0.0356664
2497	0.035695
2498	0.0357236
2499	0.0357522
2500	0.0357808
