Independent Variable - Plot	Dependent Variable - Plot
0	0
1	6.87E-05
2	0.000274928
3	0.000618588
4	0.00109971
5	0.0017183
6	0.00247435
7	0.00336787
8	0.00439885
9	0.00556729
10	0.0068732
11	0.00831657
12	0.0098974
13	0.0116157
14	0.0134715
15	0.0154647
16	0.0175954
17	0.0198635
18	0.0222692
19	0.0248122
20	0.0274928
21	0.0303108
22	0.0332663
23	0.0363592
24	0.0395896
25	0.0429575
26	0.0464628
27	0.0501056
28	0.0538859
29	0.0578036
30	0.0618588
31	0.0660514
32	0.0703815
33	0.0748491
34	0.0794541
35	0.0841967
36	0.0890766
37	0.0940941
38	0.099249
39	0.104541
40	0.109971
41	0.115538
42	0.121243
43	0.127085
44	0.133065
45	0.139182
46	0.145437
47	0.151829
48	0.158358
49	0.165025
50	0.17183
51	0.178772
52	0.185851
53	0.193068
54	0.200422
55	0.207914
56	0.215543
57	0.22331
58	0.231214
59	0.239256
60	0.247435
61	0.255752
62	0.264206
63	0.272797
64	0.281526
65	0.290393
66	0.299396
67	0.308538
68	0.317817
69	0.327233
70	0.336787
71	0.346478
72	0.356306
73	0.366273
74	0.376376
75	0.386617
76	0.396996
77	0.407512
78	0.418165
79	0.428956
80	0.439885
81	0.45095
82	0.462154
83	0.473494
84	0.484973
85	0.496588
86	0.508342
87	0.520232
88	0.53226
89	0.544426
90	0.556729
91	0.569169
92	0.581747
93	0.594463
94	0.607316
95	0.620306
96	0.633434
97	0.646699
98	0.660102
99	0.673642
100	0.68732
101	0.701135
102	0.715087
103	0.729177
104	0.743405
105	0.75777
106	0.772272
107	0.786912
108	0.80169
109	0.816604
110	0.831657
111	0.846847
112	0.862174
113	0.877638
114	0.893241
115	0.90898
116	0.924857
117	0.940872
118	0.957024
119	0.973313
120	0.98974
121	1.0063
122	1.02301
123	1.03985
124	1.05682
125	1.07394
126	1.09119
127	1.10858
128	1.1261
129	1.14377
130	1.16157
131	1.17951
132	1.19759
133	1.2158
134	1.23415
135	1.25264
136	1.27127
137	1.29003
138	1.30893
139	1.32797
140	1.34715
141	1.36646
142	1.38591
143	1.4055
144	1.42523
145	1.44509
146	1.46509
147	1.48523
148	1.5055
149	1.52592
150	1.54647
151	1.56716
152	1.58798
153	1.60895
154	1.63005
155	1.65129
156	1.67266
157	1.69417
158	1.71582
159	1.73761
160	1.75954
161	1.7816
162	1.8038
163	1.82614
164	1.84861
165	1.87123
166	1.89398
167	1.91687
168	1.93989
169	1.96305
170	1.98635
171	2.00979
172	2.03337
173	2.05708
174	2.08093
175	2.10492
176	2.12904
177	2.1533
178	2.1777
179	2.20224
180	2.22692
181	2.25173
182	2.27668
183	2.30176
184	2.32699
185	2.35235
186	2.37785
187	2.40349
188	2.42926
189	2.45517
190	2.48122
191	2.50741
192	2.53374
193	2.5602
194	2.5868
195	2.61353
196	2.64041
197	2.66742
198	2.69457
199	2.72185
200	2.74928
201	2.77684
202	2.80454
203	2.83238
204	2.86035
205	2.88846
206	2.91671
207	2.9451
208	2.97362
209	3.00228
210	3.03108
211	3.06002
212	3.08909
213	3.1183
214	3.14765
215	3.17713
216	3.20676
217	3.23652
218	3.26642
219	3.29645
220	3.32663
221	3.35694
222	3.38739
223	3.41797
224	3.44869
225	3.47956
226	3.51055
227	3.54169
228	3.57296
229	3.60437
230	3.63592
231	3.66761
232	3.69943
233	3.73139
234	3.76349
235	3.79572
236	3.8281
237	3.86061
238	3.89325
239	3.92604
240	3.95896
241	3.99202
242	4.02522
243	4.05855
244	4.09203
245	4.12564
246	4.15938
247	4.19327
248	4.22729
249	4.26145
250	4.29575
251	4.33018
252	4.36475
253	4.39946
254	4.43431
255	4.4693
256	4.50442
257	4.53968
258	4.57507
259	4.61061
260	4.64628
261	4.68209
262	4.71804
263	4.75412
264	4.79034
265	4.8267
266	4.8632
267	4.89983
268	4.9366
269	4.97351
270	5.01056
271	5.04774
272	5.08507
273	5.12252
274	5.16012
275	5.19785
276	5.23573
277	5.27373
278	5.31188
279	5.35016
280	5.38859
281	5.42714
282	5.46584
283	5.50467
284	5.54365
285	5.58275
286	5.622
287	5.66138
288	5.7009
289	5.74056
290	5.78036
291	5.82029
292	5.86036
293	5.90057
294	5.94092
295	5.9814
296	6.02202
297	6.06278
298	6.10367
299	6.14471
300	6.18588
301	6.22718
302	6.26863
303	6.31021
304	6.35193
305	6.39379
306	6.43579
307	6.47792
308	6.52019
309	6.5626
310	6.60514
311	6.64782
312	6.69064
313	6.7336
314	6.7767
315	6.81993
316	6.8633
317	6.90681
318	6.95045
319	6.99423
320	7.03815
321	7.08221
322	7.1264
323	7.17074
324	7.21521
325	7.25981
326	7.30456
327	7.34944
328	7.39446
329	7.43962
330	7.48491
331	7.53034
332	7.57591
333	7.62162
334	7.66746
335	7.71344
336	7.75956
337	7.80582
338	7.85221
339	7.89875
340	7.94541
341	7.99222
342	8.03917
343	8.08625
344	8.13347
345	8.18082
346	8.22832
347	8.27595
348	8.32372
349	8.37162
350	8.41967
351	8.46785
352	8.51617
353	8.56462
354	8.61321
355	8.66195
356	8.71081
357	8.75982
358	8.80896
359	8.85824
360	8.90766
361	8.95722
362	9.00691
363	9.05674
364	9.10671
365	9.15682
366	9.20706
367	9.25744
368	9.30796
369	9.35861
370	9.40941
371	9.46034
372	9.5114
373	9.56261
374	9.61395
375	9.66543
376	9.71705
377	9.76881
378	9.8207
379	9.87273
380	9.9249
381	9.9772
382	10.0296
383	10.0822
384	10.1349
385	10.1878
386	10.2408
387	10.2939
388	10.3472
389	10.4006
390	10.4541
391	10.5078
392	10.5616
393	10.6156
394	10.6697
395	10.7239
396	10.7783
397	10.8328
398	10.8874
399	10.9422
400	10.9971
401	11.0522
402	11.1074
403	11.1627
404	11.2182
405	11.2738
406	11.3295
407	11.3854
408	11.4414
409	11.4976
410	11.5538
411	11.6103
412	11.6668
413	11.7235
414	11.7804
415	11.8374
416	11.8945
417	11.9517
418	12.0091
419	12.0667
420	12.1243
421	12.1821
422	12.2401
423	12.2981
424	12.3564
425	12.4147
426	12.4732
427	12.5318
428	12.5906
429	12.6495
430	12.7085
431	12.7677
432	12.827
433	12.8865
434	12.9461
435	13.0058
436	13.0657
437	13.1257
438	13.1858
439	13.2461
440	13.3065
441	13.3671
442	13.4278
443	13.4886
444	13.5495
445	13.6106
446	13.6719
447	13.7333
448	13.7948
449	13.8564
450	13.9182
451	13.9801
452	14.0422
453	14.1044
454	14.1668
455	14.2292
456	14.2918
457	14.3546
458	14.4175
459	14.4805
460	14.5437
461	14.607
462	14.6704
463	14.734
464	14.7977
465	14.8616
466	14.9256
467	14.9897
468	15.0539
469	15.1184
470	15.1829
471	15.2476
472	15.3124
473	15.3773
474	15.4424
475	15.5076
476	15.573
477	15.6385
478	15.7042
479	15.7699
480	15.8358
481	15.9019
482	15.9681
483	16.0344
484	16.1009
485	16.1675
486	16.2342
487	16.3011
488	16.3681
489	16.4353
490	16.5025
491	16.57
492	16.6375
493	16.7052
494	16.7731
495	16.841
496	16.9092
497	16.9774
498	17.0458
499	17.1143
500	17.183
501	17.2518
502	17.3207
503	17.3898
504	17.459
505	17.5284
506	17.5979
507	17.6675
508	17.7372
509	17.8071
510	17.8772
511	17.9474
512	18.0177
513	18.0881
514	18.1587
515	18.2294
516	18.3003
517	18.3713
518	18.4424
519	18.5137
520	18.5851
521	18.6567
522	18.7284
523	18.8002
524	18.8721
525	18.9442
526	19.0165
527	19.0889
528	19.1614
529	19.234
530	19.3068
531	19.3797
532	19.4528
533	19.526
534	19.5993
535	19.6728
536	19.7464
537	19.8202
538	19.8941
539	19.9681
540	20.0422
541	20.1165
542	20.191
543	20.2656
544	20.3403
545	20.4151
546	20.4901
547	20.5652
548	20.6405
549	20.7159
550	20.7914
551	20.8671
552	20.9429
553	21.0189
554	21.0949
555	21.1712
556	21.2475
557	21.324
558	21.4007
559	21.4774
560	21.5543
561	21.6314
562	21.7086
563	21.7859
564	21.8634
565	21.941
566	22.0187
567	22.0966
568	22.1746
569	22.2527
570	22.331
571	22.4094
572	22.488
573	22.5667
574	22.6455
575	22.7245
576	22.8036
577	22.8829
578	22.9622
579	23.0418
580	23.1214
581	23.2012
582	23.2812
583	23.3612
584	23.4414
585	23.5218
586	23.6023
587	23.6829
588	23.7637
589	23.8446
590	23.9256
591	24.0068
592	24.0881
593	24.1695
594	24.2511
595	24.3328
596	24.4147
597	24.4967
598	24.5788
599	24.6611
600	24.7435
601	24.8261
602	24.9087
603	24.9916
604	25.0745
605	25.1576
606	25.2409
607	25.3242
608	25.4077
609	25.4914
610	25.5752
611	25.6591
612	25.7431
613	25.8273
614	25.9117
615	25.9961
616	26.0808
617	26.1655
618	26.2504
619	26.3354
620	26.4206
621	26.5059
622	26.5913
623	26.6769
624	26.7626
625	26.8484
626	26.9344
627	27.0205
628	27.1068
629	27.1932
630	27.2797
631	27.3664
632	27.4532
633	27.5401
634	27.6272
635	27.7144
636	27.8018
637	27.8893
638	27.9769
639	28.0647
640	28.1526
641	28.2407
642	28.3288
643	28.4172
644	28.5056
645	28.5942
646	28.6829
647	28.7718
648	28.8608
649	28.95
650	29.0393
651	29.1287
652	29.2182
653	29.3079
654	29.3978
655	29.4877
656	29.5778
657	29.6681
658	29.7585
659	29.849
660	29.9396
661	30.0304
662	30.1214
663	30.2124
664	30.3036
665	30.395
666	30.4865
667	30.5781
668	30.6699
669	30.7617
670	30.8538
671	30.9459
672	31.0383
673	31.1307
674	31.2233
675	31.316
676	31.4089
677	31.5019
678	31.595
679	31.6883
680	31.7817
681	31.8752
682	31.9689
683	32.0627
684	32.1567
685	32.2508
686	32.345
687	32.4394
688	32.5339
689	32.6285
690	32.7233
691	32.8182
692	32.9133
693	33.0085
694	33.1038
695	33.1993
696	33.2949
697	33.3906
698	33.4865
699	33.5825
700	33.6787
701	33.775
702	33.8714
703	33.968
704	34.0647
705	34.1615
706	34.2585
707	34.3556
708	34.4529
709	34.5503
710	34.6478
711	34.7455
712	34.8433
713	34.9412
714	35.0393
715	35.1375
716	35.2359
717	35.3343
718	35.433
719	35.5317
720	35.6306
721	35.7297
722	35.8289
723	35.9282
724	36.0276
725	36.1272
726	36.227
727	36.3268
728	36.4268
729	36.527
730	36.6273
731	36.7277
732	36.8282
733	36.9289
734	37.0298
735	37.1307
736	37.2318
737	37.3331
738	37.4345
739	37.536
740	37.6376
741	37.7394
742	37.8413
743	37.9434
744	38.0456
745	38.148
746	38.2504
747	38.3531
748	38.4558
749	38.5587
750	38.6617
751	38.7649
752	38.8682
753	38.9716
754	39.0752
755	39.1789
756	39.2828
757	39.3868
758	39.4909
759	39.5952
760	39.6996
761	39.8041
762	39.9088
763	40.0136
764	40.1186
765	40.2237
766	40.3289
767	40.4343
768	40.5398
769	40.6454
770	40.7512
771	40.8571
772	40.9631
773	41.0693
774	41.1757
775	41.2821
776	41.3887
777	41.4955
778	41.6024
779	41.7094
780	41.8165
781	41.9238
782	42.0312
783	42.1388
784	42.2465
785	42.3544
786	42.4623
787	42.5704
788	42.6787
789	42.7871
790	42.8956
791	43.0043
792	43.1131
793	43.222
794	43.3311
795	43.4403
796	43.5497
797	43.6592
798	43.7688
799	43.8786
800	43.9885
801	44.0985
802	44.2087
803	44.319
804	44.4294
805	44.54
806	44.6508
807	44.7616
808	44.8726
809	44.9838
810	45.095
811	45.2065
812	45.318
813	45.4297
814	45.5415
815	45.6535
816	45.7656
817	45.8778
818	45.9902
819	46.1027
820	46.2154
821	46.3282
822	46.4411
823	46.5542
824	46.6674
825	46.7807
826	46.8942
827	47.0078
828	47.1215
829	47.2354
830	47.3494
831	47.4636
832	47.5779
833	47.6924
834	47.8069
835	47.9216
836	48.0365
837	48.1515
838	48.2666
839	48.3819
840	48.4973
841	48.6128
842	48.7285
843	48.8443
844	48.9603
845	49.0763
846	49.1926
847	49.3089
848	49.4254
849	49.5421
850	49.6588
851	49.7758
852	49.8928
853	50.01
854	50.1273
855	50.2448
856	50.3624
857	50.4801
858	50.598
859	50.716
860	50.8342
861	50.9524
862	51.0709
863	51.1894
864	51.3081
865	51.427
866	51.5459
867	51.6651
868	51.7843
869	51.9037
870	52.0232
871	52.1429
872	52.2627
873	52.3826
874	52.5027
875	52.6229
876	52.7433
877	52.8637
878	52.9844
879	53.1051
880	53.226
881	53.3471
882	53.4682
883	53.5896
884	53.711
885	53.8326
886	53.9543
887	54.0762
888	54.1982
889	54.3203
890	54.4426
891	54.565
892	54.6875
893	54.8102
894	54.9331
895	55.056
896	55.1791
897	55.3024
898	55.4257
899	55.5492
900	55.6729
901	55.7967
902	55.9206
903	56.0447
904	56.1689
905	56.2932
906	56.4177
907	56.5423
908	56.667
909	56.7919
910	56.9169
911	57.0421
912	57.1674
913	57.2928
914	57.4184
915	57.5441
916	57.67
917	57.796
918	57.9221
919	58.0483
920	58.1747
921	58.3013
922	58.4279
923	58.5548
924	58.6817
925	58.8088
926	58.936
927	59.0634
928	59.1909
929	59.3185
930	59.4463
931	59.5742
932	59.7022
933	59.8304
934	59.9587
935	60.0872
936	60.2158
937	60.3445
938	60.4734
939	60.6024
940	60.7316
941	60.8608
942	60.9903
943	61.1198
944	61.2495
945	61.3794
946	61.5093
947	61.6394
948	61.7697
949	61.9001
950	62.0306
951	62.1613
952	62.2921
953	62.423
954	62.5541
955	62.6853
956	62.8166
957	62.9481
958	63.0797
959	63.2115
960	63.3434
961	63.4754
962	63.6076
963	63.7399
964	63.8723
965	64.0049
966	64.1376
967	64.2705
968	64.4035
969	64.5366
970	64.6699
971	64.8033
972	64.9369
973	65.0705
974	65.2044
975	65.3383
976	65.4724
977	65.6067
978	65.741
979	65.8755
980	66.0102
981	66.145
982	66.2799
983	66.4149
984	66.5501
985	66.6855
986	66.8209
987	66.9565
988	67.0923
989	67.2282
990	67.3642
991	67.5004
992	67.6366
993	67.7731
994	67.9097
995	68.0464
996	68.1832
997	68.3202
998	68.4573
999	68.5946
1000	68.732
1001	68.8695
1002	69.0072
1003	69.145
1004	69.2829
1005	69.421
1006	69.5592
1007	69.6976
1008	69.8361
1009	69.9747
1010	70.1135
1011	70.2524
1012	70.3914
1013	70.5306
1014	70.6699
1015	70.8094
1016	70.949
1017	71.0887
1018	71.2286
1019	71.3686
1020	71.5087
1021	71.649
1022	71.7894
1023	71.93
1024	72.0707
1025	72.2115
1026	72.3525
1027	72.4936
1028	72.6348
1029	72.7762
1030	72.9177
1031	73.0594
1032	73.2012
1033	73.3431
1034	73.4852
1035	73.6274
1036	73.7697
1037	73.9122
1038	74.0548
1039	74.1976
1040	74.3405
1041	74.4835
1042	74.6267
1043	74.77
1044	74.9134
1045	75.057
1046	75.2007
1047	75.3446
1048	75.4886
1049	75.6327
1050	75.777
1051	75.9214
1052	76.0659
1053	76.2106
1054	76.3554
1055	76.5004
1056	76.6455
1057	76.7907
1058	76.9361
1059	77.0816
1060	77.2272
1061	77.373
1062	77.5189
1063	77.665
1064	77.8112
1065	77.9575
1066	78.104
1067	78.2506
1068	78.3973
1069	78.5442
1070	78.6912
1071	78.8384
1072	78.9857
1073	79.1331
1074	79.2807
1075	79.4284
1076	79.5762
1077	79.7242
1078	79.8723
1079	80.0206
1080	80.169
1081	80.3175
1082	80.4662
1083	80.615
1084	80.7639
1085	80.913
1086	81.0622
1087	81.2116
1088	81.361
1089	81.5107
1090	81.6604
1091	81.8103
1092	81.9604
1093	82.1106
1094	82.2609
1095	82.4113
1096	82.5619
1097	82.7127
1098	82.8635
1099	83.0145
1100	83.1657
1101	83.317
1102	83.4684
1103	83.6199
1104	83.7716
1105	83.9234
1106	84.0754
1107	84.2275
1108	84.3798
1109	84.5321
1110	84.6847
1111	84.8373
1112	84.9901
1113	85.143
1114	85.2961
1115	85.4493
1116	85.6026
1117	85.7561
1118	85.9097
1119	86.0635
1120	86.2174
1121	86.3714
1122	86.5256
1123	86.6799
1124	86.8343
1125	86.9889
1126	87.1436
1127	87.2985
1128	87.4534
1129	87.6086
1130	87.7638
1131	87.9192
1132	88.0748
1133	88.2305
1134	88.3863
1135	88.5422
1136	88.6983
1137	88.8545
1138	89.0109
1139	89.1674
1140	89.3241
1141	89.4808
1142	89.6378
1143	89.7948
1144	89.952
1145	90.1093
1146	90.2668
1147	90.4244
1148	90.5821
1149	90.74
1150	90.898
1151	91.0562
1152	91.2145
1153	91.3729
1154	91.5315
1155	91.6902
1156	91.849
1157	92.008
1158	92.1671
1159	92.3263
1160	92.4857
1161	92.6453
1162	92.8049
1163	92.9647
1164	93.1247
1165	93.2847
1166	93.445
1167	93.6053
1168	93.7658
1169	93.9264
1170	94.0872
1171	94.2481
1172	94.4091
1173	94.5703
1174	94.7316
1175	94.8931
1176	95.0547
1177	95.2164
1178	95.3782
1179	95.5402
1180	95.7024
1181	95.8647
1182	96.0271
1183	96.1896
1184	96.3523
1185	96.5151
1186	96.6781
1187	96.8412
1188	97.0044
1189	97.1678
1190	97.3313
1191	97.495
1192	97.6588
1193	97.8227
1194	97.9868
1195	98.151
1196	98.3153
1197	98.4798
1198	98.6444
1199	98.8091
1200	98.974
1201	99.1391
1202	99.3042
1203	99.4695
1204	99.635
1205	99.8005
1206	99.9662
1207	100.132
1208	100.298
1209	100.464
1210	100.63
1211	100.797
1212	100.963
1213	101.13
1214	101.297
1215	101.464
1216	101.631
1217	101.798
1218	101.966
1219	102.133
1220	102.301
1221	102.468
1222	102.636
1223	102.804
1224	102.973
1225	103.141
1226	103.309
1227	103.478
1228	103.647
1229	103.816
1230	103.985
1231	104.154
1232	104.323
1233	104.492
1234	104.662
1235	104.832
1236	105.002
1237	105.172
1238	105.342
1239	105.512
1240	105.682
1241	105.853
1242	106.023
1243	106.194
1244	106.365
1245	106.536
1246	106.707
1247	106.879
1248	107.05
1249	107.222
1250	107.394
1251	107.566
1252	107.738
1253	107.91
1254	108.082
1255	108.255
1256	108.427
1257	108.6
1258	108.773
1259	108.946
1260	109.119
1261	109.292
1262	109.466
1263	109.639
1264	109.813
1265	109.987
1266	110.161
1267	110.335
1268	110.509
1269	110.683
1270	110.858
1271	111.032
1272	111.207
1273	111.382
1274	111.557
1275	111.732
1276	111.908
1277	112.083
1278	112.259
1279	112.435
1280	112.61
1281	112.786
1282	112.963
1283	113.139
1284	113.315
1285	113.492
1286	113.669
1287	113.845
1288	114.022
1289	114.2
1290	114.377
1291	114.554
1292	114.732
1293	114.909
1294	115.087
1295	115.265
1296	115.443
1297	115.622
1298	115.8
1299	115.978
1300	116.157
1301	116.336
1302	116.515
1303	116.694
1304	116.873
1305	117.052
1306	117.232
1307	117.411
1308	117.591
1309	117.771
1310	117.951
1311	118.131
1312	118.311
1313	118.492
1314	118.672
1315	118.853
1316	119.034
1317	119.215
1318	119.396
1319	119.577
1320	119.759
1321	119.94
1322	120.122
1323	120.304
1324	120.485
1325	120.668
1326	120.85
1327	121.032
1328	121.215
1329	121.397
1330	121.58
1331	121.763
1332	121.946
1333	122.129
1334	122.312
1335	122.496
1336	122.679
1337	122.863
1338	123.047
1339	123.231
1340	123.415
1341	123.599
1342	123.784
1343	123.968
1344	124.153
1345	124.338
1346	124.523
1347	124.708
1348	124.893
1349	125.078
1350	125.264
1351	125.45
1352	125.635
1353	125.821
1354	126.007
1355	126.194
1356	126.38
1357	126.566
1358	126.753
1359	126.94
1360	127.127
1361	127.314
1362	127.501
1363	127.688
1364	127.876
1365	128.063
1366	128.251
1367	128.439
1368	128.627
1369	128.815
1370	129.003
1371	129.191
1372	129.38
1373	129.569
1374	129.757
1375	129.946
1376	130.135
1377	130.325
1378	130.514
1379	130.704
1380	130.893
1381	131.083
1382	131.273
1383	131.463
1384	131.653
1385	131.843
1386	132.034
1387	132.224
1388	132.415
1389	132.606
1390	132.797
1391	132.988
1392	133.179
1393	133.371
1394	133.562
1395	133.754
1396	133.946
1397	134.138
1398	134.33
1399	134.522
1400	134.715
1401	134.907
1402	135.1
1403	135.293
1404	135.486
1405	135.679
1406	135.872
1407	136.065
1408	136.259
1409	136.452
1410	136.646
1411	136.84
1412	137.034
1413	137.228
1414	137.422
1415	137.617
1416	137.811
1417	138.006
1418	138.201
1419	138.396
1420	138.591
1421	138.786
1422	138.982
1423	139.177
1424	139.373
1425	139.569
1426	139.765
1427	139.961
1428	140.157
1429	140.353
1430	140.55
1431	140.747
1432	140.943
1433	141.14
1434	141.337
1435	141.535
1436	141.732
1437	141.929
1438	142.127
1439	142.325
1440	142.523
1441	142.721
1442	142.919
1443	143.117
1444	143.315
1445	143.514
1446	143.713
1447	143.912
1448	144.111
1449	144.31
1450	144.509
1451	144.708
1452	144.908
1453	145.108
1454	145.307
1455	145.507
1456	145.707
1457	145.908
1458	146.108
1459	146.308
1460	146.509
1461	146.71
1462	146.911
1463	147.112
1464	147.313
1465	147.514
1466	147.716
1467	147.917
1468	148.119
1469	148.321
1470	148.523
1471	148.725
1472	148.927
1473	149.13
1474	149.332
1475	149.535
1476	149.738
1477	149.941
1478	150.144
1479	150.347
1480	150.55
1481	150.754
1482	150.958
1483	151.161
1484	151.365
1485	151.569
1486	151.774
1487	151.978
1488	152.182
1489	152.387
1490	152.592
1491	152.797
1492	153.002
1493	153.207
1494	153.412
1495	153.618
1496	153.823
1497	154.029
1498	154.235
1499	154.441
1500	154.647
1501	154.853
1502	155.06
1503	155.266
1504	155.473
1505	155.68
1506	155.887
1507	156.094
1508	156.301
1509	156.508
1510	156.716
1511	156.923
1512	157.131
1513	157.339
1514	157.547
1515	157.755
1516	157.964
1517	158.172
1518	158.381
1519	158.589
1520	158.798
1521	159.007
1522	159.216
1523	159.426
1524	159.635
1525	159.845
1526	160.054
1527	160.264
1528	160.474
1529	160.684
1530	160.895
1531	161.105
1532	161.316
1533	161.526
1534	161.737
1535	161.948
1536	162.159
1537	162.37
1538	162.582
1539	162.793
1540	163.005
1541	163.216
1542	163.428
1543	163.64
1544	163.853
1545	164.065
1546	164.277
1547	164.49
1548	164.703
1549	164.916
1550	165.129
1551	165.342
1552	165.555
1553	165.768
1554	165.982
1555	166.196
1556	166.409
1557	166.623
1558	166.837
1559	167.052
1560	167.266
1561	167.481
1562	167.695
1563	167.91
1564	168.125
1565	168.34
1566	168.555
1567	168.771
1568	168.986
1569	169.202
1570	169.417
1571	169.633
1572	169.849
1573	170.065
1574	170.282
1575	170.498
1576	170.715
1577	170.932
1578	171.148
1579	171.365
1580	171.582
1581	171.8
1582	172.017
1583	172.235
1584	172.452
1585	172.67
1586	172.888
1587	173.106
1588	173.324
1589	173.543
1590	173.761
1591	173.98
1592	174.199
1593	174.418
1594	174.637
1595	174.856
1596	175.075
1597	175.295
1598	175.514
1599	175.734
1600	175.954
1601	176.174
1602	176.394
1603	176.614
1604	176.835
1605	177.055
1606	177.276
1607	177.497
1608	177.718
1609	177.939
1610	178.16
1611	178.382
1612	178.603
1613	178.825
1614	179.046
1615	179.268
1616	179.49
1617	179.713
1618	179.935
1619	180.158
1620	180.38
1621	180.603
1622	180.826
1623	181.049
1624	181.272
1625	181.495
1626	181.719
1627	181.942
1628	182.166
1629	182.39
1630	182.614
1631	182.838
1632	183.062
1633	183.287
1634	183.511
1635	183.736
1636	183.961
1637	184.186
1638	184.411
1639	184.636
1640	184.861
1641	185.087
1642	185.313
1643	185.538
1644	185.764
1645	185.99
1646	186.217
1647	186.443
1648	186.669
1649	186.896
1650	187.123
1651	187.35
1652	187.577
1653	187.804
1654	188.031
1655	188.259
1656	188.486
1657	188.714
1658	188.942
1659	189.17
1660	189.398
1661	189.626
1662	189.854
1663	190.083
1664	190.312
1665	190.54
1666	190.769
1667	190.998
1668	191.228
1669	191.457
1670	191.687
1671	191.916
1672	192.146
1673	192.376
1674	192.606
1675	192.836
1676	193.066
1677	193.297
1678	193.527
1679	193.758
1680	193.989
1681	194.22
1682	194.451
1683	194.683
1684	194.914
1685	195.146
1686	195.377
1687	195.609
1688	195.841
1689	196.073
1690	196.305
1691	196.538
1692	196.77
1693	197.003
1694	197.236
1695	197.469
1696	197.702
1697	197.935
1698	198.168
1699	198.402
1700	198.635
1701	198.869
1702	199.103
1703	199.337
1704	199.571
1705	199.806
1706	200.04
1707	200.275
1708	200.509
1709	200.744
1710	200.979
1711	201.214
1712	201.45
1713	201.685
1714	201.92
1715	202.156
1716	202.392
1717	202.628
1718	202.864
1719	203.1
1720	203.337
1721	203.573
1722	203.81
1723	204.047
1724	204.283
1725	204.521
1726	204.758
1727	204.995
1728	205.233
1729	205.47
1730	205.708
1731	205.946
1732	206.184
1733	206.422
1734	206.66
1735	206.899
1736	207.137
1737	207.376
1738	207.615
1739	207.854
1740	208.093
1741	208.332
1742	208.572
1743	208.811
1744	209.051
1745	209.291
1746	209.53
1747	209.771
1748	210.011
1749	210.251
1750	210.492
1751	210.732
1752	210.973
1753	211.214
1754	211.455
1755	211.696
1756	211.937
1757	212.179
1758	212.421
1759	212.662
1760	212.904
1761	213.146
1762	213.388
1763	213.631
1764	213.873
1765	214.116
1766	214.358
1767	214.601
1768	214.844
1769	215.087
1770	215.33
1771	215.574
1772	215.817
1773	216.061
1774	216.305
1775	216.549
1776	216.793
1777	217.037
1778	217.281
1779	217.526
1780	217.77
1781	218.015
1782	218.26
1783	218.505
1784	218.75
1785	218.995
1786	219.241
1787	219.487
1788	219.732
1789	219.978
1790	220.224
1791	220.47
1792	220.716
1793	220.963
1794	221.209
1795	221.456
1796	221.703
1797	221.95
1798	222.197
1799	222.444
1800	222.692
1801	222.939
1802	223.187
1803	223.434
1804	223.682
1805	223.93
1806	224.179
1807	224.427
1808	224.675
1809	224.924
1810	225.173
1811	225.422
1812	225.671
1813	225.92
1814	226.169
1815	226.419
1816	226.668
1817	226.918
1818	227.168
1819	227.418
1820	227.668
1821	227.918
1822	228.168
1823	228.419
1824	228.67
1825	228.92
1826	229.171
1827	229.422
1828	229.674
1829	229.925
1830	230.176
1831	230.428
1832	230.68
1833	230.932
1834	231.184
1835	231.436
1836	231.688
1837	231.941
1838	232.193
1839	232.446
1840	232.699
1841	232.952
1842	233.205
1843	233.458
1844	233.712
1845	233.965
1846	234.219
1847	234.473
1848	234.727
1849	234.981
1850	235.235
1851	235.49
1852	235.744
1853	235.999
1854	236.253
1855	236.508
1856	236.763
1857	237.019
1858	237.274
1859	237.529
1860	237.785
1861	238.041
1862	238.297
1863	238.553
1864	238.809
1865	239.065
1866	239.322
1867	239.578
1868	239.835
1869	240.092
1870	240.349
1871	240.606
1872	240.863
1873	241.121
1874	241.378
1875	241.636
1876	241.894
1877	242.152
1878	242.41
1879	242.668
1880	242.926
1881	243.185
1882	243.443
1883	243.702
1884	243.961
1885	244.22
1886	244.479
1887	244.739
1888	244.998
1889	245.258
1890	245.517
1891	245.777
1892	246.037
1893	246.297
1894	246.558
1895	246.818
1896	247.079
1897	247.339
1898	247.6
1899	247.861
1900	248.122
1901	248.384
1902	248.645
1903	248.907
1904	249.168
1905	249.43
1906	249.692
1907	249.954
1908	250.216
1909	250.479
1910	250.741
1911	251.004
1912	251.266
1913	251.529
1914	251.792
1915	252.056
1916	252.319
1917	252.582
1918	252.846
1919	253.11
1920	253.374
1921	253.638
1922	253.902
1923	254.166
1924	254.43
1925	254.695
1926	254.96
1927	255.224
1928	255.489
1929	255.754
1930	256.02
1931	256.285
1932	256.551
1933	256.816
1934	257.082
1935	257.348
1936	257.614
1937	257.88
1938	258.147
1939	258.413
1940	258.68
1941	258.946
1942	259.213
1943	259.48
1944	259.747
1945	260.015
1946	260.282
1947	260.55
1948	260.817
1949	261.085
1950	261.353
1951	261.621
1952	261.89
1953	262.158
1954	262.427
1955	262.695
1956	262.964
1957	263.233
1958	263.502
1959	263.771
1960	264.041
1961	264.31
1962	264.58
1963	264.85
1964	265.12
1965	265.39
1966	265.66
1967	265.93
1968	266.201
1969	266.471
1970	266.742
1971	267.013
1972	267.284
1973	267.555
1974	267.826
1975	268.098
1976	268.369
1977	268.641
1978	268.913
1979	269.185
1980	269.457
1981	269.729
1982	270.001
1983	270.274
1984	270.547
1985	270.819
1986	271.092
1987	271.365
1988	271.639
1989	271.912
1990	272.185
1991	272.459
1992	272.733
1993	273.007
1994	273.281
1995	273.555
1996	273.829
1997	274.104
1998	274.378
1999	274.653
2000	274.928
2001	275.203
2002	275.478
2003	275.753
2004	276.029
2005	276.304
2006	276.58
2007	276.856
2008	277.132
2009	277.408
2010	277.684
2011	277.96
2012	278.237
2013	278.514
2014	278.79
2015	279.067
2016	279.344
2017	279.621
2018	279.899
2019	280.176
2020	280.454
2021	280.732
2022	281.01
2023	281.288
2024	281.566
2025	281.844
2026	282.122
2027	282.401
2028	282.68
2029	282.959
2030	283.238
2031	283.517
2032	283.796
2033	284.075
2034	284.355
2035	284.635
2036	284.914
2037	285.194
2038	285.474
2039	285.755
2040	286.035
2041	286.315
2042	286.596
2043	286.877
2044	287.158
2045	287.439
2046	287.72
2047	288.001
2048	288.283
2049	288.564
2050	288.846
2051	289.128
2052	289.41
2053	289.692
2054	289.974
2055	290.257
2056	290.539
2057	290.822
2058	291.105
2059	291.388
2060	291.671
2061	291.954
2062	292.238
2063	292.521
2064	292.805
2065	293.089
2066	293.372
2067	293.657
2068	293.941
2069	294.225
2070	294.51
2071	294.794
2072	295.079
2073	295.364
2074	295.649
2075	295.934
2076	296.219
2077	296.505
2078	296.79
2079	297.076
2080	297.362
2081	297.648
2082	297.934
2083	298.22
2084	298.507
2085	298.793
2086	299.08
2087	299.367
2088	299.654
2089	299.941
2090	300.228
2091	300.515
2092	300.803
2093	301.091
2094	301.378
2095	301.666
2096	301.954
2097	302.243
2098	302.531
2099	302.819
2100	303.108
2101	303.397
2102	303.686
2103	303.975
2104	304.264
2105	304.553
2106	304.842
2107	305.132
2108	305.422
2109	305.712
2110	306.002
2111	306.292
2112	306.582
2113	306.872
2114	307.163
2115	307.454
2116	307.744
2117	308.035
2118	308.326
2119	308.618
2120	308.909
2121	309.2
2122	309.492
2123	309.784
2124	310.076
2125	310.368
2126	310.66
2127	310.952
2128	311.245
2129	311.537
2130	311.83
2131	312.123
2132	312.416
2133	312.709
2134	313.002
2135	313.296
2136	313.589
2137	313.883
2138	314.177
2139	314.471
2140	314.765
2141	315.059
2142	315.354
2143	315.648
2144	315.943
2145	316.237
2146	316.532
2147	316.827
2148	317.123
2149	317.418
2150	317.713
2151	318.009
2152	318.305
2153	318.601
2154	318.897
2155	319.193
2156	319.489
2157	319.786
2158	320.082
2159	320.379
2160	320.676
2161	320.973
2162	321.27
2163	321.567
2164	321.865
2165	322.162
2166	322.46
2167	322.758
2168	323.056
2169	323.354
2170	323.652
2171	323.95
2172	324.249
2173	324.547
2174	324.846
2175	325.145
2176	325.444
2177	325.743
2178	326.043
2179	326.342
2180	326.642
2181	326.942
2182	327.241
2183	327.541
2184	327.842
2185	328.142
2186	328.442
2187	328.743
2188	329.044
2189	329.344
2190	329.645
2191	329.946
2192	330.248
2193	330.549
2194	330.851
2195	331.152
2196	331.454
2197	331.756
2198	332.058
2199	332.36
2200	332.663
2201	332.965
2202	333.268
2203	333.571
2204	333.873
2205	334.177
2206	334.48
2207	334.783
2208	335.086
2209	335.39
2210	335.694
2211	335.998
2212	336.302
2213	336.606
2214	336.91
2215	337.214
2216	337.519
2217	337.824
2218	338.129
2219	338.433
2220	338.739
2221	339.044
2222	339.349
2223	339.655
2224	339.96
2225	340.266
2226	340.572
2227	340.878
2228	341.184
2229	341.491
2230	341.797
2231	342.104
2232	342.411
2233	342.717
2234	343.024
2235	343.332
2236	343.639
2237	343.946
2238	344.254
2239	344.562
2240	344.869
2241	345.177
2242	345.486
2243	345.794
2244	346.102
2245	346.411
2246	346.719
2247	347.028
2248	347.337
2249	347.646
2250	347.956
2251	348.265
2252	348.574
2253	348.884
2254	349.194
2255	349.504
2256	349.814
2257	350.124
2258	350.434
2259	350.745
2260	351.055
2261	351.366
2262	351.677
2263	351.988
2264	352.299
2265	352.61
2266	352.922
2267	353.233
2268	353.545
2269	353.857
2270	354.169
2271	354.481
2272	354.793
2273	355.106
2274	355.418
2275	355.731
2276	356.044
2277	356.357
2278	356.67
2279	356.983
2280	357.296
2281	357.61
2282	357.923
2283	358.237
2284	358.551
2285	358.865
2286	359.179
2287	359.494
2288	359.808
2289	360.123
2290	360.437
2291	360.752
2292	361.067
2293	361.382
2294	361.698
2295	362.013
2296	362.329
2297	362.644
2298	362.96
2299	363.276
2300	363.592
2301	363.908
2302	364.225
2303	364.541
2304	364.858
2305	365.175
2306	365.492
2307	365.809
2308	366.126
2309	366.443
2310	366.761
2311	367.078
2312	367.396
2313	367.714
2314	368.032
2315	368.35
2316	368.668
2317	368.987
2318	369.305
2319	369.624
2320	369.943
2321	370.262
2322	370.581
2323	370.9
2324	371.22
2325	371.539
2326	371.859
2327	372.179
2328	372.499
2329	372.819
2330	373.139
2331	373.459
2332	373.78
2333	374.1
2334	374.421
2335	374.742
2336	375.063
2337	375.384
2338	375.706
2339	376.027
2340	376.349
2341	376.67
2342	376.992
2343	377.314
2344	377.636
2345	377.959
2346	378.281
2347	378.604
2348	378.926
2349	379.249
2350	379.572
2351	379.895
2352	380.219
2353	380.542
2354	380.866
2355	381.189
2356	381.513
2357	381.837
2358	382.161
2359	382.485
2360	382.81
2361	383.134
2362	383.459
2363	383.783
2364	384.108
2365	384.433
2366	384.758
2367	385.084
2368	385.409
2369	385.735
2370	386.061
2371	386.386
2372	386.712
2373	387.039
2374	387.365
2375	387.691
2376	388.018
2377	388.344
2378	388.671
2379	388.998
2380	389.325
2381	389.653
2382	389.98
2383	390.307
2384	390.635
2385	390.963
2386	391.291
2387	391.619
2388	391.947
2389	392.275
2390	392.604
2391	392.932
2392	393.261
2393	393.59
2394	393.919
2395	394.248
2396	394.578
2397	394.907
2398	395.237
2399	395.566
2400	395.896
2401	396.226
2402	396.556
2403	396.886
2404	397.217
2405	397.547
2406	397.878
2407	398.209
2408	398.54
2409	398.871
2410	399.202
2411	399.533
2412	399.865
2413	400.197
2414	400.528
2415	400.86
2416	401.192
2417	401.524
2418	401.857
2419	402.189
2420	402.522
2421	402.855
2422	403.187
2423	403.52
2424	403.854
2425	404.187
2426	404.52
2427	404.854
2428	405.188
2429	405.521
2430	405.855
2431	406.189
2432	406.524
2433	406.858
2434	407.193
2435	407.527
2436	407.862
2437	408.197
2438	408.532
2439	408.867
2440	409.203
2441	409.538
2442	409.874
2443	410.209
2444	410.545
2445	410.881
2446	411.218
2447	411.554
2448	411.89
2449	412.227
2450	412.564
2451	412.9
2452	413.237
2453	413.575
2454	413.912
2455	414.249
2456	414.587
2457	414.924
2458	415.262
2459	415.6
2460	415.938
2461	416.277
2462	416.615
2463	416.953
2464	417.292
2465	417.631
2466	417.97
2467	418.309
2468	418.648
2469	418.987
2470	419.327
2471	419.666
2472	420.006
2473	420.346
2474	420.686
2475	421.026
2476	421.367
2477	421.707
2478	422.048
2479	422.388
2480	422.729
2481	423.07
2482	423.411
2483	423.752
2484	424.094
2485	424.435
2486	424.777
2487	425.119
2488	425.461
2489	425.803
2490	426.145
2491	426.487
2492	426.83
2493	427.173
2494	427.515
2495	427.858
2496	428.201
2497	428.544
2498	428.888
2499	429.231
2500	429.575
